 "ID, Uncertainty, " "Opinion1, " "Nei0, " "Nei1, " "Nei2, " "Nei3, " "Nei4, " "Nei5, " "Nei6, " "Nei7, " "Nei8, " "Nei9, " "Nei10, " "Nei11, " "Nei12, " "Nei13, " "Nei14, " "Nei15, " "Nei16, " "Nei17, " "Nei18, " "Nei19, " "Nei20, " "Nei21, " "Nei22, " "Nei23, " "Nei24, " "Nei25, " "Nei26, " "Nei27, " "Nei28, " "Nei29, " "Nei30, " "Nei31, " "Nei32, " "Nei33, " "Nei34, " "Nei35, " "Nei36, " "Nei37, " "Nei38, " "Nei39, " "Nei40, " "Nei41, " "Nei42, " "Nei43, " "Nei44, " "Nei45, " "Nei46, " "Nei47, " "Nei48, " "Nei49, " "Nei50, " "Nei51, " "Nei52, " "Nei53, " "Nei54, " "Nei55, " "Nei56, " "Nei57, " "Nei58, " "Nei59, " "Nei60, " "Nei61, " "Nei62, " "Nei63, " "Nei64, " "Nei65, " "Nei66, " "Nei67, " "Nei68, " "Nei69, " "Nei70, " "Nei71, " "Nei72, " "Nei73, " "Nei74, " "Nei75, " "Nei76, " "Nei77, " "Nei78, " "Nei79, " "Nei80, " "Nei81, " "Nei82, " "Nei83, " "Nei84, " "Nei85, " "Nei86, " "Nei87, " "Nei88, " "Nei89, " "Nei90, " "Nei91, " "Nei92, " "Nei93, " "Nei94, " "Nei95, " "Nei96, " "Nei97, " "Nei98, " "Nei99, " "Nei100, " "Nei101, " "Nei102, " "Nei103, " "Nei104, " "Nei105, " "Nei106, " "Nei107, " "Nei108, " "Nei109, " "Nei110, " "Nei111, " "Nei112, " "Nei113, " "Nei114, " "Nei115, " "Nei116, " "Nei117, " "Nei118, " "Nei119, " "Nei120, " "Nei121, " "Nei122, " "Nei123, " "Nei124, " "Nei125, " "Nei126, " "Nei127, " "Nei128, " "Nei129, " "Nei130, " "Nei131, " "Nei132, " "Nei133, " "Nei134, " "Nei135, " "Nei136, " "Nei137, " "Nei138, " "Nei139, " "Nei140, " "Nei141, " "Nei142, " "Nei143, " "Nei144, " "Nei145, " "Nei146, " "Nei147, " "Nei148, " "Nei149, " "Nei150, " "Nei151, " "Nei152, " "Nei153, " "Nei154, " "Nei155, " "Nei156, " "Nei157, " "Nei158, " "Nei159, " "Nei160, " "Nei161, " "Nei162, " "Nei163, " "Nei164, " "Nei165, " "Nei166, " "Nei167, " "Nei168, " "Nei169, " "Nei170, " "Nei171, " "Nei172, " "Nei173, " "Nei174, " "Nei175, " "Nei176, " "Nei177, " "Nei178, " "Nei179, " "Nei180, " "Nei181, " "Nei182, " "Nei183, " "Nei184, " "Nei185, " "Nei186, " "Nei187, " "Nei188, " "Nei189, " "Nei190, " "Nei191, " "Nei192, " "Nei193, " "Nei194, " "Nei195, " "Nei196, " "Nei197, " "Nei198, " "Nei199, " "Nei200, " "Nei201, " "Nei202, " "Nei203, " "Nei204, " "Nei205, " "Nei206, " "Nei207, " "Nei208, " "Nei209, " "Nei210, " "Nei211, " "Nei212, " "Nei213, " "Nei214, " "Nei215, " "Nei216, " "Nei217, " "Nei218, " "Nei219, " "Nei220, " "Nei221, " "Nei222, " "Nei223, " "Nei224, " "Nei225, " "Nei226, " "Nei227, " "Nei228, " "Nei229, " "Nei230, " "Nei231, " "Nei232, " "Nei233, " "Nei234, " "Nei235, " "Nei236, " "Nei237, " "Nei238, " "Nei239, " "Nei240, " "Nei241, " "Nei242, " "Nei243, " "Nei244, " "Nei245, " "Nei246, " "Nei247, " "Nei248, " "Nei249, " "Nei250, " "Nei251, " "Nei252, " "Nei253, " "Nei254, " "Nei255, " "Nei256, "Step
 "Nei0, 0.267, " "-0.321, " "0, " "1, " "1, " "1, " "1, " "1, " "1, " "1, " "1, " "1, " "1, " "1, " "1, " "1, " "1, " "1, " "1, " "1, " "1, " "1, " "1, " "1, " "1, " "1, " "1, " "1, " "1, " "1, " "1, " "1, " "1, " "1, " "1, " "1, " "1, " "1, " "1, " "1, " "1, " "1, " "1, " "1, " "1, " "1, " "1, " "1, " "1, " "1, " "1, " "1, " "1, " "1, " "1, " "1, " "1, " "1, " "1, " "1, " "1, " "1, " "1, " "1, " "1, " "1, " "1, " "1, " "1, " "1, " "1, " "1, " "1, " "1, " "1, " "1, " "1, " "1, " "1, " "1, " "1, " "1, " "1, " "1, " "1, " "1, " "1, " "1, " "1, " "1, " "1, " "1, " "1, " "1, " "1, " "1, " "1, " "1, " "1, " "1, " "1, " "1, " "1, " "1, " "1, " "1, " "1, " "1, " "1, " "1, " "1, " "1, " "1, " "1, " "1, " "1, " "1, " "1, " "1, " "1, " "1, " "1, " "1, " "1, " "1, " "1, " "1, " "1, " "1, " "1, " "1, " "1, " "1, " "1, " "1, " "1, " "1, " "1, " "1, " "1, " "1, " "1, " "1, " "1, " "1, " "1, " "1, " "1, " "1, " "1, " "1, " "1, " "1, " "1, " "1, " "1, " "1, " "1, " "1, " "1, " "1, " "1, " "1, " "1, " "1, " "1, " "1, " "1, " "1, " "1, " "1, " "1, " "1, " "1, " "1, " "1, " "1, " "1, " "1, " "1, " "1, " "1, " "1, " "1, " "1, " "1, " "1, " "1, " "1, " "1, " "1, " "1, " "1, " "1, " "1, " "1, " "1, " "1, " "1, " "1, " "1, " "1, " "1, " "1, " "1, " "1, " "1, " "1, " "1, " "1, " "1, " "1, " "1, " "1, " "1, " "1, " "1, " "1, " "1, " "1, " "1, " "1, " "1, " "1, " "1, " "1, " "1, " "1, " "1, " "1, " "1, " "1, " "1, " "1, " "1, " "1, " "1, " "1, " "1, " "1, " "1, " "1, " "1, " "1, " "1, " "1, " "1, " "1, " "1, " "1, " "1, " "1, " "1, " "1, " "1, " "1, " "1, " "1, " "1, "0
 "Nei1, 0.097, " "-0.596, " "1, " "0, " "1, " "1, " "1, " "1, " "1, " "1, " "1, " "1, " "1, " "1, " "1, " "1, " "1, " "1, " "1, " "1, " "1, " "1, " "1, " "1, " "1, " "1, " "1, " "1, " "1, " "1, " "1, " "1, " "1, " "1, " "1, " "1, " "1, " "1, " "1, " "1, " "1, " "1, " "1, " "1, " "1, " "1, " "1, " "1, " "1, " "1, " "1, " "1, " "1, " "1, " "1, " "1, " "1, " "1, " "1, " "1, " "1, " "1, " "1, " "1, " "1, " "1, " "1, " "1, " "1, " "1, " "1, " "1, " "1, " "1, " "1, " "1, " "1, " "1, " "1, " "1, " "1, " "1, " "1, " "1, " "1, " "1, " "1, " "1, " "1, " "1, " "1, " "1, " "1, " "1, " "1, " "1, " "1, " "1, " "1, " "1, " "1, " "1, " "1, " "1, " "1, " "1, " "1, " "1, " "1, " "1, " "1, " "1, " "1, " "1, " "1, " "1, " "1, " "1, " "1, " "1, " "1, " "1, " "1, " "1, " "1, " "1, " "1, " "1, " "1, " "1, " "1, " "1, " "1, " "1, " "1, " "1, " "1, " "1, " "1, " "1, " "1, " "1, " "1, " "1, " "1, " "1, " "1, " "1, " "1, " "1, " "1, " "1, " "1, " "1, " "1, " "1, " "1, " "1, " "1, " "1, " "1, " "1, " "1, " "1, " "1, " "1, " "1, " "1, " "1, " "1, " "1, " "1, " "1, " "1, " "1, " "1, " "1, " "1, " "1, " "1, " "1, " "1, " "1, " "1, " "1, " "1, " "1, " "1, " "1, " "1, " "1, " "1, " "1, " "1, " "1, " "1, " "1, " "1, " "1, " "1, " "1, " "1, " "1, " "1, " "1, " "1, " "1, " "1, " "1, " "1, " "1, " "1, " "1, " "1, " "1, " "1, " "1, " "1, " "1, " "1, " "1, " "1, " "1, " "1, " "1, " "1, " "1, " "1, " "1, " "1, " "1, " "1, " "1, " "1, " "1, " "1, " "1, " "1, " "1, " "1, " "1, " "1, " "1, " "1, " "1, " "1, " "1, " "1, " "1, " "1, " "1, " "1, " "1, " "1, " "1, " "1, " "1, " "1, " "1, "0
 "Nei2, 0.449, " "-0.39, " "1, " "1, " "0, " "1, " "1, " "1, " "1, " "1, " "1, " "1, " "1, " "1, " "1, " "1, " "1, " "1, " "1, " "1, " "1, " "1, " "1, " "1, " "1, " "1, " "1, " "1, " "1, " "1, " "1, " "1, " "1, " "1, " "1, " "1, " "1, " "1, " "1, " "1, " "1, " "1, " "1, " "1, " "1, " "1, " "1, " "1, " "1, " "1, " "1, " "1, " "1, " "1, " "1, " "1, " "1, " "1, " "1, " "1, " "1, " "1, " "1, " "1, " "1, " "1, " "1, " "1, " "1, " "1, " "1, " "1, " "1, " "1, " "1, " "1, " "1, " "1, " "1, " "1, " "1, " "1, " "1, " "1, " "1, " "1, " "1, " "1, " "1, " "1, " "1, " "1, " "1, " "1, " "1, " "1, " "1, " "1, " "1, " "1, " "1, " "1, " "1, " "1, " "1, " "1, " "1, " "1, " "1, " "1, " "1, " "1, " "1, " "1, " "1, " "1, " "1, " "1, " "1, " "1, " "1, " "1, " "1, " "1, " "1, " "1, " "1, " "1, " "1, " "1, " "1, " "1, " "1, " "1, " "1, " "1, " "1, " "1, " "1, " "1, " "1, " "1, " "1, " "1, " "1, " "1, " "1, " "1, " "1, " "1, " "1, " "1, " "1, " "1, " "1, " "1, " "1, " "1, " "1, " "1, " "1, " "1, " "1, " "1, " "1, " "1, " "1, " "1, " "1, " "1, " "1, " "1, " "1, " "1, " "1, " "1, " "1, " "1, " "1, " "1, " "1, " "1, " "1, " "1, " "1, " "1, " "1, " "1, " "1, " "1, " "1, " "1, " "1, " "1, " "1, " "1, " "1, " "1, " "1, " "1, " "1, " "1, " "1, " "1, " "1, " "1, " "1, " "1, " "1, " "1, " "1, " "1, " "1, " "1, " "1, " "1, " "1, " "1, " "1, " "1, " "1, " "1, " "1, " "1, " "1, " "1, " "1, " "1, " "1, " "1, " "1, " "1, " "1, " "1, " "1, " "1, " "1, " "1, " "1, " "1, " "1, " "1, " "1, " "1, " "1, " "1, " "1, " "1, " "1, " "1, " "1, " "1, " "1, " "1, " "1, " "1, " "1, " "1, " "1, "0
 "Nei3, 0.545, " "0.166, " "1, " "1, " "1, " "0, " "1, " "1, " "1, " "1, " "1, " "1, " "1, " "1, " "1, " "1, " "1, " "1, " "1, " "1, " "1, " "1, " "1, " "1, " "1, " "1, " "1, " "1, " "1, " "1, " "1, " "1, " "1, " "1, " "1, " "1, " "1, " "1, " "1, " "1, " "1, " "1, " "1, " "1, " "1, " "1, " "1, " "1, " "1, " "1, " "1, " "1, " "1, " "1, " "1, " "1, " "1, " "1, " "1, " "1, " "1, " "1, " "1, " "1, " "1, " "1, " "1, " "1, " "1, " "1, " "1, " "1, " "1, " "1, " "1, " "1, " "1, " "1, " "1, " "1, " "1, " "1, " "1, " "1, " "1, " "1, " "1, " "1, " "1, " "1, " "1, " "1, " "1, " "1, " "1, " "1, " "1, " "1, " "1, " "1, " "1, " "1, " "1, " "1, " "1, " "1, " "1, " "1, " "1, " "1, " "1, " "1, " "1, " "1, " "1, " "1, " "1, " "1, " "1, " "1, " "1, " "1, " "1, " "1, " "1, " "1, " "1, " "1, " "1, " "1, " "1, " "1, " "1, " "1, " "1, " "1, " "1, " "1, " "1, " "1, " "1, " "1, " "1, " "1, " "1, " "1, " "1, " "1, " "1, " "1, " "1, " "1, " "1, " "1, " "1, " "1, " "1, " "1, " "1, " "1, " "1, " "1, " "1, " "1, " "1, " "1, " "1, " "1, " "1, " "1, " "1, " "1, " "1, " "1, " "1, " "1, " "1, " "1, " "1, " "1, " "1, " "1, " "1, " "1, " "1, " "1, " "1, " "1, " "1, " "1, " "1, " "1, " "1, " "1, " "1, " "1, " "1, " "1, " "1, " "1, " "1, " "1, " "1, " "1, " "1, " "1, " "1, " "1, " "1, " "1, " "1, " "1, " "1, " "1, " "1, " "1, " "1, " "1, " "1, " "1, " "1, " "1, " "1, " "1, " "1, " "1, " "1, " "1, " "1, " "1, " "1, " "1, " "1, " "1, " "1, " "1, " "1, " "1, " "1, " "1, " "1, " "1, " "1, " "1, " "1, " "1, " "1, " "1, " "1, " "1, " "1, " "1, " "1, " "1, " "1, " "1, " "1, " "1, " "1, "0
 "Nei4, 0.363, " "-0.919, " "1, " "1, " "1, " "1, " "0, " "1, " "1, " "1, " "1, " "1, " "1, " "1, " "1, " "1, " "1, " "1, " "1, " "1, " "1, " "1, " "1, " "1, " "1, " "1, " "1, " "1, " "1, " "1, " "1, " "1, " "1, " "1, " "1, " "1, " "1, " "1, " "1, " "1, " "1, " "1, " "1, " "1, " "1, " "1, " "1, " "1, " "1, " "1, " "1, " "1, " "1, " "1, " "1, " "1, " "1, " "1, " "1, " "1, " "1, " "1, " "1, " "1, " "1, " "1, " "1, " "1, " "1, " "1, " "1, " "1, " "1, " "1, " "1, " "1, " "1, " "1, " "1, " "1, " "1, " "1, " "1, " "1, " "1, " "1, " "1, " "1, " "1, " "1, " "1, " "1, " "1, " "1, " "1, " "1, " "1, " "1, " "1, " "1, " "1, " "1, " "1, " "1, " "1, " "1, " "1, " "1, " "1, " "1, " "1, " "1, " "1, " "1, " "1, " "1, " "1, " "1, " "1, " "1, " "1, " "1, " "1, " "1, " "1, " "1, " "1, " "1, " "1, " "1, " "1, " "1, " "1, " "1, " "1, " "1, " "1, " "1, " "1, " "1, " "1, " "1, " "1, " "1, " "1, " "1, " "1, " "1, " "1, " "1, " "1, " "1, " "1, " "1, " "1, " "1, " "1, " "1, " "1, " "1, " "1, " "1, " "1, " "1, " "1, " "1, " "1, " "1, " "1, " "1, " "1, " "1, " "1, " "1, " "1, " "1, " "1, " "1, " "1, " "1, " "1, " "1, " "1, " "1, " "1, " "1, " "1, " "1, " "1, " "1, " "1, " "1, " "1, " "1, " "1, " "1, " "1, " "1, " "1, " "1, " "1, " "1, " "1, " "1, " "1, " "1, " "1, " "1, " "1, " "1, " "1, " "1, " "1, " "1, " "1, " "1, " "1, " "1, " "1, " "1, " "1, " "1, " "1, " "1, " "1, " "1, " "1, " "1, " "1, " "1, " "1, " "1, " "1, " "1, " "1, " "1, " "1, " "1, " "1, " "1, " "1, " "1, " "1, " "1, " "1, " "1, " "1, " "1, " "1, " "1, " "1, " "1, " "1, " "1, " "1, " "1, " "1, " "1, " "1, "0
 "Nei5, 0.254, " "0.036, " "1, " "1, " "1, " "1, " "1, " "0, " "1, " "1, " "1, " "1, " "1, " "1, " "1, " "1, " "1, " "1, " "1, " "1, " "1, " "1, " "1, " "1, " "1, " "1, " "1, " "1, " "1, " "1, " "1, " "1, " "1, " "1, " "1, " "1, " "1, " "1, " "1, " "1, " "1, " "1, " "1, " "1, " "1, " "1, " "1, " "1, " "1, " "1, " "1, " "1, " "1, " "1, " "1, " "1, " "1, " "1, " "1, " "1, " "1, " "1, " "1, " "1, " "1, " "1, " "1, " "1, " "1, " "1, " "1, " "1, " "1, " "1, " "1, " "1, " "1, " "1, " "1, " "1, " "1, " "1, " "1, " "1, " "1, " "1, " "1, " "1, " "1, " "1, " "1, " "1, " "1, " "1, " "1, " "1, " "1, " "1, " "1, " "1, " "1, " "1, " "1, " "1, " "1, " "1, " "1, " "1, " "1, " "1, " "1, " "1, " "1, " "1, " "1, " "1, " "1, " "1, " "1, " "1, " "1, " "1, " "1, " "1, " "1, " "1, " "1, " "1, " "1, " "1, " "1, " "1, " "1, " "1, " "1, " "1, " "1, " "1, " "1, " "1, " "1, " "1, " "1, " "1, " "1, " "1, " "1, " "1, " "1, " "1, " "1, " "1, " "1, " "1, " "1, " "1, " "1, " "1, " "1, " "1, " "1, " "1, " "1, " "1, " "1, " "1, " "1, " "1, " "1, " "1, " "1, " "1, " "1, " "1, " "1, " "1, " "1, " "1, " "1, " "1, " "1, " "1, " "1, " "1, " "1, " "1, " "1, " "1, " "1, " "1, " "1, " "1, " "1, " "1, " "1, " "1, " "1, " "1, " "1, " "1, " "1, " "1, " "1, " "1, " "1, " "1, " "1, " "1, " "1, " "1, " "1, " "1, " "1, " "1, " "1, " "1, " "1, " "1, " "1, " "1, " "1, " "1, " "1, " "1, " "1, " "1, " "1, " "1, " "1, " "1, " "1, " "1, " "1, " "1, " "1, " "1, " "1, " "1, " "1, " "1, " "1, " "1, " "1, " "1, " "1, " "1, " "1, " "1, " "1, " "1, " "1, " "1, " "1, " "1, " "1, " "1, " "1, " "1, " "1, "0
 "Nei6, 0.203, " "0.354, " "1, " "1, " "1, " "1, " "1, " "1, " "0, " "1, " "1, " "1, " "1, " "1, " "1, " "1, " "1, " "1, " "1, " "1, " "1, " "1, " "1, " "1, " "1, " "1, " "1, " "1, " "1, " "1, " "1, " "1, " "1, " "1, " "1, " "1, " "1, " "1, " "1, " "1, " "1, " "1, " "1, " "1, " "1, " "1, " "1, " "1, " "1, " "1, " "1, " "1, " "1, " "1, " "1, " "1, " "1, " "1, " "1, " "1, " "1, " "1, " "1, " "1, " "1, " "1, " "1, " "1, " "1, " "1, " "1, " "1, " "1, " "1, " "1, " "1, " "1, " "1, " "1, " "1, " "1, " "1, " "1, " "1, " "1, " "1, " "1, " "1, " "1, " "1, " "1, " "1, " "1, " "1, " "1, " "1, " "1, " "1, " "1, " "1, " "1, " "1, " "1, " "1, " "1, " "1, " "1, " "1, " "1, " "1, " "1, " "1, " "1, " "1, " "1, " "1, " "1, " "1, " "1, " "1, " "1, " "1, " "1, " "1, " "1, " "1, " "1, " "1, " "1, " "1, " "1, " "1, " "1, " "1, " "1, " "1, " "1, " "1, " "1, " "1, " "1, " "1, " "1, " "1, " "1, " "1, " "1, " "1, " "1, " "1, " "1, " "1, " "1, " "1, " "1, " "1, " "1, " "1, " "1, " "1, " "1, " "1, " "1, " "1, " "1, " "1, " "1, " "1, " "1, " "1, " "1, " "1, " "1, " "1, " "1, " "1, " "1, " "1, " "1, " "1, " "1, " "1, " "1, " "1, " "1, " "1, " "1, " "1, " "1, " "1, " "1, " "1, " "1, " "1, " "1, " "1, " "1, " "1, " "1, " "1, " "1, " "1, " "1, " "1, " "1, " "1, " "1, " "1, " "1, " "1, " "1, " "1, " "1, " "1, " "1, " "1, " "1, " "1, " "1, " "1, " "1, " "1, " "1, " "1, " "1, " "1, " "1, " "1, " "1, " "1, " "1, " "1, " "1, " "1, " "1, " "1, " "1, " "1, " "1, " "1, " "1, " "1, " "1, " "1, " "1, " "1, " "1, " "1, " "1, " "1, " "1, " "1, " "1, " "1, " "1, " "1, " "1, " "1, " "1, "0
 "Nei7, 0.112, " "-0.899, " "1, " "1, " "1, " "1, " "1, " "1, " "1, " "0, " "1, " "1, " "1, " "1, " "1, " "1, " "1, " "1, " "1, " "1, " "1, " "1, " "1, " "1, " "1, " "1, " "1, " "1, " "1, " "1, " "1, " "1, " "1, " "1, " "1, " "1, " "1, " "1, " "1, " "1, " "1, " "1, " "1, " "1, " "1, " "1, " "1, " "1, " "1, " "1, " "1, " "1, " "1, " "1, " "1, " "1, " "1, " "1, " "1, " "1, " "1, " "1, " "1, " "1, " "1, " "1, " "1, " "1, " "1, " "1, " "1, " "1, " "1, " "1, " "1, " "1, " "1, " "1, " "1, " "1, " "1, " "1, " "1, " "1, " "1, " "1, " "1, " "1, " "1, " "1, " "1, " "1, " "1, " "1, " "1, " "1, " "1, " "1, " "1, " "1, " "1, " "1, " "1, " "1, " "1, " "1, " "1, " "1, " "1, " "1, " "1, " "1, " "1, " "1, " "1, " "1, " "1, " "1, " "1, " "1, " "1, " "1, " "1, " "1, " "1, " "1, " "1, " "1, " "1, " "1, " "1, " "1, " "1, " "1, " "1, " "1, " "1, " "1, " "1, " "1, " "1, " "1, " "1, " "1, " "1, " "1, " "1, " "1, " "1, " "1, " "1, " "1, " "1, " "1, " "1, " "1, " "1, " "1, " "1, " "1, " "1, " "1, " "1, " "1, " "1, " "1, " "1, " "1, " "1, " "1, " "1, " "1, " "1, " "1, " "1, " "1, " "1, " "1, " "1, " "1, " "1, " "1, " "1, " "1, " "1, " "1, " "1, " "1, " "1, " "1, " "1, " "1, " "1, " "1, " "1, " "1, " "1, " "1, " "1, " "1, " "1, " "1, " "1, " "1, " "1, " "1, " "1, " "1, " "1, " "1, " "1, " "1, " "1, " "1, " "1, " "1, " "1, " "1, " "1, " "1, " "1, " "1, " "1, " "1, " "1, " "1, " "1, " "1, " "1, " "1, " "1, " "1, " "1, " "1, " "1, " "1, " "1, " "1, " "1, " "1, " "1, " "1, " "1, " "1, " "1, " "1, " "1, " "1, " "1, " "1, " "1, " "1, " "1, " "1, " "1, " "1, " "1, " "1, " "1, "0
 "Nei8, 0.47, " "0.303, " "1, " "1, " "1, " "1, " "1, " "1, " "1, " "1, " "0, " "1, " "1, " "1, " "1, " "1, " "1, " "1, " "1, " "1, " "1, " "1, " "1, " "1, " "1, " "1, " "1, " "1, " "1, " "1, " "1, " "1, " "1, " "1, " "1, " "1, " "1, " "1, " "1, " "1, " "1, " "1, " "1, " "1, " "1, " "1, " "1, " "1, " "1, " "1, " "1, " "1, " "1, " "1, " "1, " "1, " "1, " "1, " "1, " "1, " "1, " "1, " "1, " "1, " "1, " "1, " "1, " "1, " "1, " "1, " "1, " "1, " "1, " "1, " "1, " "1, " "1, " "1, " "1, " "1, " "1, " "1, " "1, " "1, " "1, " "1, " "1, " "1, " "1, " "1, " "1, " "1, " "1, " "1, " "1, " "1, " "1, " "1, " "1, " "1, " "1, " "1, " "1, " "1, " "1, " "1, " "1, " "1, " "1, " "1, " "1, " "1, " "1, " "1, " "1, " "1, " "1, " "1, " "1, " "1, " "1, " "1, " "1, " "1, " "1, " "1, " "1, " "1, " "1, " "1, " "1, " "1, " "1, " "1, " "1, " "1, " "1, " "1, " "1, " "1, " "1, " "1, " "1, " "1, " "1, " "1, " "1, " "1, " "1, " "1, " "1, " "1, " "1, " "1, " "1, " "1, " "1, " "1, " "1, " "1, " "1, " "1, " "1, " "1, " "1, " "1, " "1, " "1, " "1, " "1, " "1, " "1, " "1, " "1, " "1, " "1, " "1, " "1, " "1, " "1, " "1, " "1, " "1, " "1, " "1, " "1, " "1, " "1, " "1, " "1, " "1, " "1, " "1, " "1, " "1, " "1, " "1, " "1, " "1, " "1, " "1, " "1, " "1, " "1, " "1, " "1, " "1, " "1, " "1, " "1, " "1, " "1, " "1, " "1, " "1, " "1, " "1, " "1, " "1, " "1, " "1, " "1, " "1, " "1, " "1, " "1, " "1, " "1, " "1, " "1, " "1, " "1, " "1, " "1, " "1, " "1, " "1, " "1, " "1, " "1, " "1, " "1, " "1, " "1, " "1, " "1, " "1, " "1, " "1, " "1, " "1, " "1, " "1, " "1, " "1, " "1, " "1, " "1, " "1, "0
 "Nei9, 0.309, " "-0.626, " "1, " "1, " "1, " "1, " "1, " "1, " "1, " "1, " "1, " "0, " "1, " "1, " "1, " "1, " "1, " "1, " "1, " "1, " "1, " "1, " "1, " "1, " "1, " "1, " "1, " "1, " "1, " "1, " "1, " "1, " "1, " "1, " "1, " "1, " "1, " "1, " "1, " "1, " "1, " "1, " "1, " "1, " "1, " "1, " "1, " "1, " "1, " "1, " "1, " "1, " "1, " "1, " "1, " "1, " "1, " "1, " "1, " "1, " "1, " "1, " "1, " "1, " "1, " "1, " "1, " "1, " "1, " "1, " "1, " "1, " "1, " "1, " "1, " "1, " "1, " "1, " "1, " "1, " "1, " "1, " "1, " "1, " "1, " "1, " "1, " "1, " "1, " "1, " "1, " "1, " "1, " "1, " "1, " "1, " "1, " "1, " "1, " "1, " "1, " "1, " "1, " "1, " "1, " "1, " "1, " "1, " "1, " "1, " "1, " "1, " "1, " "1, " "1, " "1, " "1, " "1, " "1, " "1, " "1, " "1, " "1, " "1, " "1, " "1, " "1, " "1, " "1, " "1, " "1, " "1, " "1, " "1, " "1, " "1, " "1, " "1, " "1, " "1, " "1, " "1, " "1, " "1, " "1, " "1, " "1, " "1, " "1, " "1, " "1, " "1, " "1, " "1, " "1, " "1, " "1, " "1, " "1, " "1, " "1, " "1, " "1, " "1, " "1, " "1, " "1, " "1, " "1, " "1, " "1, " "1, " "1, " "1, " "1, " "1, " "1, " "1, " "1, " "1, " "1, " "1, " "1, " "1, " "1, " "1, " "1, " "1, " "1, " "1, " "1, " "1, " "1, " "1, " "1, " "1, " "1, " "1, " "1, " "1, " "1, " "1, " "1, " "1, " "1, " "1, " "1, " "1, " "1, " "1, " "1, " "1, " "1, " "1, " "1, " "1, " "1, " "1, " "1, " "1, " "1, " "1, " "1, " "1, " "1, " "1, " "1, " "1, " "1, " "1, " "1, " "1, " "1, " "1, " "1, " "1, " "1, " "1, " "1, " "1, " "1, " "1, " "1, " "1, " "1, " "1, " "1, " "1, " "1, " "1, " "1, " "1, " "1, " "1, " "1, " "1, " "1, " "1, " "1, "0
 "Nei10, 0.48, " "-0.408, " "1, " "1, " "1, " "1, " "1, " "1, " "1, " "1, " "1, " "1, " "0, " "1, " "1, " "1, " "1, " "1, " "1, " "1, " "1, " "1, " "1, " "1, " "1, " "1, " "1, " "1, " "1, " "1, " "1, " "1, " "1, " "1, " "1, " "1, " "1, " "1, " "1, " "1, " "1, " "1, " "1, " "1, " "1, " "1, " "1, " "1, " "1, " "1, " "1, " "1, " "1, " "1, " "1, " "1, " "1, " "1, " "1, " "1, " "1, " "1, " "1, " "1, " "1, " "1, " "1, " "1, " "1, " "1, " "1, " "1, " "1, " "1, " "1, " "1, " "1, " "1, " "1, " "1, " "1, " "1, " "1, " "1, " "1, " "1, " "1, " "1, " "1, " "1, " "1, " "1, " "1, " "1, " "1, " "1, " "1, " "1, " "1, " "1, " "1, " "1, " "1, " "1, " "1, " "1, " "1, " "1, " "1, " "1, " "1, " "1, " "1, " "1, " "1, " "1, " "1, " "1, " "1, " "1, " "1, " "1, " "1, " "1, " "1, " "1, " "1, " "1, " "1, " "1, " "1, " "1, " "1, " "1, " "1, " "1, " "1, " "1, " "1, " "1, " "1, " "1, " "1, " "1, " "1, " "1, " "1, " "1, " "1, " "1, " "1, " "1, " "1, " "1, " "1, " "1, " "1, " "1, " "1, " "1, " "1, " "1, " "1, " "1, " "1, " "1, " "1, " "1, " "1, " "1, " "1, " "1, " "1, " "1, " "1, " "1, " "1, " "1, " "1, " "1, " "1, " "1, " "1, " "1, " "1, " "1, " "1, " "1, " "1, " "1, " "1, " "1, " "1, " "1, " "1, " "1, " "1, " "1, " "1, " "1, " "1, " "1, " "1, " "1, " "1, " "1, " "1, " "1, " "1, " "1, " "1, " "1, " "1, " "1, " "1, " "1, " "1, " "1, " "1, " "1, " "1, " "1, " "1, " "1, " "1, " "1, " "1, " "1, " "1, " "1, " "1, " "1, " "1, " "1, " "1, " "1, " "1, " "1, " "1, " "1, " "1, " "1, " "1, " "1, " "1, " "1, " "1, " "1, " "1, " "1, " "1, " "1, " "1, " "1, " "1, " "1, " "1, " "1, " "1, "0
 "Nei11, 0.538, " "-0.517, " "1, " "1, " "1, " "1, " "1, " "1, " "1, " "1, " "1, " "1, " "1, " "0, " "1, " "1, " "1, " "1, " "1, " "1, " "1, " "1, " "1, " "1, " "1, " "1, " "1, " "1, " "1, " "1, " "1, " "1, " "1, " "1, " "1, " "1, " "1, " "1, " "1, " "1, " "1, " "1, " "1, " "1, " "1, " "1, " "1, " "1, " "1, " "1, " "1, " "1, " "1, " "1, " "1, " "1, " "1, " "1, " "1, " "1, " "1, " "1, " "1, " "1, " "1, " "1, " "1, " "1, " "1, " "1, " "1, " "1, " "1, " "1, " "1, " "1, " "1, " "1, " "1, " "1, " "1, " "1, " "1, " "1, " "1, " "1, " "1, " "1, " "1, " "1, " "1, " "1, " "1, " "1, " "1, " "1, " "1, " "1, " "1, " "1, " "1, " "1, " "1, " "1, " "1, " "1, " "1, " "1, " "1, " "1, " "1, " "1, " "1, " "1, " "1, " "1, " "1, " "1, " "1, " "1, " "1, " "1, " "1, " "1, " "1, " "1, " "1, " "1, " "1, " "1, " "1, " "1, " "1, " "1, " "1, " "1, " "1, " "1, " "1, " "1, " "1, " "1, " "1, " "1, " "1, " "1, " "1, " "1, " "1, " "1, " "1, " "1, " "1, " "1, " "1, " "1, " "1, " "1, " "1, " "1, " "1, " "1, " "1, " "1, " "1, " "1, " "1, " "1, " "1, " "1, " "1, " "1, " "1, " "1, " "1, " "1, " "1, " "1, " "1, " "1, " "1, " "1, " "1, " "1, " "1, " "1, " "1, " "1, " "1, " "1, " "1, " "1, " "1, " "1, " "1, " "1, " "1, " "1, " "1, " "1, " "1, " "1, " "1, " "1, " "1, " "1, " "1, " "1, " "1, " "1, " "1, " "1, " "1, " "1, " "1, " "1, " "1, " "1, " "1, " "1, " "1, " "1, " "1, " "1, " "1, " "1, " "1, " "1, " "1, " "1, " "1, " "1, " "1, " "1, " "1, " "1, " "1, " "1, " "1, " "1, " "1, " "1, " "1, " "1, " "1, " "1, " "1, " "1, " "1, " "1, " "1, " "1, " "1, " "1, " "1, " "1, " "1, " "1, " "1, "0
 "Nei12, 0.061, " "0.212, " "1, " "1, " "1, " "1, " "1, " "1, " "1, " "1, " "1, " "1, " "1, " "1, " "0, " "1, " "1, " "1, " "1, " "1, " "1, " "1, " "1, " "1, " "1, " "1, " "1, " "1, " "1, " "1, " "1, " "1, " "1, " "1, " "1, " "1, " "1, " "1, " "1, " "1, " "1, " "1, " "1, " "1, " "1, " "1, " "1, " "1, " "1, " "1, " "1, " "1, " "1, " "1, " "1, " "1, " "1, " "1, " "1, " "1, " "1, " "1, " "1, " "1, " "1, " "1, " "1, " "1, " "1, " "1, " "1, " "1, " "1, " "1, " "1, " "1, " "1, " "1, " "1, " "1, " "1, " "1, " "1, " "1, " "1, " "1, " "1, " "1, " "1, " "1, " "1, " "1, " "1, " "1, " "1, " "1, " "1, " "1, " "1, " "1, " "1, " "1, " "1, " "1, " "1, " "1, " "1, " "1, " "1, " "1, " "1, " "1, " "1, " "1, " "1, " "1, " "1, " "1, " "1, " "1, " "1, " "1, " "1, " "1, " "1, " "1, " "1, " "1, " "1, " "1, " "1, " "1, " "1, " "1, " "1, " "1, " "1, " "1, " "1, " "1, " "1, " "1, " "1, " "1, " "1, " "1, " "1, " "1, " "1, " "1, " "1, " "1, " "1, " "1, " "1, " "1, " "1, " "1, " "1, " "1, " "1, " "1, " "1, " "1, " "1, " "1, " "1, " "1, " "1, " "1, " "1, " "1, " "1, " "1, " "1, " "1, " "1, " "1, " "1, " "1, " "1, " "1, " "1, " "1, " "1, " "1, " "1, " "1, " "1, " "1, " "1, " "1, " "1, " "1, " "1, " "1, " "1, " "1, " "1, " "1, " "1, " "1, " "1, " "1, " "1, " "1, " "1, " "1, " "1, " "1, " "1, " "1, " "1, " "1, " "1, " "1, " "1, " "1, " "1, " "1, " "1, " "1, " "1, " "1, " "1, " "1, " "1, " "1, " "1, " "1, " "1, " "1, " "1, " "1, " "1, " "1, " "1, " "1, " "1, " "1, " "1, " "1, " "1, " "1, " "1, " "1, " "1, " "1, " "1, " "1, " "1, " "1, " "1, " "1, " "1, " "1, " "1, " "1, " "1, "0
 "Nei13, 0.404, " "0.408, " "1, " "1, " "1, " "1, " "1, " "1, " "1, " "1, " "1, " "1, " "1, " "1, " "1, " "0, " "1, " "1, " "1, " "1, " "1, " "1, " "1, " "1, " "1, " "1, " "1, " "1, " "1, " "1, " "1, " "1, " "1, " "1, " "1, " "1, " "1, " "1, " "1, " "1, " "1, " "1, " "1, " "1, " "1, " "1, " "1, " "1, " "1, " "1, " "1, " "1, " "1, " "1, " "1, " "1, " "1, " "1, " "1, " "1, " "1, " "1, " "1, " "1, " "1, " "1, " "1, " "1, " "1, " "1, " "1, " "1, " "1, " "1, " "1, " "1, " "1, " "1, " "1, " "1, " "1, " "1, " "1, " "1, " "1, " "1, " "1, " "1, " "1, " "1, " "1, " "1, " "1, " "1, " "1, " "1, " "1, " "1, " "1, " "1, " "1, " "1, " "1, " "1, " "1, " "1, " "1, " "1, " "1, " "1, " "1, " "1, " "1, " "1, " "1, " "1, " "1, " "1, " "1, " "1, " "1, " "1, " "1, " "1, " "1, " "1, " "1, " "1, " "1, " "1, " "1, " "1, " "1, " "1, " "1, " "1, " "1, " "1, " "1, " "1, " "1, " "1, " "1, " "1, " "1, " "1, " "1, " "1, " "1, " "1, " "1, " "1, " "1, " "1, " "1, " "1, " "1, " "1, " "1, " "1, " "1, " "1, " "1, " "1, " "1, " "1, " "1, " "1, " "1, " "1, " "1, " "1, " "1, " "1, " "1, " "1, " "1, " "1, " "1, " "1, " "1, " "1, " "1, " "1, " "1, " "1, " "1, " "1, " "1, " "1, " "1, " "1, " "1, " "1, " "1, " "1, " "1, " "1, " "1, " "1, " "1, " "1, " "1, " "1, " "1, " "1, " "1, " "1, " "1, " "1, " "1, " "1, " "1, " "1, " "1, " "1, " "1, " "1, " "1, " "1, " "1, " "1, " "1, " "1, " "1, " "1, " "1, " "1, " "1, " "1, " "1, " "1, " "1, " "1, " "1, " "1, " "1, " "1, " "1, " "1, " "1, " "1, " "1, " "1, " "1, " "1, " "1, " "1, " "1, " "1, " "1, " "1, " "1, " "1, " "1, " "1, " "1, " "1, " "1, "0
 "Nei14, 0.081, " "0.502, " "1, " "1, " "1, " "1, " "1, " "1, " "1, " "1, " "1, " "1, " "1, " "1, " "1, " "1, " "0, " "1, " "1, " "1, " "1, " "1, " "1, " "1, " "1, " "1, " "1, " "1, " "1, " "1, " "1, " "1, " "1, " "1, " "1, " "1, " "1, " "1, " "1, " "1, " "1, " "1, " "1, " "1, " "1, " "1, " "1, " "1, " "1, " "1, " "1, " "1, " "1, " "1, " "1, " "1, " "1, " "1, " "1, " "1, " "1, " "1, " "1, " "1, " "1, " "1, " "1, " "1, " "1, " "1, " "1, " "1, " "1, " "1, " "1, " "1, " "1, " "1, " "1, " "1, " "1, " "1, " "1, " "1, " "1, " "1, " "1, " "1, " "1, " "1, " "1, " "1, " "1, " "1, " "1, " "1, " "1, " "1, " "1, " "1, " "1, " "1, " "1, " "1, " "1, " "1, " "1, " "1, " "1, " "1, " "1, " "1, " "1, " "1, " "1, " "1, " "1, " "1, " "1, " "1, " "1, " "1, " "1, " "1, " "1, " "1, " "1, " "1, " "1, " "1, " "1, " "1, " "1, " "1, " "1, " "1, " "1, " "1, " "1, " "1, " "1, " "1, " "1, " "1, " "1, " "1, " "1, " "1, " "1, " "1, " "1, " "1, " "1, " "1, " "1, " "1, " "1, " "1, " "1, " "1, " "1, " "1, " "1, " "1, " "1, " "1, " "1, " "1, " "1, " "1, " "1, " "1, " "1, " "1, " "1, " "1, " "1, " "1, " "1, " "1, " "1, " "1, " "1, " "1, " "1, " "1, " "1, " "1, " "1, " "1, " "1, " "1, " "1, " "1, " "1, " "1, " "1, " "1, " "1, " "1, " "1, " "1, " "1, " "1, " "1, " "1, " "1, " "1, " "1, " "1, " "1, " "1, " "1, " "1, " "1, " "1, " "1, " "1, " "1, " "1, " "1, " "1, " "1, " "1, " "1, " "1, " "1, " "1, " "1, " "1, " "1, " "1, " "1, " "1, " "1, " "1, " "1, " "1, " "1, " "1, " "1, " "1, " "1, " "1, " "1, " "1, " "1, " "1, " "1, " "1, " "1, " "1, " "1, " "1, " "1, " "1, " "1, " "1, " "1, "0
 "Nei15, 0.033, " "0.571, " "1, " "1, " "1, " "1, " "1, " "1, " "1, " "1, " "1, " "1, " "1, " "1, " "1, " "1, " "1, " "0, " "1, " "1, " "1, " "1, " "1, " "1, " "1, " "1, " "1, " "1, " "1, " "1, " "1, " "1, " "1, " "1, " "1, " "1, " "1, " "1, " "1, " "1, " "1, " "1, " "1, " "1, " "1, " "1, " "1, " "1, " "1, " "1, " "1, " "1, " "1, " "1, " "1, " "1, " "1, " "1, " "1, " "1, " "1, " "1, " "1, " "1, " "1, " "1, " "1, " "1, " "1, " "1, " "1, " "1, " "1, " "1, " "1, " "1, " "1, " "1, " "1, " "1, " "1, " "1, " "1, " "1, " "1, " "1, " "1, " "1, " "1, " "1, " "1, " "1, " "1, " "1, " "1, " "1, " "1, " "1, " "1, " "1, " "1, " "1, " "1, " "1, " "1, " "1, " "1, " "1, " "1, " "1, " "1, " "1, " "1, " "1, " "1, " "1, " "1, " "1, " "1, " "1, " "1, " "1, " "1, " "1, " "1, " "1, " "1, " "1, " "1, " "1, " "1, " "1, " "1, " "1, " "1, " "1, " "1, " "1, " "1, " "1, " "1, " "1, " "1, " "1, " "1, " "1, " "1, " "1, " "1, " "1, " "1, " "1, " "1, " "1, " "1, " "1, " "1, " "1, " "1, " "1, " "1, " "1, " "1, " "1, " "1, " "1, " "1, " "1, " "1, " "1, " "1, " "1, " "1, " "1, " "1, " "1, " "1, " "1, " "1, " "1, " "1, " "1, " "1, " "1, " "1, " "1, " "1, " "1, " "1, " "1, " "1, " "1, " "1, " "1, " "1, " "1, " "1, " "1, " "1, " "1, " "1, " "1, " "1, " "1, " "1, " "1, " "1, " "1, " "1, " "1, " "1, " "1, " "1, " "1, " "1, " "1, " "1, " "1, " "1, " "1, " "1, " "1, " "1, " "1, " "1, " "1, " "1, " "1, " "1, " "1, " "1, " "1, " "1, " "1, " "1, " "1, " "1, " "1, " "1, " "1, " "1, " "1, " "1, " "1, " "1, " "1, " "1, " "1, " "1, " "1, " "1, " "1, " "1, " "1, " "1, " "1, " "1, " "1, " "1, "0
 "Nei16, 0.576, " "-0.543, " "1, " "1, " "1, " "1, " "1, " "1, " "1, " "1, " "1, " "1, " "1, " "1, " "1, " "1, " "1, " "1, " "0, " "1, " "1, " "1, " "1, " "1, " "1, " "1, " "1, " "1, " "1, " "1, " "1, " "1, " "1, " "1, " "1, " "1, " "1, " "1, " "1, " "1, " "1, " "1, " "1, " "1, " "1, " "1, " "1, " "1, " "1, " "1, " "1, " "1, " "1, " "1, " "1, " "1, " "1, " "1, " "1, " "1, " "1, " "1, " "1, " "1, " "1, " "1, " "1, " "1, " "1, " "1, " "1, " "1, " "1, " "1, " "1, " "1, " "1, " "1, " "1, " "1, " "1, " "1, " "1, " "1, " "1, " "1, " "1, " "1, " "1, " "1, " "1, " "1, " "1, " "1, " "1, " "1, " "1, " "1, " "1, " "1, " "1, " "1, " "1, " "1, " "1, " "1, " "1, " "1, " "1, " "1, " "1, " "1, " "1, " "1, " "1, " "1, " "1, " "1, " "1, " "1, " "1, " "1, " "1, " "1, " "1, " "1, " "1, " "1, " "1, " "1, " "1, " "1, " "1, " "1, " "1, " "1, " "1, " "1, " "1, " "1, " "1, " "1, " "1, " "1, " "1, " "1, " "1, " "1, " "1, " "1, " "1, " "1, " "1, " "1, " "1, " "1, " "1, " "1, " "1, " "1, " "1, " "1, " "1, " "1, " "1, " "1, " "1, " "1, " "1, " "1, " "1, " "1, " "1, " "1, " "1, " "1, " "1, " "1, " "1, " "1, " "1, " "1, " "1, " "1, " "1, " "1, " "1, " "1, " "1, " "1, " "1, " "1, " "1, " "1, " "1, " "1, " "1, " "1, " "1, " "1, " "1, " "1, " "1, " "1, " "1, " "1, " "1, " "1, " "1, " "1, " "1, " "1, " "1, " "1, " "1, " "1, " "1, " "1, " "1, " "1, " "1, " "1, " "1, " "1, " "1, " "1, " "1, " "1, " "1, " "1, " "1, " "1, " "1, " "1, " "1, " "1, " "1, " "1, " "1, " "1, " "1, " "1, " "1, " "1, " "1, " "1, " "1, " "1, " "1, " "1, " "1, " "1, " "1, " "1, " "1, " "1, " "1, " "1, " "1, "0
 "Nei17, 0.407, " "0.813, " "1, " "1, " "1, " "1, " "1, " "1, " "1, " "1, " "1, " "1, " "1, " "1, " "1, " "1, " "1, " "1, " "1, " "0, " "1, " "1, " "1, " "1, " "1, " "1, " "1, " "1, " "1, " "1, " "1, " "1, " "1, " "1, " "1, " "1, " "1, " "1, " "1, " "1, " "1, " "1, " "1, " "1, " "1, " "1, " "1, " "1, " "1, " "1, " "1, " "1, " "1, " "1, " "1, " "1, " "1, " "1, " "1, " "1, " "1, " "1, " "1, " "1, " "1, " "1, " "1, " "1, " "1, " "1, " "1, " "1, " "1, " "1, " "1, " "1, " "1, " "1, " "1, " "1, " "1, " "1, " "1, " "1, " "1, " "1, " "1, " "1, " "1, " "1, " "1, " "1, " "1, " "1, " "1, " "1, " "1, " "1, " "1, " "1, " "1, " "1, " "1, " "1, " "1, " "1, " "1, " "1, " "1, " "1, " "1, " "1, " "1, " "1, " "1, " "1, " "1, " "1, " "1, " "1, " "1, " "1, " "1, " "1, " "1, " "1, " "1, " "1, " "1, " "1, " "1, " "1, " "1, " "1, " "1, " "1, " "1, " "1, " "1, " "1, " "1, " "1, " "1, " "1, " "1, " "1, " "1, " "1, " "1, " "1, " "1, " "1, " "1, " "1, " "1, " "1, " "1, " "1, " "1, " "1, " "1, " "1, " "1, " "1, " "1, " "1, " "1, " "1, " "1, " "1, " "1, " "1, " "1, " "1, " "1, " "1, " "1, " "1, " "1, " "1, " "1, " "1, " "1, " "1, " "1, " "1, " "1, " "1, " "1, " "1, " "1, " "1, " "1, " "1, " "1, " "1, " "1, " "1, " "1, " "1, " "1, " "1, " "1, " "1, " "1, " "1, " "1, " "1, " "1, " "1, " "1, " "1, " "1, " "1, " "1, " "1, " "1, " "1, " "1, " "1, " "1, " "1, " "1, " "1, " "1, " "1, " "1, " "1, " "1, " "1, " "1, " "1, " "1, " "1, " "1, " "1, " "1, " "1, " "1, " "1, " "1, " "1, " "1, " "1, " "1, " "1, " "1, " "1, " "1, " "1, " "1, " "1, " "1, " "1, " "1, " "1, " "1, " "1, " "1, "0
 "Nei18, 0.43, " "0.415, " "1, " "1, " "1, " "1, " "1, " "1, " "1, " "1, " "1, " "1, " "1, " "1, " "1, " "1, " "1, " "1, " "1, " "1, " "0, " "1, " "1, " "1, " "1, " "1, " "1, " "1, " "1, " "1, " "1, " "1, " "1, " "1, " "1, " "1, " "1, " "1, " "1, " "1, " "1, " "1, " "1, " "1, " "1, " "1, " "1, " "1, " "1, " "1, " "1, " "1, " "1, " "1, " "1, " "1, " "1, " "1, " "1, " "1, " "1, " "1, " "1, " "1, " "1, " "1, " "1, " "1, " "1, " "1, " "1, " "1, " "1, " "1, " "1, " "1, " "1, " "1, " "1, " "1, " "1, " "1, " "1, " "1, " "1, " "1, " "1, " "1, " "1, " "1, " "1, " "1, " "1, " "1, " "1, " "1, " "1, " "1, " "1, " "1, " "1, " "1, " "1, " "1, " "1, " "1, " "1, " "1, " "1, " "1, " "1, " "1, " "1, " "1, " "1, " "1, " "1, " "1, " "1, " "1, " "1, " "1, " "1, " "1, " "1, " "1, " "1, " "1, " "1, " "1, " "1, " "1, " "1, " "1, " "1, " "1, " "1, " "1, " "1, " "1, " "1, " "1, " "1, " "1, " "1, " "1, " "1, " "1, " "1, " "1, " "1, " "1, " "1, " "1, " "1, " "1, " "1, " "1, " "1, " "1, " "1, " "1, " "1, " "1, " "1, " "1, " "1, " "1, " "1, " "1, " "1, " "1, " "1, " "1, " "1, " "1, " "1, " "1, " "1, " "1, " "1, " "1, " "1, " "1, " "1, " "1, " "1, " "1, " "1, " "1, " "1, " "1, " "1, " "1, " "1, " "1, " "1, " "1, " "1, " "1, " "1, " "1, " "1, " "1, " "1, " "1, " "1, " "1, " "1, " "1, " "1, " "1, " "1, " "1, " "1, " "1, " "1, " "1, " "1, " "1, " "1, " "1, " "1, " "1, " "1, " "1, " "1, " "1, " "1, " "1, " "1, " "1, " "1, " "1, " "1, " "1, " "1, " "1, " "1, " "1, " "1, " "1, " "1, " "1, " "1, " "1, " "1, " "1, " "1, " "1, " "1, " "1, " "1, " "1, " "1, " "1, " "1, " "1, " "1, "0
 "Nei19, 0.319, " "0.657, " "1, " "1, " "1, " "1, " "1, " "1, " "1, " "1, " "1, " "1, " "1, " "1, " "1, " "1, " "1, " "1, " "1, " "1, " "1, " "0, " "1, " "1, " "1, " "1, " "1, " "1, " "1, " "1, " "1, " "1, " "1, " "1, " "1, " "1, " "1, " "1, " "1, " "1, " "1, " "1, " "1, " "1, " "1, " "1, " "1, " "1, " "1, " "1, " "1, " "1, " "1, " "1, " "1, " "1, " "1, " "1, " "1, " "1, " "1, " "1, " "1, " "1, " "1, " "1, " "1, " "1, " "1, " "1, " "1, " "1, " "1, " "1, " "1, " "1, " "1, " "1, " "1, " "1, " "1, " "1, " "1, " "1, " "1, " "1, " "1, " "1, " "1, " "1, " "1, " "1, " "1, " "1, " "1, " "1, " "1, " "1, " "1, " "1, " "1, " "1, " "1, " "1, " "1, " "1, " "1, " "1, " "1, " "1, " "1, " "1, " "1, " "1, " "1, " "1, " "1, " "1, " "1, " "1, " "1, " "1, " "1, " "1, " "1, " "1, " "1, " "1, " "1, " "1, " "1, " "1, " "1, " "1, " "1, " "1, " "1, " "1, " "1, " "1, " "1, " "1, " "1, " "1, " "1, " "1, " "1, " "1, " "1, " "1, " "1, " "1, " "1, " "1, " "1, " "1, " "1, " "1, " "1, " "1, " "1, " "1, " "1, " "1, " "1, " "1, " "1, " "1, " "1, " "1, " "1, " "1, " "1, " "1, " "1, " "1, " "1, " "1, " "1, " "1, " "1, " "1, " "1, " "1, " "1, " "1, " "1, " "1, " "1, " "1, " "1, " "1, " "1, " "1, " "1, " "1, " "1, " "1, " "1, " "1, " "1, " "1, " "1, " "1, " "1, " "1, " "1, " "1, " "1, " "1, " "1, " "1, " "1, " "1, " "1, " "1, " "1, " "1, " "1, " "1, " "1, " "1, " "1, " "1, " "1, " "1, " "1, " "1, " "1, " "1, " "1, " "1, " "1, " "1, " "1, " "1, " "1, " "1, " "1, " "1, " "1, " "1, " "1, " "1, " "1, " "1, " "1, " "1, " "1, " "1, " "1, " "1, " "1, " "1, " "1, " "1, " "1, " "1, " "1, "0
 "Nei20, 0.381, " "0.586, " "1, " "1, " "1, " "1, " "1, " "1, " "1, " "1, " "1, " "1, " "1, " "1, " "1, " "1, " "1, " "1, " "1, " "1, " "1, " "1, " "0, " "1, " "1, " "1, " "1, " "1, " "1, " "1, " "1, " "1, " "1, " "1, " "1, " "1, " "1, " "1, " "1, " "1, " "1, " "1, " "1, " "1, " "1, " "1, " "1, " "1, " "1, " "1, " "1, " "1, " "1, " "1, " "1, " "1, " "1, " "1, " "1, " "1, " "1, " "1, " "1, " "1, " "1, " "1, " "1, " "1, " "1, " "1, " "1, " "1, " "1, " "1, " "1, " "1, " "1, " "1, " "1, " "1, " "1, " "1, " "1, " "1, " "1, " "1, " "1, " "1, " "1, " "1, " "1, " "1, " "1, " "1, " "1, " "1, " "1, " "1, " "1, " "1, " "1, " "1, " "1, " "1, " "1, " "1, " "1, " "1, " "1, " "1, " "1, " "1, " "1, " "1, " "1, " "1, " "1, " "1, " "1, " "1, " "1, " "1, " "1, " "1, " "1, " "1, " "1, " "1, " "1, " "1, " "1, " "1, " "1, " "1, " "1, " "1, " "1, " "1, " "1, " "1, " "1, " "1, " "1, " "1, " "1, " "1, " "1, " "1, " "1, " "1, " "1, " "1, " "1, " "1, " "1, " "1, " "1, " "1, " "1, " "1, " "1, " "1, " "1, " "1, " "1, " "1, " "1, " "1, " "1, " "1, " "1, " "1, " "1, " "1, " "1, " "1, " "1, " "1, " "1, " "1, " "1, " "1, " "1, " "1, " "1, " "1, " "1, " "1, " "1, " "1, " "1, " "1, " "1, " "1, " "1, " "1, " "1, " "1, " "1, " "1, " "1, " "1, " "1, " "1, " "1, " "1, " "1, " "1, " "1, " "1, " "1, " "1, " "1, " "1, " "1, " "1, " "1, " "1, " "1, " "1, " "1, " "1, " "1, " "1, " "1, " "1, " "1, " "1, " "1, " "1, " "1, " "1, " "1, " "1, " "1, " "1, " "1, " "1, " "1, " "1, " "1, " "1, " "1, " "1, " "1, " "1, " "1, " "1, " "1, " "1, " "1, " "1, " "1, " "1, " "1, " "1, " "1, " "1, " "1, "0
 "Nei21, 0.258, " "0.868, " "1, " "1, " "1, " "1, " "1, " "1, " "1, " "1, " "1, " "1, " "1, " "1, " "1, " "1, " "1, " "1, " "1, " "1, " "1, " "1, " "1, " "0, " "1, " "1, " "1, " "1, " "1, " "1, " "1, " "1, " "1, " "1, " "1, " "1, " "1, " "1, " "1, " "1, " "1, " "1, " "1, " "1, " "1, " "1, " "1, " "1, " "1, " "1, " "1, " "1, " "1, " "1, " "1, " "1, " "1, " "1, " "1, " "1, " "1, " "1, " "1, " "1, " "1, " "1, " "1, " "1, " "1, " "1, " "1, " "1, " "1, " "1, " "1, " "1, " "1, " "1, " "1, " "1, " "1, " "1, " "1, " "1, " "1, " "1, " "1, " "1, " "1, " "1, " "1, " "1, " "1, " "1, " "1, " "1, " "1, " "1, " "1, " "1, " "1, " "1, " "1, " "1, " "1, " "1, " "1, " "1, " "1, " "1, " "1, " "1, " "1, " "1, " "1, " "1, " "1, " "1, " "1, " "1, " "1, " "1, " "1, " "1, " "1, " "1, " "1, " "1, " "1, " "1, " "1, " "1, " "1, " "1, " "1, " "1, " "1, " "1, " "1, " "1, " "1, " "1, " "1, " "1, " "1, " "1, " "1, " "1, " "1, " "1, " "1, " "1, " "1, " "1, " "1, " "1, " "1, " "1, " "1, " "1, " "1, " "1, " "1, " "1, " "1, " "1, " "1, " "1, " "1, " "1, " "1, " "1, " "1, " "1, " "1, " "1, " "1, " "1, " "1, " "1, " "1, " "1, " "1, " "1, " "1, " "1, " "1, " "1, " "1, " "1, " "1, " "1, " "1, " "1, " "1, " "1, " "1, " "1, " "1, " "1, " "1, " "1, " "1, " "1, " "1, " "1, " "1, " "1, " "1, " "1, " "1, " "1, " "1, " "1, " "1, " "1, " "1, " "1, " "1, " "1, " "1, " "1, " "1, " "1, " "1, " "1, " "1, " "1, " "1, " "1, " "1, " "1, " "1, " "1, " "1, " "1, " "1, " "1, " "1, " "1, " "1, " "1, " "1, " "1, " "1, " "1, " "1, " "1, " "1, " "1, " "1, " "1, " "1, " "1, " "1, " "1, " "1, " "1, " "1, "0
 "Nei22, 0.333, " "0.755, " "1, " "1, " "1, " "1, " "1, " "1, " "1, " "1, " "1, " "1, " "1, " "1, " "1, " "1, " "1, " "1, " "1, " "1, " "1, " "1, " "1, " "1, " "0, " "1, " "1, " "1, " "1, " "1, " "1, " "1, " "1, " "1, " "1, " "1, " "1, " "1, " "1, " "1, " "1, " "1, " "1, " "1, " "1, " "1, " "1, " "1, " "1, " "1, " "1, " "1, " "1, " "1, " "1, " "1, " "1, " "1, " "1, " "1, " "1, " "1, " "1, " "1, " "1, " "1, " "1, " "1, " "1, " "1, " "1, " "1, " "1, " "1, " "1, " "1, " "1, " "1, " "1, " "1, " "1, " "1, " "1, " "1, " "1, " "1, " "1, " "1, " "1, " "1, " "1, " "1, " "1, " "1, " "1, " "1, " "1, " "1, " "1, " "1, " "1, " "1, " "1, " "1, " "1, " "1, " "1, " "1, " "1, " "1, " "1, " "1, " "1, " "1, " "1, " "1, " "1, " "1, " "1, " "1, " "1, " "1, " "1, " "1, " "1, " "1, " "1, " "1, " "1, " "1, " "1, " "1, " "1, " "1, " "1, " "1, " "1, " "1, " "1, " "1, " "1, " "1, " "1, " "1, " "1, " "1, " "1, " "1, " "1, " "1, " "1, " "1, " "1, " "1, " "1, " "1, " "1, " "1, " "1, " "1, " "1, " "1, " "1, " "1, " "1, " "1, " "1, " "1, " "1, " "1, " "1, " "1, " "1, " "1, " "1, " "1, " "1, " "1, " "1, " "1, " "1, " "1, " "1, " "1, " "1, " "1, " "1, " "1, " "1, " "1, " "1, " "1, " "1, " "1, " "1, " "1, " "1, " "1, " "1, " "1, " "1, " "1, " "1, " "1, " "1, " "1, " "1, " "1, " "1, " "1, " "1, " "1, " "1, " "1, " "1, " "1, " "1, " "1, " "1, " "1, " "1, " "1, " "1, " "1, " "1, " "1, " "1, " "1, " "1, " "1, " "1, " "1, " "1, " "1, " "1, " "1, " "1, " "1, " "1, " "1, " "1, " "1, " "1, " "1, " "1, " "1, " "1, " "1, " "1, " "1, " "1, " "1, " "1, " "1, " "1, " "1, " "1, " "1, " "1, "0
 "Nei23, 0.483, " "-0.843, " "1, " "1, " "1, " "1, " "1, " "1, " "1, " "1, " "1, " "1, " "1, " "1, " "1, " "1, " "1, " "1, " "1, " "1, " "1, " "1, " "1, " "1, " "1, " "0, " "1, " "1, " "1, " "1, " "1, " "1, " "1, " "1, " "1, " "1, " "1, " "1, " "1, " "1, " "1, " "1, " "1, " "1, " "1, " "1, " "1, " "1, " "1, " "1, " "1, " "1, " "1, " "1, " "1, " "1, " "1, " "1, " "1, " "1, " "1, " "1, " "1, " "1, " "1, " "1, " "1, " "1, " "1, " "1, " "1, " "1, " "1, " "1, " "1, " "1, " "1, " "1, " "1, " "1, " "1, " "1, " "1, " "1, " "1, " "1, " "1, " "1, " "1, " "1, " "1, " "1, " "1, " "1, " "1, " "1, " "1, " "1, " "1, " "1, " "1, " "1, " "1, " "1, " "1, " "1, " "1, " "1, " "1, " "1, " "1, " "1, " "1, " "1, " "1, " "1, " "1, " "1, " "1, " "1, " "1, " "1, " "1, " "1, " "1, " "1, " "1, " "1, " "1, " "1, " "1, " "1, " "1, " "1, " "1, " "1, " "1, " "1, " "1, " "1, " "1, " "1, " "1, " "1, " "1, " "1, " "1, " "1, " "1, " "1, " "1, " "1, " "1, " "1, " "1, " "1, " "1, " "1, " "1, " "1, " "1, " "1, " "1, " "1, " "1, " "1, " "1, " "1, " "1, " "1, " "1, " "1, " "1, " "1, " "1, " "1, " "1, " "1, " "1, " "1, " "1, " "1, " "1, " "1, " "1, " "1, " "1, " "1, " "1, " "1, " "1, " "1, " "1, " "1, " "1, " "1, " "1, " "1, " "1, " "1, " "1, " "1, " "1, " "1, " "1, " "1, " "1, " "1, " "1, " "1, " "1, " "1, " "1, " "1, " "1, " "1, " "1, " "1, " "1, " "1, " "1, " "1, " "1, " "1, " "1, " "1, " "1, " "1, " "1, " "1, " "1, " "1, " "1, " "1, " "1, " "1, " "1, " "1, " "1, " "1, " "1, " "1, " "1, " "1, " "1, " "1, " "1, " "1, " "1, " "1, " "1, " "1, " "1, " "1, " "1, " "1, " "1, " "1, " "1, "0
 "Nei24, 0.004, " "-0.695, " "1, " "1, " "1, " "1, " "1, " "1, " "1, " "1, " "1, " "1, " "1, " "1, " "1, " "1, " "1, " "1, " "1, " "1, " "1, " "1, " "1, " "1, " "1, " "1, " "0, " "1, " "1, " "1, " "1, " "1, " "1, " "1, " "1, " "1, " "1, " "1, " "1, " "1, " "1, " "1, " "1, " "1, " "1, " "1, " "1, " "1, " "1, " "1, " "1, " "1, " "1, " "1, " "1, " "1, " "1, " "1, " "1, " "1, " "1, " "1, " "1, " "1, " "1, " "1, " "1, " "1, " "1, " "1, " "1, " "1, " "1, " "1, " "1, " "1, " "1, " "1, " "1, " "1, " "1, " "1, " "1, " "1, " "1, " "1, " "1, " "1, " "1, " "1, " "1, " "1, " "1, " "1, " "1, " "1, " "1, " "1, " "1, " "1, " "1, " "1, " "1, " "1, " "1, " "1, " "1, " "1, " "1, " "1, " "1, " "1, " "1, " "1, " "1, " "1, " "1, " "1, " "1, " "1, " "1, " "1, " "1, " "1, " "1, " "1, " "1, " "1, " "1, " "1, " "1, " "1, " "1, " "1, " "1, " "1, " "1, " "1, " "1, " "1, " "1, " "1, " "1, " "1, " "1, " "1, " "1, " "1, " "1, " "1, " "1, " "1, " "1, " "1, " "1, " "1, " "1, " "1, " "1, " "1, " "1, " "1, " "1, " "1, " "1, " "1, " "1, " "1, " "1, " "1, " "1, " "1, " "1, " "1, " "1, " "1, " "1, " "1, " "1, " "1, " "1, " "1, " "1, " "1, " "1, " "1, " "1, " "1, " "1, " "1, " "1, " "1, " "1, " "1, " "1, " "1, " "1, " "1, " "1, " "1, " "1, " "1, " "1, " "1, " "1, " "1, " "1, " "1, " "1, " "1, " "1, " "1, " "1, " "1, " "1, " "1, " "1, " "1, " "1, " "1, " "1, " "1, " "1, " "1, " "1, " "1, " "1, " "1, " "1, " "1, " "1, " "1, " "1, " "1, " "1, " "1, " "1, " "1, " "1, " "1, " "1, " "1, " "1, " "1, " "1, " "1, " "1, " "1, " "1, " "1, " "1, " "1, " "1, " "1, " "1, " "1, " "1, " "1, " "1, "0
 "Nei25, 0.563, " "0.975, " "1, " "1, " "1, " "1, " "1, " "1, " "1, " "1, " "1, " "1, " "1, " "1, " "1, " "1, " "1, " "1, " "1, " "1, " "1, " "1, " "1, " "1, " "1, " "1, " "1, " "0, " "1, " "1, " "1, " "1, " "1, " "1, " "1, " "1, " "1, " "1, " "1, " "1, " "1, " "1, " "1, " "1, " "1, " "1, " "1, " "1, " "1, " "1, " "1, " "1, " "1, " "1, " "1, " "1, " "1, " "1, " "1, " "1, " "1, " "1, " "1, " "1, " "1, " "1, " "1, " "1, " "1, " "1, " "1, " "1, " "1, " "1, " "1, " "1, " "1, " "1, " "1, " "1, " "1, " "1, " "1, " "1, " "1, " "1, " "1, " "1, " "1, " "1, " "1, " "1, " "1, " "1, " "1, " "1, " "1, " "1, " "1, " "1, " "1, " "1, " "1, " "1, " "1, " "1, " "1, " "1, " "1, " "1, " "1, " "1, " "1, " "1, " "1, " "1, " "1, " "1, " "1, " "1, " "1, " "1, " "1, " "1, " "1, " "1, " "1, " "1, " "1, " "1, " "1, " "1, " "1, " "1, " "1, " "1, " "1, " "1, " "1, " "1, " "1, " "1, " "1, " "1, " "1, " "1, " "1, " "1, " "1, " "1, " "1, " "1, " "1, " "1, " "1, " "1, " "1, " "1, " "1, " "1, " "1, " "1, " "1, " "1, " "1, " "1, " "1, " "1, " "1, " "1, " "1, " "1, " "1, " "1, " "1, " "1, " "1, " "1, " "1, " "1, " "1, " "1, " "1, " "1, " "1, " "1, " "1, " "1, " "1, " "1, " "1, " "1, " "1, " "1, " "1, " "1, " "1, " "1, " "1, " "1, " "1, " "1, " "1, " "1, " "1, " "1, " "1, " "1, " "1, " "1, " "1, " "1, " "1, " "1, " "1, " "1, " "1, " "1, " "1, " "1, " "1, " "1, " "1, " "1, " "1, " "1, " "1, " "1, " "1, " "1, " "1, " "1, " "1, " "1, " "1, " "1, " "1, " "1, " "1, " "1, " "1, " "1, " "1, " "1, " "1, " "1, " "1, " "1, " "1, " "1, " "1, " "1, " "1, " "1, " "1, " "1, " "1, " "1, " "1, "0
 "Nei26, 0.251, " "0.67, " "1, " "1, " "1, " "1, " "1, " "1, " "1, " "1, " "1, " "1, " "1, " "1, " "1, " "1, " "1, " "1, " "1, " "1, " "1, " "1, " "1, " "1, " "1, " "1, " "1, " "1, " "0, " "1, " "1, " "1, " "1, " "1, " "1, " "1, " "1, " "1, " "1, " "1, " "1, " "1, " "1, " "1, " "1, " "1, " "1, " "1, " "1, " "1, " "1, " "1, " "1, " "1, " "1, " "1, " "1, " "1, " "1, " "1, " "1, " "1, " "1, " "1, " "1, " "1, " "1, " "1, " "1, " "1, " "1, " "1, " "1, " "1, " "1, " "1, " "1, " "1, " "1, " "1, " "1, " "1, " "1, " "1, " "1, " "1, " "1, " "1, " "1, " "1, " "1, " "1, " "1, " "1, " "1, " "1, " "1, " "1, " "1, " "1, " "1, " "1, " "1, " "1, " "1, " "1, " "1, " "1, " "1, " "1, " "1, " "1, " "1, " "1, " "1, " "1, " "1, " "1, " "1, " "1, " "1, " "1, " "1, " "1, " "1, " "1, " "1, " "1, " "1, " "1, " "1, " "1, " "1, " "1, " "1, " "1, " "1, " "1, " "1, " "1, " "1, " "1, " "1, " "1, " "1, " "1, " "1, " "1, " "1, " "1, " "1, " "1, " "1, " "1, " "1, " "1, " "1, " "1, " "1, " "1, " "1, " "1, " "1, " "1, " "1, " "1, " "1, " "1, " "1, " "1, " "1, " "1, " "1, " "1, " "1, " "1, " "1, " "1, " "1, " "1, " "1, " "1, " "1, " "1, " "1, " "1, " "1, " "1, " "1, " "1, " "1, " "1, " "1, " "1, " "1, " "1, " "1, " "1, " "1, " "1, " "1, " "1, " "1, " "1, " "1, " "1, " "1, " "1, " "1, " "1, " "1, " "1, " "1, " "1, " "1, " "1, " "1, " "1, " "1, " "1, " "1, " "1, " "1, " "1, " "1, " "1, " "1, " "1, " "1, " "1, " "1, " "1, " "1, " "1, " "1, " "1, " "1, " "1, " "1, " "1, " "1, " "1, " "1, " "1, " "1, " "1, " "1, " "1, " "1, " "1, " "1, " "1, " "1, " "1, " "1, " "1, " "1, " "1, " "1, "0
 "Nei27, 0.03, " "0.302, " "1, " "1, " "1, " "1, " "1, " "1, " "1, " "1, " "1, " "1, " "1, " "1, " "1, " "1, " "1, " "1, " "1, " "1, " "1, " "1, " "1, " "1, " "1, " "1, " "1, " "1, " "1, " "0, " "1, " "1, " "1, " "1, " "1, " "1, " "1, " "1, " "1, " "1, " "1, " "1, " "1, " "1, " "1, " "1, " "1, " "1, " "1, " "1, " "1, " "1, " "1, " "1, " "1, " "1, " "1, " "1, " "1, " "1, " "1, " "1, " "1, " "1, " "1, " "1, " "1, " "1, " "1, " "1, " "1, " "1, " "1, " "1, " "1, " "1, " "1, " "1, " "1, " "1, " "1, " "1, " "1, " "1, " "1, " "1, " "1, " "1, " "1, " "1, " "1, " "1, " "1, " "1, " "1, " "1, " "1, " "1, " "1, " "1, " "1, " "1, " "1, " "1, " "1, " "1, " "1, " "1, " "1, " "1, " "1, " "1, " "1, " "1, " "1, " "1, " "1, " "1, " "1, " "1, " "1, " "1, " "1, " "1, " "1, " "1, " "1, " "1, " "1, " "1, " "1, " "1, " "1, " "1, " "1, " "1, " "1, " "1, " "1, " "1, " "1, " "1, " "1, " "1, " "1, " "1, " "1, " "1, " "1, " "1, " "1, " "1, " "1, " "1, " "1, " "1, " "1, " "1, " "1, " "1, " "1, " "1, " "1, " "1, " "1, " "1, " "1, " "1, " "1, " "1, " "1, " "1, " "1, " "1, " "1, " "1, " "1, " "1, " "1, " "1, " "1, " "1, " "1, " "1, " "1, " "1, " "1, " "1, " "1, " "1, " "1, " "1, " "1, " "1, " "1, " "1, " "1, " "1, " "1, " "1, " "1, " "1, " "1, " "1, " "1, " "1, " "1, " "1, " "1, " "1, " "1, " "1, " "1, " "1, " "1, " "1, " "1, " "1, " "1, " "1, " "1, " "1, " "1, " "1, " "1, " "1, " "1, " "1, " "1, " "1, " "1, " "1, " "1, " "1, " "1, " "1, " "1, " "1, " "1, " "1, " "1, " "1, " "1, " "1, " "1, " "1, " "1, " "1, " "1, " "1, " "1, " "1, " "1, " "1, " "1, " "1, " "1, " "1, " "1, "0
 "Nei28, 0.466, " "-0.567, " "1, " "1, " "1, " "1, " "1, " "1, " "1, " "1, " "1, " "1, " "1, " "1, " "1, " "1, " "1, " "1, " "1, " "1, " "1, " "1, " "1, " "1, " "1, " "1, " "1, " "1, " "1, " "1, " "0, " "1, " "1, " "1, " "1, " "1, " "1, " "1, " "1, " "1, " "1, " "1, " "1, " "1, " "1, " "1, " "1, " "1, " "1, " "1, " "1, " "1, " "1, " "1, " "1, " "1, " "1, " "1, " "1, " "1, " "1, " "1, " "1, " "1, " "1, " "1, " "1, " "1, " "1, " "1, " "1, " "1, " "1, " "1, " "1, " "1, " "1, " "1, " "1, " "1, " "1, " "1, " "1, " "1, " "1, " "1, " "1, " "1, " "1, " "1, " "1, " "1, " "1, " "1, " "1, " "1, " "1, " "1, " "1, " "1, " "1, " "1, " "1, " "1, " "1, " "1, " "1, " "1, " "1, " "1, " "1, " "1, " "1, " "1, " "1, " "1, " "1, " "1, " "1, " "1, " "1, " "1, " "1, " "1, " "1, " "1, " "1, " "1, " "1, " "1, " "1, " "1, " "1, " "1, " "1, " "1, " "1, " "1, " "1, " "1, " "1, " "1, " "1, " "1, " "1, " "1, " "1, " "1, " "1, " "1, " "1, " "1, " "1, " "1, " "1, " "1, " "1, " "1, " "1, " "1, " "1, " "1, " "1, " "1, " "1, " "1, " "1, " "1, " "1, " "1, " "1, " "1, " "1, " "1, " "1, " "1, " "1, " "1, " "1, " "1, " "1, " "1, " "1, " "1, " "1, " "1, " "1, " "1, " "1, " "1, " "1, " "1, " "1, " "1, " "1, " "1, " "1, " "1, " "1, " "1, " "1, " "1, " "1, " "1, " "1, " "1, " "1, " "1, " "1, " "1, " "1, " "1, " "1, " "1, " "1, " "1, " "1, " "1, " "1, " "1, " "1, " "1, " "1, " "1, " "1, " "1, " "1, " "1, " "1, " "1, " "1, " "1, " "1, " "1, " "1, " "1, " "1, " "1, " "1, " "1, " "1, " "1, " "1, " "1, " "1, " "1, " "1, " "1, " "1, " "1, " "1, " "1, " "1, " "1, " "1, " "1, " "1, " "1, " "1, "0
 "Nei29, 0.077, " "-0.77, " "1, " "1, " "1, " "1, " "1, " "1, " "1, " "1, " "1, " "1, " "1, " "1, " "1, " "1, " "1, " "1, " "1, " "1, " "1, " "1, " "1, " "1, " "1, " "1, " "1, " "1, " "1, " "1, " "1, " "0, " "1, " "1, " "1, " "1, " "1, " "1, " "1, " "1, " "1, " "1, " "1, " "1, " "1, " "1, " "1, " "1, " "1, " "1, " "1, " "1, " "1, " "1, " "1, " "1, " "1, " "1, " "1, " "1, " "1, " "1, " "1, " "1, " "1, " "1, " "1, " "1, " "1, " "1, " "1, " "1, " "1, " "1, " "1, " "1, " "1, " "1, " "1, " "1, " "1, " "1, " "1, " "1, " "1, " "1, " "1, " "1, " "1, " "1, " "1, " "1, " "1, " "1, " "1, " "1, " "1, " "1, " "1, " "1, " "1, " "1, " "1, " "1, " "1, " "1, " "1, " "1, " "1, " "1, " "1, " "1, " "1, " "1, " "1, " "1, " "1, " "1, " "1, " "1, " "1, " "1, " "1, " "1, " "1, " "1, " "1, " "1, " "1, " "1, " "1, " "1, " "1, " "1, " "1, " "1, " "1, " "1, " "1, " "1, " "1, " "1, " "1, " "1, " "1, " "1, " "1, " "1, " "1, " "1, " "1, " "1, " "1, " "1, " "1, " "1, " "1, " "1, " "1, " "1, " "1, " "1, " "1, " "1, " "1, " "1, " "1, " "1, " "1, " "1, " "1, " "1, " "1, " "1, " "1, " "1, " "1, " "1, " "1, " "1, " "1, " "1, " "1, " "1, " "1, " "1, " "1, " "1, " "1, " "1, " "1, " "1, " "1, " "1, " "1, " "1, " "1, " "1, " "1, " "1, " "1, " "1, " "1, " "1, " "1, " "1, " "1, " "1, " "1, " "1, " "1, " "1, " "1, " "1, " "1, " "1, " "1, " "1, " "1, " "1, " "1, " "1, " "1, " "1, " "1, " "1, " "1, " "1, " "1, " "1, " "1, " "1, " "1, " "1, " "1, " "1, " "1, " "1, " "1, " "1, " "1, " "1, " "1, " "1, " "1, " "1, " "1, " "1, " "1, " "1, " "1, " "1, " "1, " "1, " "1, " "1, " "1, " "1, " "1, "0
 "Nei30, 0.545, " "0.989, " "1, " "1, " "1, " "1, " "1, " "1, " "1, " "1, " "1, " "1, " "1, " "1, " "1, " "1, " "1, " "1, " "1, " "1, " "1, " "1, " "1, " "1, " "1, " "1, " "1, " "1, " "1, " "1, " "1, " "1, " "0, " "1, " "1, " "1, " "1, " "1, " "1, " "1, " "1, " "1, " "1, " "1, " "1, " "1, " "1, " "1, " "1, " "1, " "1, " "1, " "1, " "1, " "1, " "1, " "1, " "1, " "1, " "1, " "1, " "1, " "1, " "1, " "1, " "1, " "1, " "1, " "1, " "1, " "1, " "1, " "1, " "1, " "1, " "1, " "1, " "1, " "1, " "1, " "1, " "1, " "1, " "1, " "1, " "1, " "1, " "1, " "1, " "1, " "1, " "1, " "1, " "1, " "1, " "1, " "1, " "1, " "1, " "1, " "1, " "1, " "1, " "1, " "1, " "1, " "1, " "1, " "1, " "1, " "1, " "1, " "1, " "1, " "1, " "1, " "1, " "1, " "1, " "1, " "1, " "1, " "1, " "1, " "1, " "1, " "1, " "1, " "1, " "1, " "1, " "1, " "1, " "1, " "1, " "1, " "1, " "1, " "1, " "1, " "1, " "1, " "1, " "1, " "1, " "1, " "1, " "1, " "1, " "1, " "1, " "1, " "1, " "1, " "1, " "1, " "1, " "1, " "1, " "1, " "1, " "1, " "1, " "1, " "1, " "1, " "1, " "1, " "1, " "1, " "1, " "1, " "1, " "1, " "1, " "1, " "1, " "1, " "1, " "1, " "1, " "1, " "1, " "1, " "1, " "1, " "1, " "1, " "1, " "1, " "1, " "1, " "1, " "1, " "1, " "1, " "1, " "1, " "1, " "1, " "1, " "1, " "1, " "1, " "1, " "1, " "1, " "1, " "1, " "1, " "1, " "1, " "1, " "1, " "1, " "1, " "1, " "1, " "1, " "1, " "1, " "1, " "1, " "1, " "1, " "1, " "1, " "1, " "1, " "1, " "1, " "1, " "1, " "1, " "1, " "1, " "1, " "1, " "1, " "1, " "1, " "1, " "1, " "1, " "1, " "1, " "1, " "1, " "1, " "1, " "1, " "1, " "1, " "1, " "1, " "1, " "1, " "1, " "1, "0
 "Nei31, 0.595, " "-0.89, " "1, " "1, " "1, " "1, " "1, " "1, " "1, " "1, " "1, " "1, " "1, " "1, " "1, " "1, " "1, " "1, " "1, " "1, " "1, " "1, " "1, " "1, " "1, " "1, " "1, " "1, " "1, " "1, " "1, " "1, " "1, " "0, " "1, " "1, " "1, " "1, " "1, " "1, " "1, " "1, " "1, " "1, " "1, " "1, " "1, " "1, " "1, " "1, " "1, " "1, " "1, " "1, " "1, " "1, " "1, " "1, " "1, " "1, " "1, " "1, " "1, " "1, " "1, " "1, " "1, " "1, " "1, " "1, " "1, " "1, " "1, " "1, " "1, " "1, " "1, " "1, " "1, " "1, " "1, " "1, " "1, " "1, " "1, " "1, " "1, " "1, " "1, " "1, " "1, " "1, " "1, " "1, " "1, " "1, " "1, " "1, " "1, " "1, " "1, " "1, " "1, " "1, " "1, " "1, " "1, " "1, " "1, " "1, " "1, " "1, " "1, " "1, " "1, " "1, " "1, " "1, " "1, " "1, " "1, " "1, " "1, " "1, " "1, " "1, " "1, " "1, " "1, " "1, " "1, " "1, " "1, " "1, " "1, " "1, " "1, " "1, " "1, " "1, " "1, " "1, " "1, " "1, " "1, " "1, " "1, " "1, " "1, " "1, " "1, " "1, " "1, " "1, " "1, " "1, " "1, " "1, " "1, " "1, " "1, " "1, " "1, " "1, " "1, " "1, " "1, " "1, " "1, " "1, " "1, " "1, " "1, " "1, " "1, " "1, " "1, " "1, " "1, " "1, " "1, " "1, " "1, " "1, " "1, " "1, " "1, " "1, " "1, " "1, " "1, " "1, " "1, " "1, " "1, " "1, " "1, " "1, " "1, " "1, " "1, " "1, " "1, " "1, " "1, " "1, " "1, " "1, " "1, " "1, " "1, " "1, " "1, " "1, " "1, " "1, " "1, " "1, " "1, " "1, " "1, " "1, " "1, " "1, " "1, " "1, " "1, " "1, " "1, " "1, " "1, " "1, " "1, " "1, " "1, " "1, " "1, " "1, " "1, " "1, " "1, " "1, " "1, " "1, " "1, " "1, " "1, " "1, " "1, " "1, " "1, " "1, " "1, " "1, " "1, " "1, " "1, " "1, " "1, "0
 "Nei32, 0.222, " "-0.848, " "1, " "1, " "1, " "1, " "1, " "1, " "1, " "1, " "1, " "1, " "1, " "1, " "1, " "1, " "1, " "1, " "1, " "1, " "1, " "1, " "1, " "1, " "1, " "1, " "1, " "1, " "1, " "1, " "1, " "1, " "1, " "1, " "0, " "1, " "1, " "1, " "1, " "1, " "1, " "1, " "1, " "1, " "1, " "1, " "1, " "1, " "1, " "1, " "1, " "1, " "1, " "1, " "1, " "1, " "1, " "1, " "1, " "1, " "1, " "1, " "1, " "1, " "1, " "1, " "1, " "1, " "1, " "1, " "1, " "1, " "1, " "1, " "1, " "1, " "1, " "1, " "1, " "1, " "1, " "1, " "1, " "1, " "1, " "1, " "1, " "1, " "1, " "1, " "1, " "1, " "1, " "1, " "1, " "1, " "1, " "1, " "1, " "1, " "1, " "1, " "1, " "1, " "1, " "1, " "1, " "1, " "1, " "1, " "1, " "1, " "1, " "1, " "1, " "1, " "1, " "1, " "1, " "1, " "1, " "1, " "1, " "1, " "1, " "1, " "1, " "1, " "1, " "1, " "1, " "1, " "1, " "1, " "1, " "1, " "1, " "1, " "1, " "1, " "1, " "1, " "1, " "1, " "1, " "1, " "1, " "1, " "1, " "1, " "1, " "1, " "1, " "1, " "1, " "1, " "1, " "1, " "1, " "1, " "1, " "1, " "1, " "1, " "1, " "1, " "1, " "1, " "1, " "1, " "1, " "1, " "1, " "1, " "1, " "1, " "1, " "1, " "1, " "1, " "1, " "1, " "1, " "1, " "1, " "1, " "1, " "1, " "1, " "1, " "1, " "1, " "1, " "1, " "1, " "1, " "1, " "1, " "1, " "1, " "1, " "1, " "1, " "1, " "1, " "1, " "1, " "1, " "1, " "1, " "1, " "1, " "1, " "1, " "1, " "1, " "1, " "1, " "1, " "1, " "1, " "1, " "1, " "1, " "1, " "1, " "1, " "1, " "1, " "1, " "1, " "1, " "1, " "1, " "1, " "1, " "1, " "1, " "1, " "1, " "1, " "1, " "1, " "1, " "1, " "1, " "1, " "1, " "1, " "1, " "1, " "1, " "1, " "1, " "1, " "1, " "1, " "1, " "1, "0
 "Nei33, 0.442, " "-0.481, " "1, " "1, " "1, " "1, " "1, " "1, " "1, " "1, " "1, " "1, " "1, " "1, " "1, " "1, " "1, " "1, " "1, " "1, " "1, " "1, " "1, " "1, " "1, " "1, " "1, " "1, " "1, " "1, " "1, " "1, " "1, " "1, " "1, " "0, " "1, " "1, " "1, " "1, " "1, " "1, " "1, " "1, " "1, " "1, " "1, " "1, " "1, " "1, " "1, " "1, " "1, " "1, " "1, " "1, " "1, " "1, " "1, " "1, " "1, " "1, " "1, " "1, " "1, " "1, " "1, " "1, " "1, " "1, " "1, " "1, " "1, " "1, " "1, " "1, " "1, " "1, " "1, " "1, " "1, " "1, " "1, " "1, " "1, " "1, " "1, " "1, " "1, " "1, " "1, " "1, " "1, " "1, " "1, " "1, " "1, " "1, " "1, " "1, " "1, " "1, " "1, " "1, " "1, " "1, " "1, " "1, " "1, " "1, " "1, " "1, " "1, " "1, " "1, " "1, " "1, " "1, " "1, " "1, " "1, " "1, " "1, " "1, " "1, " "1, " "1, " "1, " "1, " "1, " "1, " "1, " "1, " "1, " "1, " "1, " "1, " "1, " "1, " "1, " "1, " "1, " "1, " "1, " "1, " "1, " "1, " "1, " "1, " "1, " "1, " "1, " "1, " "1, " "1, " "1, " "1, " "1, " "1, " "1, " "1, " "1, " "1, " "1, " "1, " "1, " "1, " "1, " "1, " "1, " "1, " "1, " "1, " "1, " "1, " "1, " "1, " "1, " "1, " "1, " "1, " "1, " "1, " "1, " "1, " "1, " "1, " "1, " "1, " "1, " "1, " "1, " "1, " "1, " "1, " "1, " "1, " "1, " "1, " "1, " "1, " "1, " "1, " "1, " "1, " "1, " "1, " "1, " "1, " "1, " "1, " "1, " "1, " "1, " "1, " "1, " "1, " "1, " "1, " "1, " "1, " "1, " "1, " "1, " "1, " "1, " "1, " "1, " "1, " "1, " "1, " "1, " "1, " "1, " "1, " "1, " "1, " "1, " "1, " "1, " "1, " "1, " "1, " "1, " "1, " "1, " "1, " "1, " "1, " "1, " "1, " "1, " "1, " "1, " "1, " "1, " "1, " "1, " "1, "0
 "Nei34, 0.135, " "-0.395, " "1, " "1, " "1, " "1, " "1, " "1, " "1, " "1, " "1, " "1, " "1, " "1, " "1, " "1, " "1, " "1, " "1, " "1, " "1, " "1, " "1, " "1, " "1, " "1, " "1, " "1, " "1, " "1, " "1, " "1, " "1, " "1, " "1, " "1, " "0, " "1, " "1, " "1, " "1, " "1, " "1, " "1, " "1, " "1, " "1, " "1, " "1, " "1, " "1, " "1, " "1, " "1, " "1, " "1, " "1, " "1, " "1, " "1, " "1, " "1, " "1, " "1, " "1, " "1, " "1, " "1, " "1, " "1, " "1, " "1, " "1, " "1, " "1, " "1, " "1, " "1, " "1, " "1, " "1, " "1, " "1, " "1, " "1, " "1, " "1, " "1, " "1, " "1, " "1, " "1, " "1, " "1, " "1, " "1, " "1, " "1, " "1, " "1, " "1, " "1, " "1, " "1, " "1, " "1, " "1, " "1, " "1, " "1, " "1, " "1, " "1, " "1, " "1, " "1, " "1, " "1, " "1, " "1, " "1, " "1, " "1, " "1, " "1, " "1, " "1, " "1, " "1, " "1, " "1, " "1, " "1, " "1, " "1, " "1, " "1, " "1, " "1, " "1, " "1, " "1, " "1, " "1, " "1, " "1, " "1, " "1, " "1, " "1, " "1, " "1, " "1, " "1, " "1, " "1, " "1, " "1, " "1, " "1, " "1, " "1, " "1, " "1, " "1, " "1, " "1, " "1, " "1, " "1, " "1, " "1, " "1, " "1, " "1, " "1, " "1, " "1, " "1, " "1, " "1, " "1, " "1, " "1, " "1, " "1, " "1, " "1, " "1, " "1, " "1, " "1, " "1, " "1, " "1, " "1, " "1, " "1, " "1, " "1, " "1, " "1, " "1, " "1, " "1, " "1, " "1, " "1, " "1, " "1, " "1, " "1, " "1, " "1, " "1, " "1, " "1, " "1, " "1, " "1, " "1, " "1, " "1, " "1, " "1, " "1, " "1, " "1, " "1, " "1, " "1, " "1, " "1, " "1, " "1, " "1, " "1, " "1, " "1, " "1, " "1, " "1, " "1, " "1, " "1, " "1, " "1, " "1, " "1, " "1, " "1, " "1, " "1, " "1, " "1, " "1, " "1, " "1, " "1, "0
 "Nei35, 0.315, " "-0.746, " "1, " "1, " "1, " "1, " "1, " "1, " "1, " "1, " "1, " "1, " "1, " "1, " "1, " "1, " "1, " "1, " "1, " "1, " "1, " "1, " "1, " "1, " "1, " "1, " "1, " "1, " "1, " "1, " "1, " "1, " "1, " "1, " "1, " "1, " "1, " "0, " "1, " "1, " "1, " "1, " "1, " "1, " "1, " "1, " "1, " "1, " "1, " "1, " "1, " "1, " "1, " "1, " "1, " "1, " "1, " "1, " "1, " "1, " "1, " "1, " "1, " "1, " "1, " "1, " "1, " "1, " "1, " "1, " "1, " "1, " "1, " "1, " "1, " "1, " "1, " "1, " "1, " "1, " "1, " "1, " "1, " "1, " "1, " "1, " "1, " "1, " "1, " "1, " "1, " "1, " "1, " "1, " "1, " "1, " "1, " "1, " "1, " "1, " "1, " "1, " "1, " "1, " "1, " "1, " "1, " "1, " "1, " "1, " "1, " "1, " "1, " "1, " "1, " "1, " "1, " "1, " "1, " "1, " "1, " "1, " "1, " "1, " "1, " "1, " "1, " "1, " "1, " "1, " "1, " "1, " "1, " "1, " "1, " "1, " "1, " "1, " "1, " "1, " "1, " "1, " "1, " "1, " "1, " "1, " "1, " "1, " "1, " "1, " "1, " "1, " "1, " "1, " "1, " "1, " "1, " "1, " "1, " "1, " "1, " "1, " "1, " "1, " "1, " "1, " "1, " "1, " "1, " "1, " "1, " "1, " "1, " "1, " "1, " "1, " "1, " "1, " "1, " "1, " "1, " "1, " "1, " "1, " "1, " "1, " "1, " "1, " "1, " "1, " "1, " "1, " "1, " "1, " "1, " "1, " "1, " "1, " "1, " "1, " "1, " "1, " "1, " "1, " "1, " "1, " "1, " "1, " "1, " "1, " "1, " "1, " "1, " "1, " "1, " "1, " "1, " "1, " "1, " "1, " "1, " "1, " "1, " "1, " "1, " "1, " "1, " "1, " "1, " "1, " "1, " "1, " "1, " "1, " "1, " "1, " "1, " "1, " "1, " "1, " "1, " "1, " "1, " "1, " "1, " "1, " "1, " "1, " "1, " "1, " "1, " "1, " "1, " "1, " "1, " "1, " "1, " "1, " "1, "0
 "Nei36, 0.409, " "0.44, " "1, " "1, " "1, " "1, " "1, " "1, " "1, " "1, " "1, " "1, " "1, " "1, " "1, " "1, " "1, " "1, " "1, " "1, " "1, " "1, " "1, " "1, " "1, " "1, " "1, " "1, " "1, " "1, " "1, " "1, " "1, " "1, " "1, " "1, " "1, " "1, " "0, " "1, " "1, " "1, " "1, " "1, " "1, " "1, " "1, " "1, " "1, " "1, " "1, " "1, " "1, " "1, " "1, " "1, " "1, " "1, " "1, " "1, " "1, " "1, " "1, " "1, " "1, " "1, " "1, " "1, " "1, " "1, " "1, " "1, " "1, " "1, " "1, " "1, " "1, " "1, " "1, " "1, " "1, " "1, " "1, " "1, " "1, " "1, " "1, " "1, " "1, " "1, " "1, " "1, " "1, " "1, " "1, " "1, " "1, " "1, " "1, " "1, " "1, " "1, " "1, " "1, " "1, " "1, " "1, " "1, " "1, " "1, " "1, " "1, " "1, " "1, " "1, " "1, " "1, " "1, " "1, " "1, " "1, " "1, " "1, " "1, " "1, " "1, " "1, " "1, " "1, " "1, " "1, " "1, " "1, " "1, " "1, " "1, " "1, " "1, " "1, " "1, " "1, " "1, " "1, " "1, " "1, " "1, " "1, " "1, " "1, " "1, " "1, " "1, " "1, " "1, " "1, " "1, " "1, " "1, " "1, " "1, " "1, " "1, " "1, " "1, " "1, " "1, " "1, " "1, " "1, " "1, " "1, " "1, " "1, " "1, " "1, " "1, " "1, " "1, " "1, " "1, " "1, " "1, " "1, " "1, " "1, " "1, " "1, " "1, " "1, " "1, " "1, " "1, " "1, " "1, " "1, " "1, " "1, " "1, " "1, " "1, " "1, " "1, " "1, " "1, " "1, " "1, " "1, " "1, " "1, " "1, " "1, " "1, " "1, " "1, " "1, " "1, " "1, " "1, " "1, " "1, " "1, " "1, " "1, " "1, " "1, " "1, " "1, " "1, " "1, " "1, " "1, " "1, " "1, " "1, " "1, " "1, " "1, " "1, " "1, " "1, " "1, " "1, " "1, " "1, " "1, " "1, " "1, " "1, " "1, " "1, " "1, " "1, " "1, " "1, " "1, " "1, " "1, " "1, " "1, "0
 "Nei37, 0.1, " "0.101, " "1, " "1, " "1, " "1, " "1, " "1, " "1, " "1, " "1, " "1, " "1, " "1, " "1, " "1, " "1, " "1, " "1, " "1, " "1, " "1, " "1, " "1, " "1, " "1, " "1, " "1, " "1, " "1, " "1, " "1, " "1, " "1, " "1, " "1, " "1, " "1, " "1, " "0, " "1, " "1, " "1, " "1, " "1, " "1, " "1, " "1, " "1, " "1, " "1, " "1, " "1, " "1, " "1, " "1, " "1, " "1, " "1, " "1, " "1, " "1, " "1, " "1, " "1, " "1, " "1, " "1, " "1, " "1, " "1, " "1, " "1, " "1, " "1, " "1, " "1, " "1, " "1, " "1, " "1, " "1, " "1, " "1, " "1, " "1, " "1, " "1, " "1, " "1, " "1, " "1, " "1, " "1, " "1, " "1, " "1, " "1, " "1, " "1, " "1, " "1, " "1, " "1, " "1, " "1, " "1, " "1, " "1, " "1, " "1, " "1, " "1, " "1, " "1, " "1, " "1, " "1, " "1, " "1, " "1, " "1, " "1, " "1, " "1, " "1, " "1, " "1, " "1, " "1, " "1, " "1, " "1, " "1, " "1, " "1, " "1, " "1, " "1, " "1, " "1, " "1, " "1, " "1, " "1, " "1, " "1, " "1, " "1, " "1, " "1, " "1, " "1, " "1, " "1, " "1, " "1, " "1, " "1, " "1, " "1, " "1, " "1, " "1, " "1, " "1, " "1, " "1, " "1, " "1, " "1, " "1, " "1, " "1, " "1, " "1, " "1, " "1, " "1, " "1, " "1, " "1, " "1, " "1, " "1, " "1, " "1, " "1, " "1, " "1, " "1, " "1, " "1, " "1, " "1, " "1, " "1, " "1, " "1, " "1, " "1, " "1, " "1, " "1, " "1, " "1, " "1, " "1, " "1, " "1, " "1, " "1, " "1, " "1, " "1, " "1, " "1, " "1, " "1, " "1, " "1, " "1, " "1, " "1, " "1, " "1, " "1, " "1, " "1, " "1, " "1, " "1, " "1, " "1, " "1, " "1, " "1, " "1, " "1, " "1, " "1, " "1, " "1, " "1, " "1, " "1, " "1, " "1, " "1, " "1, " "1, " "1, " "1, " "1, " "1, " "1, " "1, " "1, " "1, "0
 "Nei38, 0.23, " "0.314, " "1, " "1, " "1, " "1, " "1, " "1, " "1, " "1, " "1, " "1, " "1, " "1, " "1, " "1, " "1, " "1, " "1, " "1, " "1, " "1, " "1, " "1, " "1, " "1, " "1, " "1, " "1, " "1, " "1, " "1, " "1, " "1, " "1, " "1, " "1, " "1, " "1, " "1, " "0, " "1, " "1, " "1, " "1, " "1, " "1, " "1, " "1, " "1, " "1, " "1, " "1, " "1, " "1, " "1, " "1, " "1, " "1, " "1, " "1, " "1, " "1, " "1, " "1, " "1, " "1, " "1, " "1, " "1, " "1, " "1, " "1, " "1, " "1, " "1, " "1, " "1, " "1, " "1, " "1, " "1, " "1, " "1, " "1, " "1, " "1, " "1, " "1, " "1, " "1, " "1, " "1, " "1, " "1, " "1, " "1, " "1, " "1, " "1, " "1, " "1, " "1, " "1, " "1, " "1, " "1, " "1, " "1, " "1, " "1, " "1, " "1, " "1, " "1, " "1, " "1, " "1, " "1, " "1, " "1, " "1, " "1, " "1, " "1, " "1, " "1, " "1, " "1, " "1, " "1, " "1, " "1, " "1, " "1, " "1, " "1, " "1, " "1, " "1, " "1, " "1, " "1, " "1, " "1, " "1, " "1, " "1, " "1, " "1, " "1, " "1, " "1, " "1, " "1, " "1, " "1, " "1, " "1, " "1, " "1, " "1, " "1, " "1, " "1, " "1, " "1, " "1, " "1, " "1, " "1, " "1, " "1, " "1, " "1, " "1, " "1, " "1, " "1, " "1, " "1, " "1, " "1, " "1, " "1, " "1, " "1, " "1, " "1, " "1, " "1, " "1, " "1, " "1, " "1, " "1, " "1, " "1, " "1, " "1, " "1, " "1, " "1, " "1, " "1, " "1, " "1, " "1, " "1, " "1, " "1, " "1, " "1, " "1, " "1, " "1, " "1, " "1, " "1, " "1, " "1, " "1, " "1, " "1, " "1, " "1, " "1, " "1, " "1, " "1, " "1, " "1, " "1, " "1, " "1, " "1, " "1, " "1, " "1, " "1, " "1, " "1, " "1, " "1, " "1, " "1, " "1, " "1, " "1, " "1, " "1, " "1, " "1, " "1, " "1, " "1, " "1, " "1, " "1, "0
 "Nei39, 0.599, " "-0.899, " "1, " "1, " "1, " "1, " "1, " "1, " "1, " "1, " "1, " "1, " "1, " "1, " "1, " "1, " "1, " "1, " "1, " "1, " "1, " "1, " "1, " "1, " "1, " "1, " "1, " "1, " "1, " "1, " "1, " "1, " "1, " "1, " "1, " "1, " "1, " "1, " "1, " "1, " "1, " "0, " "1, " "1, " "1, " "1, " "1, " "1, " "1, " "1, " "1, " "1, " "1, " "1, " "1, " "1, " "1, " "1, " "1, " "1, " "1, " "1, " "1, " "1, " "1, " "1, " "1, " "1, " "1, " "1, " "1, " "1, " "1, " "1, " "1, " "1, " "1, " "1, " "1, " "1, " "1, " "1, " "1, " "1, " "1, " "1, " "1, " "1, " "1, " "1, " "1, " "1, " "1, " "1, " "1, " "1, " "1, " "1, " "1, " "1, " "1, " "1, " "1, " "1, " "1, " "1, " "1, " "1, " "1, " "1, " "1, " "1, " "1, " "1, " "1, " "1, " "1, " "1, " "1, " "1, " "1, " "1, " "1, " "1, " "1, " "1, " "1, " "1, " "1, " "1, " "1, " "1, " "1, " "1, " "1, " "1, " "1, " "1, " "1, " "1, " "1, " "1, " "1, " "1, " "1, " "1, " "1, " "1, " "1, " "1, " "1, " "1, " "1, " "1, " "1, " "1, " "1, " "1, " "1, " "1, " "1, " "1, " "1, " "1, " "1, " "1, " "1, " "1, " "1, " "1, " "1, " "1, " "1, " "1, " "1, " "1, " "1, " "1, " "1, " "1, " "1, " "1, " "1, " "1, " "1, " "1, " "1, " "1, " "1, " "1, " "1, " "1, " "1, " "1, " "1, " "1, " "1, " "1, " "1, " "1, " "1, " "1, " "1, " "1, " "1, " "1, " "1, " "1, " "1, " "1, " "1, " "1, " "1, " "1, " "1, " "1, " "1, " "1, " "1, " "1, " "1, " "1, " "1, " "1, " "1, " "1, " "1, " "1, " "1, " "1, " "1, " "1, " "1, " "1, " "1, " "1, " "1, " "1, " "1, " "1, " "1, " "1, " "1, " "1, " "1, " "1, " "1, " "1, " "1, " "1, " "1, " "1, " "1, " "1, " "1, " "1, " "1, " "1, " "1, "0
 "Nei40, 0.215, " "0.062, " "1, " "1, " "1, " "1, " "1, " "1, " "1, " "1, " "1, " "1, " "1, " "1, " "1, " "1, " "1, " "1, " "1, " "1, " "1, " "1, " "1, " "1, " "1, " "1, " "1, " "1, " "1, " "1, " "1, " "1, " "1, " "1, " "1, " "1, " "1, " "1, " "1, " "1, " "1, " "1, " "0, " "1, " "1, " "1, " "1, " "1, " "1, " "1, " "1, " "1, " "1, " "1, " "1, " "1, " "1, " "1, " "1, " "1, " "1, " "1, " "1, " "1, " "1, " "1, " "1, " "1, " "1, " "1, " "1, " "1, " "1, " "1, " "1, " "1, " "1, " "1, " "1, " "1, " "1, " "1, " "1, " "1, " "1, " "1, " "1, " "1, " "1, " "1, " "1, " "1, " "1, " "1, " "1, " "1, " "1, " "1, " "1, " "1, " "1, " "1, " "1, " "1, " "1, " "1, " "1, " "1, " "1, " "1, " "1, " "1, " "1, " "1, " "1, " "1, " "1, " "1, " "1, " "1, " "1, " "1, " "1, " "1, " "1, " "1, " "1, " "1, " "1, " "1, " "1, " "1, " "1, " "1, " "1, " "1, " "1, " "1, " "1, " "1, " "1, " "1, " "1, " "1, " "1, " "1, " "1, " "1, " "1, " "1, " "1, " "1, " "1, " "1, " "1, " "1, " "1, " "1, " "1, " "1, " "1, " "1, " "1, " "1, " "1, " "1, " "1, " "1, " "1, " "1, " "1, " "1, " "1, " "1, " "1, " "1, " "1, " "1, " "1, " "1, " "1, " "1, " "1, " "1, " "1, " "1, " "1, " "1, " "1, " "1, " "1, " "1, " "1, " "1, " "1, " "1, " "1, " "1, " "1, " "1, " "1, " "1, " "1, " "1, " "1, " "1, " "1, " "1, " "1, " "1, " "1, " "1, " "1, " "1, " "1, " "1, " "1, " "1, " "1, " "1, " "1, " "1, " "1, " "1, " "1, " "1, " "1, " "1, " "1, " "1, " "1, " "1, " "1, " "1, " "1, " "1, " "1, " "1, " "1, " "1, " "1, " "1, " "1, " "1, " "1, " "1, " "1, " "1, " "1, " "1, " "1, " "1, " "1, " "1, " "1, " "1, " "1, " "1, " "1, "0
 "Nei41, 0.365, " "0.365, " "1, " "1, " "1, " "1, " "1, " "1, " "1, " "1, " "1, " "1, " "1, " "1, " "1, " "1, " "1, " "1, " "1, " "1, " "1, " "1, " "1, " "1, " "1, " "1, " "1, " "1, " "1, " "1, " "1, " "1, " "1, " "1, " "1, " "1, " "1, " "1, " "1, " "1, " "1, " "1, " "1, " "0, " "1, " "1, " "1, " "1, " "1, " "1, " "1, " "1, " "1, " "1, " "1, " "1, " "1, " "1, " "1, " "1, " "1, " "1, " "1, " "1, " "1, " "1, " "1, " "1, " "1, " "1, " "1, " "1, " "1, " "1, " "1, " "1, " "1, " "1, " "1, " "1, " "1, " "1, " "1, " "1, " "1, " "1, " "1, " "1, " "1, " "1, " "1, " "1, " "1, " "1, " "1, " "1, " "1, " "1, " "1, " "1, " "1, " "1, " "1, " "1, " "1, " "1, " "1, " "1, " "1, " "1, " "1, " "1, " "1, " "1, " "1, " "1, " "1, " "1, " "1, " "1, " "1, " "1, " "1, " "1, " "1, " "1, " "1, " "1, " "1, " "1, " "1, " "1, " "1, " "1, " "1, " "1, " "1, " "1, " "1, " "1, " "1, " "1, " "1, " "1, " "1, " "1, " "1, " "1, " "1, " "1, " "1, " "1, " "1, " "1, " "1, " "1, " "1, " "1, " "1, " "1, " "1, " "1, " "1, " "1, " "1, " "1, " "1, " "1, " "1, " "1, " "1, " "1, " "1, " "1, " "1, " "1, " "1, " "1, " "1, " "1, " "1, " "1, " "1, " "1, " "1, " "1, " "1, " "1, " "1, " "1, " "1, " "1, " "1, " "1, " "1, " "1, " "1, " "1, " "1, " "1, " "1, " "1, " "1, " "1, " "1, " "1, " "1, " "1, " "1, " "1, " "1, " "1, " "1, " "1, " "1, " "1, " "1, " "1, " "1, " "1, " "1, " "1, " "1, " "1, " "1, " "1, " "1, " "1, " "1, " "1, " "1, " "1, " "1, " "1, " "1, " "1, " "1, " "1, " "1, " "1, " "1, " "1, " "1, " "1, " "1, " "1, " "1, " "1, " "1, " "1, " "1, " "1, " "1, " "1, " "1, " "1, " "1, " "1, " "1, "0
 "Nei42, 0.542, " "0.676, " "1, " "1, " "1, " "1, " "1, " "1, " "1, " "1, " "1, " "1, " "1, " "1, " "1, " "1, " "1, " "1, " "1, " "1, " "1, " "1, " "1, " "1, " "1, " "1, " "1, " "1, " "1, " "1, " "1, " "1, " "1, " "1, " "1, " "1, " "1, " "1, " "1, " "1, " "1, " "1, " "1, " "1, " "0, " "1, " "1, " "1, " "1, " "1, " "1, " "1, " "1, " "1, " "1, " "1, " "1, " "1, " "1, " "1, " "1, " "1, " "1, " "1, " "1, " "1, " "1, " "1, " "1, " "1, " "1, " "1, " "1, " "1, " "1, " "1, " "1, " "1, " "1, " "1, " "1, " "1, " "1, " "1, " "1, " "1, " "1, " "1, " "1, " "1, " "1, " "1, " "1, " "1, " "1, " "1, " "1, " "1, " "1, " "1, " "1, " "1, " "1, " "1, " "1, " "1, " "1, " "1, " "1, " "1, " "1, " "1, " "1, " "1, " "1, " "1, " "1, " "1, " "1, " "1, " "1, " "1, " "1, " "1, " "1, " "1, " "1, " "1, " "1, " "1, " "1, " "1, " "1, " "1, " "1, " "1, " "1, " "1, " "1, " "1, " "1, " "1, " "1, " "1, " "1, " "1, " "1, " "1, " "1, " "1, " "1, " "1, " "1, " "1, " "1, " "1, " "1, " "1, " "1, " "1, " "1, " "1, " "1, " "1, " "1, " "1, " "1, " "1, " "1, " "1, " "1, " "1, " "1, " "1, " "1, " "1, " "1, " "1, " "1, " "1, " "1, " "1, " "1, " "1, " "1, " "1, " "1, " "1, " "1, " "1, " "1, " "1, " "1, " "1, " "1, " "1, " "1, " "1, " "1, " "1, " "1, " "1, " "1, " "1, " "1, " "1, " "1, " "1, " "1, " "1, " "1, " "1, " "1, " "1, " "1, " "1, " "1, " "1, " "1, " "1, " "1, " "1, " "1, " "1, " "1, " "1, " "1, " "1, " "1, " "1, " "1, " "1, " "1, " "1, " "1, " "1, " "1, " "1, " "1, " "1, " "1, " "1, " "1, " "1, " "1, " "1, " "1, " "1, " "1, " "1, " "1, " "1, " "1, " "1, " "1, " "1, " "1, " "1, " "1, "0
 "Nei43, 0.268, " "-0.925, " "1, " "1, " "1, " "1, " "1, " "1, " "1, " "1, " "1, " "1, " "1, " "1, " "1, " "1, " "1, " "1, " "1, " "1, " "1, " "1, " "1, " "1, " "1, " "1, " "1, " "1, " "1, " "1, " "1, " "1, " "1, " "1, " "1, " "1, " "1, " "1, " "1, " "1, " "1, " "1, " "1, " "1, " "1, " "0, " "1, " "1, " "1, " "1, " "1, " "1, " "1, " "1, " "1, " "1, " "1, " "1, " "1, " "1, " "1, " "1, " "1, " "1, " "1, " "1, " "1, " "1, " "1, " "1, " "1, " "1, " "1, " "1, " "1, " "1, " "1, " "1, " "1, " "1, " "1, " "1, " "1, " "1, " "1, " "1, " "1, " "1, " "1, " "1, " "1, " "1, " "1, " "1, " "1, " "1, " "1, " "1, " "1, " "1, " "1, " "1, " "1, " "1, " "1, " "1, " "1, " "1, " "1, " "1, " "1, " "1, " "1, " "1, " "1, " "1, " "1, " "1, " "1, " "1, " "1, " "1, " "1, " "1, " "1, " "1, " "1, " "1, " "1, " "1, " "1, " "1, " "1, " "1, " "1, " "1, " "1, " "1, " "1, " "1, " "1, " "1, " "1, " "1, " "1, " "1, " "1, " "1, " "1, " "1, " "1, " "1, " "1, " "1, " "1, " "1, " "1, " "1, " "1, " "1, " "1, " "1, " "1, " "1, " "1, " "1, " "1, " "1, " "1, " "1, " "1, " "1, " "1, " "1, " "1, " "1, " "1, " "1, " "1, " "1, " "1, " "1, " "1, " "1, " "1, " "1, " "1, " "1, " "1, " "1, " "1, " "1, " "1, " "1, " "1, " "1, " "1, " "1, " "1, " "1, " "1, " "1, " "1, " "1, " "1, " "1, " "1, " "1, " "1, " "1, " "1, " "1, " "1, " "1, " "1, " "1, " "1, " "1, " "1, " "1, " "1, " "1, " "1, " "1, " "1, " "1, " "1, " "1, " "1, " "1, " "1, " "1, " "1, " "1, " "1, " "1, " "1, " "1, " "1, " "1, " "1, " "1, " "1, " "1, " "1, " "1, " "1, " "1, " "1, " "1, " "1, " "1, " "1, " "1, " "1, " "1, " "1, " "1, " "1, "0
 "Nei44, 0.29, " "0.535, " "1, " "1, " "1, " "1, " "1, " "1, " "1, " "1, " "1, " "1, " "1, " "1, " "1, " "1, " "1, " "1, " "1, " "1, " "1, " "1, " "1, " "1, " "1, " "1, " "1, " "1, " "1, " "1, " "1, " "1, " "1, " "1, " "1, " "1, " "1, " "1, " "1, " "1, " "1, " "1, " "1, " "1, " "1, " "1, " "0, " "1, " "1, " "1, " "1, " "1, " "1, " "1, " "1, " "1, " "1, " "1, " "1, " "1, " "1, " "1, " "1, " "1, " "1, " "1, " "1, " "1, " "1, " "1, " "1, " "1, " "1, " "1, " "1, " "1, " "1, " "1, " "1, " "1, " "1, " "1, " "1, " "1, " "1, " "1, " "1, " "1, " "1, " "1, " "1, " "1, " "1, " "1, " "1, " "1, " "1, " "1, " "1, " "1, " "1, " "1, " "1, " "1, " "1, " "1, " "1, " "1, " "1, " "1, " "1, " "1, " "1, " "1, " "1, " "1, " "1, " "1, " "1, " "1, " "1, " "1, " "1, " "1, " "1, " "1, " "1, " "1, " "1, " "1, " "1, " "1, " "1, " "1, " "1, " "1, " "1, " "1, " "1, " "1, " "1, " "1, " "1, " "1, " "1, " "1, " "1, " "1, " "1, " "1, " "1, " "1, " "1, " "1, " "1, " "1, " "1, " "1, " "1, " "1, " "1, " "1, " "1, " "1, " "1, " "1, " "1, " "1, " "1, " "1, " "1, " "1, " "1, " "1, " "1, " "1, " "1, " "1, " "1, " "1, " "1, " "1, " "1, " "1, " "1, " "1, " "1, " "1, " "1, " "1, " "1, " "1, " "1, " "1, " "1, " "1, " "1, " "1, " "1, " "1, " "1, " "1, " "1, " "1, " "1, " "1, " "1, " "1, " "1, " "1, " "1, " "1, " "1, " "1, " "1, " "1, " "1, " "1, " "1, " "1, " "1, " "1, " "1, " "1, " "1, " "1, " "1, " "1, " "1, " "1, " "1, " "1, " "1, " "1, " "1, " "1, " "1, " "1, " "1, " "1, " "1, " "1, " "1, " "1, " "1, " "1, " "1, " "1, " "1, " "1, " "1, " "1, " "1, " "1, " "1, " "1, " "1, " "1, " "1, "0
 "Nei45, 0.162, " "-0.815, " "1, " "1, " "1, " "1, " "1, " "1, " "1, " "1, " "1, " "1, " "1, " "1, " "1, " "1, " "1, " "1, " "1, " "1, " "1, " "1, " "1, " "1, " "1, " "1, " "1, " "1, " "1, " "1, " "1, " "1, " "1, " "1, " "1, " "1, " "1, " "1, " "1, " "1, " "1, " "1, " "1, " "1, " "1, " "1, " "1, " "0, " "1, " "1, " "1, " "1, " "1, " "1, " "1, " "1, " "1, " "1, " "1, " "1, " "1, " "1, " "1, " "1, " "1, " "1, " "1, " "1, " "1, " "1, " "1, " "1, " "1, " "1, " "1, " "1, " "1, " "1, " "1, " "1, " "1, " "1, " "1, " "1, " "1, " "1, " "1, " "1, " "1, " "1, " "1, " "1, " "1, " "1, " "1, " "1, " "1, " "1, " "1, " "1, " "1, " "1, " "1, " "1, " "1, " "1, " "1, " "1, " "1, " "1, " "1, " "1, " "1, " "1, " "1, " "1, " "1, " "1, " "1, " "1, " "1, " "1, " "1, " "1, " "1, " "1, " "1, " "1, " "1, " "1, " "1, " "1, " "1, " "1, " "1, " "1, " "1, " "1, " "1, " "1, " "1, " "1, " "1, " "1, " "1, " "1, " "1, " "1, " "1, " "1, " "1, " "1, " "1, " "1, " "1, " "1, " "1, " "1, " "1, " "1, " "1, " "1, " "1, " "1, " "1, " "1, " "1, " "1, " "1, " "1, " "1, " "1, " "1, " "1, " "1, " "1, " "1, " "1, " "1, " "1, " "1, " "1, " "1, " "1, " "1, " "1, " "1, " "1, " "1, " "1, " "1, " "1, " "1, " "1, " "1, " "1, " "1, " "1, " "1, " "1, " "1, " "1, " "1, " "1, " "1, " "1, " "1, " "1, " "1, " "1, " "1, " "1, " "1, " "1, " "1, " "1, " "1, " "1, " "1, " "1, " "1, " "1, " "1, " "1, " "1, " "1, " "1, " "1, " "1, " "1, " "1, " "1, " "1, " "1, " "1, " "1, " "1, " "1, " "1, " "1, " "1, " "1, " "1, " "1, " "1, " "1, " "1, " "1, " "1, " "1, " "1, " "1, " "1, " "1, " "1, " "1, " "1, " "1, " "1, "0
 "Nei46, 0.435, " "0.525, " "1, " "1, " "1, " "1, " "1, " "1, " "1, " "1, " "1, " "1, " "1, " "1, " "1, " "1, " "1, " "1, " "1, " "1, " "1, " "1, " "1, " "1, " "1, " "1, " "1, " "1, " "1, " "1, " "1, " "1, " "1, " "1, " "1, " "1, " "1, " "1, " "1, " "1, " "1, " "1, " "1, " "1, " "1, " "1, " "1, " "1, " "0, " "1, " "1, " "1, " "1, " "1, " "1, " "1, " "1, " "1, " "1, " "1, " "1, " "1, " "1, " "1, " "1, " "1, " "1, " "1, " "1, " "1, " "1, " "1, " "1, " "1, " "1, " "1, " "1, " "1, " "1, " "1, " "1, " "1, " "1, " "1, " "1, " "1, " "1, " "1, " "1, " "1, " "1, " "1, " "1, " "1, " "1, " "1, " "1, " "1, " "1, " "1, " "1, " "1, " "1, " "1, " "1, " "1, " "1, " "1, " "1, " "1, " "1, " "1, " "1, " "1, " "1, " "1, " "1, " "1, " "1, " "1, " "1, " "1, " "1, " "1, " "1, " "1, " "1, " "1, " "1, " "1, " "1, " "1, " "1, " "1, " "1, " "1, " "1, " "1, " "1, " "1, " "1, " "1, " "1, " "1, " "1, " "1, " "1, " "1, " "1, " "1, " "1, " "1, " "1, " "1, " "1, " "1, " "1, " "1, " "1, " "1, " "1, " "1, " "1, " "1, " "1, " "1, " "1, " "1, " "1, " "1, " "1, " "1, " "1, " "1, " "1, " "1, " "1, " "1, " "1, " "1, " "1, " "1, " "1, " "1, " "1, " "1, " "1, " "1, " "1, " "1, " "1, " "1, " "1, " "1, " "1, " "1, " "1, " "1, " "1, " "1, " "1, " "1, " "1, " "1, " "1, " "1, " "1, " "1, " "1, " "1, " "1, " "1, " "1, " "1, " "1, " "1, " "1, " "1, " "1, " "1, " "1, " "1, " "1, " "1, " "1, " "1, " "1, " "1, " "1, " "1, " "1, " "1, " "1, " "1, " "1, " "1, " "1, " "1, " "1, " "1, " "1, " "1, " "1, " "1, " "1, " "1, " "1, " "1, " "1, " "1, " "1, " "1, " "1, " "1, " "1, " "1, " "1, " "1, " "1, "0
 "Nei47, 0.01, " "0.905, " "1, " "1, " "1, " "1, " "1, " "1, " "1, " "1, " "1, " "1, " "1, " "1, " "1, " "1, " "1, " "1, " "1, " "1, " "1, " "1, " "1, " "1, " "1, " "1, " "1, " "1, " "1, " "1, " "1, " "1, " "1, " "1, " "1, " "1, " "1, " "1, " "1, " "1, " "1, " "1, " "1, " "1, " "1, " "1, " "1, " "1, " "1, " "0, " "1, " "1, " "1, " "1, " "1, " "1, " "1, " "1, " "1, " "1, " "1, " "1, " "1, " "1, " "1, " "1, " "1, " "1, " "1, " "1, " "1, " "1, " "1, " "1, " "1, " "1, " "1, " "1, " "1, " "1, " "1, " "1, " "1, " "1, " "1, " "1, " "1, " "1, " "1, " "1, " "1, " "1, " "1, " "1, " "1, " "1, " "1, " "1, " "1, " "1, " "1, " "1, " "1, " "1, " "1, " "1, " "1, " "1, " "1, " "1, " "1, " "1, " "1, " "1, " "1, " "1, " "1, " "1, " "1, " "1, " "1, " "1, " "1, " "1, " "1, " "1, " "1, " "1, " "1, " "1, " "1, " "1, " "1, " "1, " "1, " "1, " "1, " "1, " "1, " "1, " "1, " "1, " "1, " "1, " "1, " "1, " "1, " "1, " "1, " "1, " "1, " "1, " "1, " "1, " "1, " "1, " "1, " "1, " "1, " "1, " "1, " "1, " "1, " "1, " "1, " "1, " "1, " "1, " "1, " "1, " "1, " "1, " "1, " "1, " "1, " "1, " "1, " "1, " "1, " "1, " "1, " "1, " "1, " "1, " "1, " "1, " "1, " "1, " "1, " "1, " "1, " "1, " "1, " "1, " "1, " "1, " "1, " "1, " "1, " "1, " "1, " "1, " "1, " "1, " "1, " "1, " "1, " "1, " "1, " "1, " "1, " "1, " "1, " "1, " "1, " "1, " "1, " "1, " "1, " "1, " "1, " "1, " "1, " "1, " "1, " "1, " "1, " "1, " "1, " "1, " "1, " "1, " "1, " "1, " "1, " "1, " "1, " "1, " "1, " "1, " "1, " "1, " "1, " "1, " "1, " "1, " "1, " "1, " "1, " "1, " "1, " "1, " "1, " "1, " "1, " "1, " "1, " "1, " "1, "0
 "Nei48, 0.211, " "0.295, " "1, " "1, " "1, " "1, " "1, " "1, " "1, " "1, " "1, " "1, " "1, " "1, " "1, " "1, " "1, " "1, " "1, " "1, " "1, " "1, " "1, " "1, " "1, " "1, " "1, " "1, " "1, " "1, " "1, " "1, " "1, " "1, " "1, " "1, " "1, " "1, " "1, " "1, " "1, " "1, " "1, " "1, " "1, " "1, " "1, " "1, " "1, " "1, " "0, " "1, " "1, " "1, " "1, " "1, " "1, " "1, " "1, " "1, " "1, " "1, " "1, " "1, " "1, " "1, " "1, " "1, " "1, " "1, " "1, " "1, " "1, " "1, " "1, " "1, " "1, " "1, " "1, " "1, " "1, " "1, " "1, " "1, " "1, " "1, " "1, " "1, " "1, " "1, " "1, " "1, " "1, " "1, " "1, " "1, " "1, " "1, " "1, " "1, " "1, " "1, " "1, " "1, " "1, " "1, " "1, " "1, " "1, " "1, " "1, " "1, " "1, " "1, " "1, " "1, " "1, " "1, " "1, " "1, " "1, " "1, " "1, " "1, " "1, " "1, " "1, " "1, " "1, " "1, " "1, " "1, " "1, " "1, " "1, " "1, " "1, " "1, " "1, " "1, " "1, " "1, " "1, " "1, " "1, " "1, " "1, " "1, " "1, " "1, " "1, " "1, " "1, " "1, " "1, " "1, " "1, " "1, " "1, " "1, " "1, " "1, " "1, " "1, " "1, " "1, " "1, " "1, " "1, " "1, " "1, " "1, " "1, " "1, " "1, " "1, " "1, " "1, " "1, " "1, " "1, " "1, " "1, " "1, " "1, " "1, " "1, " "1, " "1, " "1, " "1, " "1, " "1, " "1, " "1, " "1, " "1, " "1, " "1, " "1, " "1, " "1, " "1, " "1, " "1, " "1, " "1, " "1, " "1, " "1, " "1, " "1, " "1, " "1, " "1, " "1, " "1, " "1, " "1, " "1, " "1, " "1, " "1, " "1, " "1, " "1, " "1, " "1, " "1, " "1, " "1, " "1, " "1, " "1, " "1, " "1, " "1, " "1, " "1, " "1, " "1, " "1, " "1, " "1, " "1, " "1, " "1, " "1, " "1, " "1, " "1, " "1, " "1, " "1, " "1, " "1, " "1, " "1, " "1, "0
 "Nei49, 0.085, " "-0.635, " "1, " "1, " "1, " "1, " "1, " "1, " "1, " "1, " "1, " "1, " "1, " "1, " "1, " "1, " "1, " "1, " "1, " "1, " "1, " "1, " "1, " "1, " "1, " "1, " "1, " "1, " "1, " "1, " "1, " "1, " "1, " "1, " "1, " "1, " "1, " "1, " "1, " "1, " "1, " "1, " "1, " "1, " "1, " "1, " "1, " "1, " "1, " "1, " "1, " "0, " "1, " "1, " "1, " "1, " "1, " "1, " "1, " "1, " "1, " "1, " "1, " "1, " "1, " "1, " "1, " "1, " "1, " "1, " "1, " "1, " "1, " "1, " "1, " "1, " "1, " "1, " "1, " "1, " "1, " "1, " "1, " "1, " "1, " "1, " "1, " "1, " "1, " "1, " "1, " "1, " "1, " "1, " "1, " "1, " "1, " "1, " "1, " "1, " "1, " "1, " "1, " "1, " "1, " "1, " "1, " "1, " "1, " "1, " "1, " "1, " "1, " "1, " "1, " "1, " "1, " "1, " "1, " "1, " "1, " "1, " "1, " "1, " "1, " "1, " "1, " "1, " "1, " "1, " "1, " "1, " "1, " "1, " "1, " "1, " "1, " "1, " "1, " "1, " "1, " "1, " "1, " "1, " "1, " "1, " "1, " "1, " "1, " "1, " "1, " "1, " "1, " "1, " "1, " "1, " "1, " "1, " "1, " "1, " "1, " "1, " "1, " "1, " "1, " "1, " "1, " "1, " "1, " "1, " "1, " "1, " "1, " "1, " "1, " "1, " "1, " "1, " "1, " "1, " "1, " "1, " "1, " "1, " "1, " "1, " "1, " "1, " "1, " "1, " "1, " "1, " "1, " "1, " "1, " "1, " "1, " "1, " "1, " "1, " "1, " "1, " "1, " "1, " "1, " "1, " "1, " "1, " "1, " "1, " "1, " "1, " "1, " "1, " "1, " "1, " "1, " "1, " "1, " "1, " "1, " "1, " "1, " "1, " "1, " "1, " "1, " "1, " "1, " "1, " "1, " "1, " "1, " "1, " "1, " "1, " "1, " "1, " "1, " "1, " "1, " "1, " "1, " "1, " "1, " "1, " "1, " "1, " "1, " "1, " "1, " "1, " "1, " "1, " "1, " "1, " "1, " "1, " "1, "0
 "Nei50, 0.139, " "0.788, " "1, " "1, " "1, " "1, " "1, " "1, " "1, " "1, " "1, " "1, " "1, " "1, " "1, " "1, " "1, " "1, " "1, " "1, " "1, " "1, " "1, " "1, " "1, " "1, " "1, " "1, " "1, " "1, " "1, " "1, " "1, " "1, " "1, " "1, " "1, " "1, " "1, " "1, " "1, " "1, " "1, " "1, " "1, " "1, " "1, " "1, " "1, " "1, " "1, " "1, " "0, " "1, " "1, " "1, " "1, " "1, " "1, " "1, " "1, " "1, " "1, " "1, " "1, " "1, " "1, " "1, " "1, " "1, " "1, " "1, " "1, " "1, " "1, " "1, " "1, " "1, " "1, " "1, " "1, " "1, " "1, " "1, " "1, " "1, " "1, " "1, " "1, " "1, " "1, " "1, " "1, " "1, " "1, " "1, " "1, " "1, " "1, " "1, " "1, " "1, " "1, " "1, " "1, " "1, " "1, " "1, " "1, " "1, " "1, " "1, " "1, " "1, " "1, " "1, " "1, " "1, " "1, " "1, " "1, " "1, " "1, " "1, " "1, " "1, " "1, " "1, " "1, " "1, " "1, " "1, " "1, " "1, " "1, " "1, " "1, " "1, " "1, " "1, " "1, " "1, " "1, " "1, " "1, " "1, " "1, " "1, " "1, " "1, " "1, " "1, " "1, " "1, " "1, " "1, " "1, " "1, " "1, " "1, " "1, " "1, " "1, " "1, " "1, " "1, " "1, " "1, " "1, " "1, " "1, " "1, " "1, " "1, " "1, " "1, " "1, " "1, " "1, " "1, " "1, " "1, " "1, " "1, " "1, " "1, " "1, " "1, " "1, " "1, " "1, " "1, " "1, " "1, " "1, " "1, " "1, " "1, " "1, " "1, " "1, " "1, " "1, " "1, " "1, " "1, " "1, " "1, " "1, " "1, " "1, " "1, " "1, " "1, " "1, " "1, " "1, " "1, " "1, " "1, " "1, " "1, " "1, " "1, " "1, " "1, " "1, " "1, " "1, " "1, " "1, " "1, " "1, " "1, " "1, " "1, " "1, " "1, " "1, " "1, " "1, " "1, " "1, " "1, " "1, " "1, " "1, " "1, " "1, " "1, " "1, " "1, " "1, " "1, " "1, " "1, " "1, " "1, " "1, "0
 "Nei51, 0.328, " "0.602, " "1, " "1, " "1, " "1, " "1, " "1, " "1, " "1, " "1, " "1, " "1, " "1, " "1, " "1, " "1, " "1, " "1, " "1, " "1, " "1, " "1, " "1, " "1, " "1, " "1, " "1, " "1, " "1, " "1, " "1, " "1, " "1, " "1, " "1, " "1, " "1, " "1, " "1, " "1, " "1, " "1, " "1, " "1, " "1, " "1, " "1, " "1, " "1, " "1, " "1, " "1, " "0, " "1, " "1, " "1, " "1, " "1, " "1, " "1, " "1, " "1, " "1, " "1, " "1, " "1, " "1, " "1, " "1, " "1, " "1, " "1, " "1, " "1, " "1, " "1, " "1, " "1, " "1, " "1, " "1, " "1, " "1, " "1, " "1, " "1, " "1, " "1, " "1, " "1, " "1, " "1, " "1, " "1, " "1, " "1, " "1, " "1, " "1, " "1, " "1, " "1, " "1, " "1, " "1, " "1, " "1, " "1, " "1, " "1, " "1, " "1, " "1, " "1, " "1, " "1, " "1, " "1, " "1, " "1, " "1, " "1, " "1, " "1, " "1, " "1, " "1, " "1, " "1, " "1, " "1, " "1, " "1, " "1, " "1, " "1, " "1, " "1, " "1, " "1, " "1, " "1, " "1, " "1, " "1, " "1, " "1, " "1, " "1, " "1, " "1, " "1, " "1, " "1, " "1, " "1, " "1, " "1, " "1, " "1, " "1, " "1, " "1, " "1, " "1, " "1, " "1, " "1, " "1, " "1, " "1, " "1, " "1, " "1, " "1, " "1, " "1, " "1, " "1, " "1, " "1, " "1, " "1, " "1, " "1, " "1, " "1, " "1, " "1, " "1, " "1, " "1, " "1, " "1, " "1, " "1, " "1, " "1, " "1, " "1, " "1, " "1, " "1, " "1, " "1, " "1, " "1, " "1, " "1, " "1, " "1, " "1, " "1, " "1, " "1, " "1, " "1, " "1, " "1, " "1, " "1, " "1, " "1, " "1, " "1, " "1, " "1, " "1, " "1, " "1, " "1, " "1, " "1, " "1, " "1, " "1, " "1, " "1, " "1, " "1, " "1, " "1, " "1, " "1, " "1, " "1, " "1, " "1, " "1, " "1, " "1, " "1, " "1, " "1, " "1, " "1, " "1, " "1, "0
 "Nei52, 0.007, " "0.315, " "1, " "1, " "1, " "1, " "1, " "1, " "1, " "1, " "1, " "1, " "1, " "1, " "1, " "1, " "1, " "1, " "1, " "1, " "1, " "1, " "1, " "1, " "1, " "1, " "1, " "1, " "1, " "1, " "1, " "1, " "1, " "1, " "1, " "1, " "1, " "1, " "1, " "1, " "1, " "1, " "1, " "1, " "1, " "1, " "1, " "1, " "1, " "1, " "1, " "1, " "1, " "1, " "0, " "1, " "1, " "1, " "1, " "1, " "1, " "1, " "1, " "1, " "1, " "1, " "1, " "1, " "1, " "1, " "1, " "1, " "1, " "1, " "1, " "1, " "1, " "1, " "1, " "1, " "1, " "1, " "1, " "1, " "1, " "1, " "1, " "1, " "1, " "1, " "1, " "1, " "1, " "1, " "1, " "1, " "1, " "1, " "1, " "1, " "1, " "1, " "1, " "1, " "1, " "1, " "1, " "1, " "1, " "1, " "1, " "1, " "1, " "1, " "1, " "1, " "1, " "1, " "1, " "1, " "1, " "1, " "1, " "1, " "1, " "1, " "1, " "1, " "1, " "1, " "1, " "1, " "1, " "1, " "1, " "1, " "1, " "1, " "1, " "1, " "1, " "1, " "1, " "1, " "1, " "1, " "1, " "1, " "1, " "1, " "1, " "1, " "1, " "1, " "1, " "1, " "1, " "1, " "1, " "1, " "1, " "1, " "1, " "1, " "1, " "1, " "1, " "1, " "1, " "1, " "1, " "1, " "1, " "1, " "1, " "1, " "1, " "1, " "1, " "1, " "1, " "1, " "1, " "1, " "1, " "1, " "1, " "1, " "1, " "1, " "1, " "1, " "1, " "1, " "1, " "1, " "1, " "1, " "1, " "1, " "1, " "1, " "1, " "1, " "1, " "1, " "1, " "1, " "1, " "1, " "1, " "1, " "1, " "1, " "1, " "1, " "1, " "1, " "1, " "1, " "1, " "1, " "1, " "1, " "1, " "1, " "1, " "1, " "1, " "1, " "1, " "1, " "1, " "1, " "1, " "1, " "1, " "1, " "1, " "1, " "1, " "1, " "1, " "1, " "1, " "1, " "1, " "1, " "1, " "1, " "1, " "1, " "1, " "1, " "1, " "1, " "1, " "1, " "1, "0
 "Nei53, 0.395, " "-0.769, " "1, " "1, " "1, " "1, " "1, " "1, " "1, " "1, " "1, " "1, " "1, " "1, " "1, " "1, " "1, " "1, " "1, " "1, " "1, " "1, " "1, " "1, " "1, " "1, " "1, " "1, " "1, " "1, " "1, " "1, " "1, " "1, " "1, " "1, " "1, " "1, " "1, " "1, " "1, " "1, " "1, " "1, " "1, " "1, " "1, " "1, " "1, " "1, " "1, " "1, " "1, " "1, " "1, " "0, " "1, " "1, " "1, " "1, " "1, " "1, " "1, " "1, " "1, " "1, " "1, " "1, " "1, " "1, " "1, " "1, " "1, " "1, " "1, " "1, " "1, " "1, " "1, " "1, " "1, " "1, " "1, " "1, " "1, " "1, " "1, " "1, " "1, " "1, " "1, " "1, " "1, " "1, " "1, " "1, " "1, " "1, " "1, " "1, " "1, " "1, " "1, " "1, " "1, " "1, " "1, " "1, " "1, " "1, " "1, " "1, " "1, " "1, " "1, " "1, " "1, " "1, " "1, " "1, " "1, " "1, " "1, " "1, " "1, " "1, " "1, " "1, " "1, " "1, " "1, " "1, " "1, " "1, " "1, " "1, " "1, " "1, " "1, " "1, " "1, " "1, " "1, " "1, " "1, " "1, " "1, " "1, " "1, " "1, " "1, " "1, " "1, " "1, " "1, " "1, " "1, " "1, " "1, " "1, " "1, " "1, " "1, " "1, " "1, " "1, " "1, " "1, " "1, " "1, " "1, " "1, " "1, " "1, " "1, " "1, " "1, " "1, " "1, " "1, " "1, " "1, " "1, " "1, " "1, " "1, " "1, " "1, " "1, " "1, " "1, " "1, " "1, " "1, " "1, " "1, " "1, " "1, " "1, " "1, " "1, " "1, " "1, " "1, " "1, " "1, " "1, " "1, " "1, " "1, " "1, " "1, " "1, " "1, " "1, " "1, " "1, " "1, " "1, " "1, " "1, " "1, " "1, " "1, " "1, " "1, " "1, " "1, " "1, " "1, " "1, " "1, " "1, " "1, " "1, " "1, " "1, " "1, " "1, " "1, " "1, " "1, " "1, " "1, " "1, " "1, " "1, " "1, " "1, " "1, " "1, " "1, " "1, " "1, " "1, " "1, " "1, " "1, " "1, "0
 "Nei54, 0.185, " "0.69, " "1, " "1, " "1, " "1, " "1, " "1, " "1, " "1, " "1, " "1, " "1, " "1, " "1, " "1, " "1, " "1, " "1, " "1, " "1, " "1, " "1, " "1, " "1, " "1, " "1, " "1, " "1, " "1, " "1, " "1, " "1, " "1, " "1, " "1, " "1, " "1, " "1, " "1, " "1, " "1, " "1, " "1, " "1, " "1, " "1, " "1, " "1, " "1, " "1, " "1, " "1, " "1, " "1, " "1, " "0, " "1, " "1, " "1, " "1, " "1, " "1, " "1, " "1, " "1, " "1, " "1, " "1, " "1, " "1, " "1, " "1, " "1, " "1, " "1, " "1, " "1, " "1, " "1, " "1, " "1, " "1, " "1, " "1, " "1, " "1, " "1, " "1, " "1, " "1, " "1, " "1, " "1, " "1, " "1, " "1, " "1, " "1, " "1, " "1, " "1, " "1, " "1, " "1, " "1, " "1, " "1, " "1, " "1, " "1, " "1, " "1, " "1, " "1, " "1, " "1, " "1, " "1, " "1, " "1, " "1, " "1, " "1, " "1, " "1, " "1, " "1, " "1, " "1, " "1, " "1, " "1, " "1, " "1, " "1, " "1, " "1, " "1, " "1, " "1, " "1, " "1, " "1, " "1, " "1, " "1, " "1, " "1, " "1, " "1, " "1, " "1, " "1, " "1, " "1, " "1, " "1, " "1, " "1, " "1, " "1, " "1, " "1, " "1, " "1, " "1, " "1, " "1, " "1, " "1, " "1, " "1, " "1, " "1, " "1, " "1, " "1, " "1, " "1, " "1, " "1, " "1, " "1, " "1, " "1, " "1, " "1, " "1, " "1, " "1, " "1, " "1, " "1, " "1, " "1, " "1, " "1, " "1, " "1, " "1, " "1, " "1, " "1, " "1, " "1, " "1, " "1, " "1, " "1, " "1, " "1, " "1, " "1, " "1, " "1, " "1, " "1, " "1, " "1, " "1, " "1, " "1, " "1, " "1, " "1, " "1, " "1, " "1, " "1, " "1, " "1, " "1, " "1, " "1, " "1, " "1, " "1, " "1, " "1, " "1, " "1, " "1, " "1, " "1, " "1, " "1, " "1, " "1, " "1, " "1, " "1, " "1, " "1, " "1, " "1, " "1, " "1, " "1, "0
 "Nei55, 0.382, " "0.766, " "1, " "1, " "1, " "1, " "1, " "1, " "1, " "1, " "1, " "1, " "1, " "1, " "1, " "1, " "1, " "1, " "1, " "1, " "1, " "1, " "1, " "1, " "1, " "1, " "1, " "1, " "1, " "1, " "1, " "1, " "1, " "1, " "1, " "1, " "1, " "1, " "1, " "1, " "1, " "1, " "1, " "1, " "1, " "1, " "1, " "1, " "1, " "1, " "1, " "1, " "1, " "1, " "1, " "1, " "1, " "0, " "1, " "1, " "1, " "1, " "1, " "1, " "1, " "1, " "1, " "1, " "1, " "1, " "1, " "1, " "1, " "1, " "1, " "1, " "1, " "1, " "1, " "1, " "1, " "1, " "1, " "1, " "1, " "1, " "1, " "1, " "1, " "1, " "1, " "1, " "1, " "1, " "1, " "1, " "1, " "1, " "1, " "1, " "1, " "1, " "1, " "1, " "1, " "1, " "1, " "1, " "1, " "1, " "1, " "1, " "1, " "1, " "1, " "1, " "1, " "1, " "1, " "1, " "1, " "1, " "1, " "1, " "1, " "1, " "1, " "1, " "1, " "1, " "1, " "1, " "1, " "1, " "1, " "1, " "1, " "1, " "1, " "1, " "1, " "1, " "1, " "1, " "1, " "1, " "1, " "1, " "1, " "1, " "1, " "1, " "1, " "1, " "1, " "1, " "1, " "1, " "1, " "1, " "1, " "1, " "1, " "1, " "1, " "1, " "1, " "1, " "1, " "1, " "1, " "1, " "1, " "1, " "1, " "1, " "1, " "1, " "1, " "1, " "1, " "1, " "1, " "1, " "1, " "1, " "1, " "1, " "1, " "1, " "1, " "1, " "1, " "1, " "1, " "1, " "1, " "1, " "1, " "1, " "1, " "1, " "1, " "1, " "1, " "1, " "1, " "1, " "1, " "1, " "1, " "1, " "1, " "1, " "1, " "1, " "1, " "1, " "1, " "1, " "1, " "1, " "1, " "1, " "1, " "1, " "1, " "1, " "1, " "1, " "1, " "1, " "1, " "1, " "1, " "1, " "1, " "1, " "1, " "1, " "1, " "1, " "1, " "1, " "1, " "1, " "1, " "1, " "1, " "1, " "1, " "1, " "1, " "1, " "1, " "1, " "1, " "1, " "1, "0
 "Nei56, 0.487, " "-0.579, " "1, " "1, " "1, " "1, " "1, " "1, " "1, " "1, " "1, " "1, " "1, " "1, " "1, " "1, " "1, " "1, " "1, " "1, " "1, " "1, " "1, " "1, " "1, " "1, " "1, " "1, " "1, " "1, " "1, " "1, " "1, " "1, " "1, " "1, " "1, " "1, " "1, " "1, " "1, " "1, " "1, " "1, " "1, " "1, " "1, " "1, " "1, " "1, " "1, " "1, " "1, " "1, " "1, " "1, " "1, " "1, " "0, " "1, " "1, " "1, " "1, " "1, " "1, " "1, " "1, " "1, " "1, " "1, " "1, " "1, " "1, " "1, " "1, " "1, " "1, " "1, " "1, " "1, " "1, " "1, " "1, " "1, " "1, " "1, " "1, " "1, " "1, " "1, " "1, " "1, " "1, " "1, " "1, " "1, " "1, " "1, " "1, " "1, " "1, " "1, " "1, " "1, " "1, " "1, " "1, " "1, " "1, " "1, " "1, " "1, " "1, " "1, " "1, " "1, " "1, " "1, " "1, " "1, " "1, " "1, " "1, " "1, " "1, " "1, " "1, " "1, " "1, " "1, " "1, " "1, " "1, " "1, " "1, " "1, " "1, " "1, " "1, " "1, " "1, " "1, " "1, " "1, " "1, " "1, " "1, " "1, " "1, " "1, " "1, " "1, " "1, " "1, " "1, " "1, " "1, " "1, " "1, " "1, " "1, " "1, " "1, " "1, " "1, " "1, " "1, " "1, " "1, " "1, " "1, " "1, " "1, " "1, " "1, " "1, " "1, " "1, " "1, " "1, " "1, " "1, " "1, " "1, " "1, " "1, " "1, " "1, " "1, " "1, " "1, " "1, " "1, " "1, " "1, " "1, " "1, " "1, " "1, " "1, " "1, " "1, " "1, " "1, " "1, " "1, " "1, " "1, " "1, " "1, " "1, " "1, " "1, " "1, " "1, " "1, " "1, " "1, " "1, " "1, " "1, " "1, " "1, " "1, " "1, " "1, " "1, " "1, " "1, " "1, " "1, " "1, " "1, " "1, " "1, " "1, " "1, " "1, " "1, " "1, " "1, " "1, " "1, " "1, " "1, " "1, " "1, " "1, " "1, " "1, " "1, " "1, " "1, " "1, " "1, " "1, " "1, " "1, " "1, "0
 "Nei57, 0.185, " "0.059, " "1, " "1, " "1, " "1, " "1, " "1, " "1, " "1, " "1, " "1, " "1, " "1, " "1, " "1, " "1, " "1, " "1, " "1, " "1, " "1, " "1, " "1, " "1, " "1, " "1, " "1, " "1, " "1, " "1, " "1, " "1, " "1, " "1, " "1, " "1, " "1, " "1, " "1, " "1, " "1, " "1, " "1, " "1, " "1, " "1, " "1, " "1, " "1, " "1, " "1, " "1, " "1, " "1, " "1, " "1, " "1, " "1, " "0, " "1, " "1, " "1, " "1, " "1, " "1, " "1, " "1, " "1, " "1, " "1, " "1, " "1, " "1, " "1, " "1, " "1, " "1, " "1, " "1, " "1, " "1, " "1, " "1, " "1, " "1, " "1, " "1, " "1, " "1, " "1, " "1, " "1, " "1, " "1, " "1, " "1, " "1, " "1, " "1, " "1, " "1, " "1, " "1, " "1, " "1, " "1, " "1, " "1, " "1, " "1, " "1, " "1, " "1, " "1, " "1, " "1, " "1, " "1, " "1, " "1, " "1, " "1, " "1, " "1, " "1, " "1, " "1, " "1, " "1, " "1, " "1, " "1, " "1, " "1, " "1, " "1, " "1, " "1, " "1, " "1, " "1, " "1, " "1, " "1, " "1, " "1, " "1, " "1, " "1, " "1, " "1, " "1, " "1, " "1, " "1, " "1, " "1, " "1, " "1, " "1, " "1, " "1, " "1, " "1, " "1, " "1, " "1, " "1, " "1, " "1, " "1, " "1, " "1, " "1, " "1, " "1, " "1, " "1, " "1, " "1, " "1, " "1, " "1, " "1, " "1, " "1, " "1, " "1, " "1, " "1, " "1, " "1, " "1, " "1, " "1, " "1, " "1, " "1, " "1, " "1, " "1, " "1, " "1, " "1, " "1, " "1, " "1, " "1, " "1, " "1, " "1, " "1, " "1, " "1, " "1, " "1, " "1, " "1, " "1, " "1, " "1, " "1, " "1, " "1, " "1, " "1, " "1, " "1, " "1, " "1, " "1, " "1, " "1, " "1, " "1, " "1, " "1, " "1, " "1, " "1, " "1, " "1, " "1, " "1, " "1, " "1, " "1, " "1, " "1, " "1, " "1, " "1, " "1, " "1, " "1, " "1, " "1, " "1, "0
 "Nei58, 0.366, " "0.537, " "1, " "1, " "1, " "1, " "1, " "1, " "1, " "1, " "1, " "1, " "1, " "1, " "1, " "1, " "1, " "1, " "1, " "1, " "1, " "1, " "1, " "1, " "1, " "1, " "1, " "1, " "1, " "1, " "1, " "1, " "1, " "1, " "1, " "1, " "1, " "1, " "1, " "1, " "1, " "1, " "1, " "1, " "1, " "1, " "1, " "1, " "1, " "1, " "1, " "1, " "1, " "1, " "1, " "1, " "1, " "1, " "1, " "1, " "0, " "1, " "1, " "1, " "1, " "1, " "1, " "1, " "1, " "1, " "1, " "1, " "1, " "1, " "1, " "1, " "1, " "1, " "1, " "1, " "1, " "1, " "1, " "1, " "1, " "1, " "1, " "1, " "1, " "1, " "1, " "1, " "1, " "1, " "1, " "1, " "1, " "1, " "1, " "1, " "1, " "1, " "1, " "1, " "1, " "1, " "1, " "1, " "1, " "1, " "1, " "1, " "1, " "1, " "1, " "1, " "1, " "1, " "1, " "1, " "1, " "1, " "1, " "1, " "1, " "1, " "1, " "1, " "1, " "1, " "1, " "1, " "1, " "1, " "1, " "1, " "1, " "1, " "1, " "1, " "1, " "1, " "1, " "1, " "1, " "1, " "1, " "1, " "1, " "1, " "1, " "1, " "1, " "1, " "1, " "1, " "1, " "1, " "1, " "1, " "1, " "1, " "1, " "1, " "1, " "1, " "1, " "1, " "1, " "1, " "1, " "1, " "1, " "1, " "1, " "1, " "1, " "1, " "1, " "1, " "1, " "1, " "1, " "1, " "1, " "1, " "1, " "1, " "1, " "1, " "1, " "1, " "1, " "1, " "1, " "1, " "1, " "1, " "1, " "1, " "1, " "1, " "1, " "1, " "1, " "1, " "1, " "1, " "1, " "1, " "1, " "1, " "1, " "1, " "1, " "1, " "1, " "1, " "1, " "1, " "1, " "1, " "1, " "1, " "1, " "1, " "1, " "1, " "1, " "1, " "1, " "1, " "1, " "1, " "1, " "1, " "1, " "1, " "1, " "1, " "1, " "1, " "1, " "1, " "1, " "1, " "1, " "1, " "1, " "1, " "1, " "1, " "1, " "1, " "1, " "1, " "1, " "1, " "1, "0
 "Nei59, 0.356, " "0.102, " "1, " "1, " "1, " "1, " "1, " "1, " "1, " "1, " "1, " "1, " "1, " "1, " "1, " "1, " "1, " "1, " "1, " "1, " "1, " "1, " "1, " "1, " "1, " "1, " "1, " "1, " "1, " "1, " "1, " "1, " "1, " "1, " "1, " "1, " "1, " "1, " "1, " "1, " "1, " "1, " "1, " "1, " "1, " "1, " "1, " "1, " "1, " "1, " "1, " "1, " "1, " "1, " "1, " "1, " "1, " "1, " "1, " "1, " "1, " "0, " "1, " "1, " "1, " "1, " "1, " "1, " "1, " "1, " "1, " "1, " "1, " "1, " "1, " "1, " "1, " "1, " "1, " "1, " "1, " "1, " "1, " "1, " "1, " "1, " "1, " "1, " "1, " "1, " "1, " "1, " "1, " "1, " "1, " "1, " "1, " "1, " "1, " "1, " "1, " "1, " "1, " "1, " "1, " "1, " "1, " "1, " "1, " "1, " "1, " "1, " "1, " "1, " "1, " "1, " "1, " "1, " "1, " "1, " "1, " "1, " "1, " "1, " "1, " "1, " "1, " "1, " "1, " "1, " "1, " "1, " "1, " "1, " "1, " "1, " "1, " "1, " "1, " "1, " "1, " "1, " "1, " "1, " "1, " "1, " "1, " "1, " "1, " "1, " "1, " "1, " "1, " "1, " "1, " "1, " "1, " "1, " "1, " "1, " "1, " "1, " "1, " "1, " "1, " "1, " "1, " "1, " "1, " "1, " "1, " "1, " "1, " "1, " "1, " "1, " "1, " "1, " "1, " "1, " "1, " "1, " "1, " "1, " "1, " "1, " "1, " "1, " "1, " "1, " "1, " "1, " "1, " "1, " "1, " "1, " "1, " "1, " "1, " "1, " "1, " "1, " "1, " "1, " "1, " "1, " "1, " "1, " "1, " "1, " "1, " "1, " "1, " "1, " "1, " "1, " "1, " "1, " "1, " "1, " "1, " "1, " "1, " "1, " "1, " "1, " "1, " "1, " "1, " "1, " "1, " "1, " "1, " "1, " "1, " "1, " "1, " "1, " "1, " "1, " "1, " "1, " "1, " "1, " "1, " "1, " "1, " "1, " "1, " "1, " "1, " "1, " "1, " "1, " "1, " "1, " "1, " "1, " "1, "0
 "Nei60, 0.035, " "0.628, " "1, " "1, " "1, " "1, " "1, " "1, " "1, " "1, " "1, " "1, " "1, " "1, " "1, " "1, " "1, " "1, " "1, " "1, " "1, " "1, " "1, " "1, " "1, " "1, " "1, " "1, " "1, " "1, " "1, " "1, " "1, " "1, " "1, " "1, " "1, " "1, " "1, " "1, " "1, " "1, " "1, " "1, " "1, " "1, " "1, " "1, " "1, " "1, " "1, " "1, " "1, " "1, " "1, " "1, " "1, " "1, " "1, " "1, " "1, " "1, " "0, " "1, " "1, " "1, " "1, " "1, " "1, " "1, " "1, " "1, " "1, " "1, " "1, " "1, " "1, " "1, " "1, " "1, " "1, " "1, " "1, " "1, " "1, " "1, " "1, " "1, " "1, " "1, " "1, " "1, " "1, " "1, " "1, " "1, " "1, " "1, " "1, " "1, " "1, " "1, " "1, " "1, " "1, " "1, " "1, " "1, " "1, " "1, " "1, " "1, " "1, " "1, " "1, " "1, " "1, " "1, " "1, " "1, " "1, " "1, " "1, " "1, " "1, " "1, " "1, " "1, " "1, " "1, " "1, " "1, " "1, " "1, " "1, " "1, " "1, " "1, " "1, " "1, " "1, " "1, " "1, " "1, " "1, " "1, " "1, " "1, " "1, " "1, " "1, " "1, " "1, " "1, " "1, " "1, " "1, " "1, " "1, " "1, " "1, " "1, " "1, " "1, " "1, " "1, " "1, " "1, " "1, " "1, " "1, " "1, " "1, " "1, " "1, " "1, " "1, " "1, " "1, " "1, " "1, " "1, " "1, " "1, " "1, " "1, " "1, " "1, " "1, " "1, " "1, " "1, " "1, " "1, " "1, " "1, " "1, " "1, " "1, " "1, " "1, " "1, " "1, " "1, " "1, " "1, " "1, " "1, " "1, " "1, " "1, " "1, " "1, " "1, " "1, " "1, " "1, " "1, " "1, " "1, " "1, " "1, " "1, " "1, " "1, " "1, " "1, " "1, " "1, " "1, " "1, " "1, " "1, " "1, " "1, " "1, " "1, " "1, " "1, " "1, " "1, " "1, " "1, " "1, " "1, " "1, " "1, " "1, " "1, " "1, " "1, " "1, " "1, " "1, " "1, " "1, " "1, " "1, " "1, "0
 "Nei61, 0.119, " "0.833, " "1, " "1, " "1, " "1, " "1, " "1, " "1, " "1, " "1, " "1, " "1, " "1, " "1, " "1, " "1, " "1, " "1, " "1, " "1, " "1, " "1, " "1, " "1, " "1, " "1, " "1, " "1, " "1, " "1, " "1, " "1, " "1, " "1, " "1, " "1, " "1, " "1, " "1, " "1, " "1, " "1, " "1, " "1, " "1, " "1, " "1, " "1, " "1, " "1, " "1, " "1, " "1, " "1, " "1, " "1, " "1, " "1, " "1, " "1, " "1, " "1, " "0, " "1, " "1, " "1, " "1, " "1, " "1, " "1, " "1, " "1, " "1, " "1, " "1, " "1, " "1, " "1, " "1, " "1, " "1, " "1, " "1, " "1, " "1, " "1, " "1, " "1, " "1, " "1, " "1, " "1, " "1, " "1, " "1, " "1, " "1, " "1, " "1, " "1, " "1, " "1, " "1, " "1, " "1, " "1, " "1, " "1, " "1, " "1, " "1, " "1, " "1, " "1, " "1, " "1, " "1, " "1, " "1, " "1, " "1, " "1, " "1, " "1, " "1, " "1, " "1, " "1, " "1, " "1, " "1, " "1, " "1, " "1, " "1, " "1, " "1, " "1, " "1, " "1, " "1, " "1, " "1, " "1, " "1, " "1, " "1, " "1, " "1, " "1, " "1, " "1, " "1, " "1, " "1, " "1, " "1, " "1, " "1, " "1, " "1, " "1, " "1, " "1, " "1, " "1, " "1, " "1, " "1, " "1, " "1, " "1, " "1, " "1, " "1, " "1, " "1, " "1, " "1, " "1, " "1, " "1, " "1, " "1, " "1, " "1, " "1, " "1, " "1, " "1, " "1, " "1, " "1, " "1, " "1, " "1, " "1, " "1, " "1, " "1, " "1, " "1, " "1, " "1, " "1, " "1, " "1, " "1, " "1, " "1, " "1, " "1, " "1, " "1, " "1, " "1, " "1, " "1, " "1, " "1, " "1, " "1, " "1, " "1, " "1, " "1, " "1, " "1, " "1, " "1, " "1, " "1, " "1, " "1, " "1, " "1, " "1, " "1, " "1, " "1, " "1, " "1, " "1, " "1, " "1, " "1, " "1, " "1, " "1, " "1, " "1, " "1, " "1, " "1, " "1, " "1, " "1, " "1, "0
 "Nei62, 0.263, " "0.036, " "1, " "1, " "1, " "1, " "1, " "1, " "1, " "1, " "1, " "1, " "1, " "1, " "1, " "1, " "1, " "1, " "1, " "1, " "1, " "1, " "1, " "1, " "1, " "1, " "1, " "1, " "1, " "1, " "1, " "1, " "1, " "1, " "1, " "1, " "1, " "1, " "1, " "1, " "1, " "1, " "1, " "1, " "1, " "1, " "1, " "1, " "1, " "1, " "1, " "1, " "1, " "1, " "1, " "1, " "1, " "1, " "1, " "1, " "1, " "1, " "1, " "1, " "0, " "1, " "1, " "1, " "1, " "1, " "1, " "1, " "1, " "1, " "1, " "1, " "1, " "1, " "1, " "1, " "1, " "1, " "1, " "1, " "1, " "1, " "1, " "1, " "1, " "1, " "1, " "1, " "1, " "1, " "1, " "1, " "1, " "1, " "1, " "1, " "1, " "1, " "1, " "1, " "1, " "1, " "1, " "1, " "1, " "1, " "1, " "1, " "1, " "1, " "1, " "1, " "1, " "1, " "1, " "1, " "1, " "1, " "1, " "1, " "1, " "1, " "1, " "1, " "1, " "1, " "1, " "1, " "1, " "1, " "1, " "1, " "1, " "1, " "1, " "1, " "1, " "1, " "1, " "1, " "1, " "1, " "1, " "1, " "1, " "1, " "1, " "1, " "1, " "1, " "1, " "1, " "1, " "1, " "1, " "1, " "1, " "1, " "1, " "1, " "1, " "1, " "1, " "1, " "1, " "1, " "1, " "1, " "1, " "1, " "1, " "1, " "1, " "1, " "1, " "1, " "1, " "1, " "1, " "1, " "1, " "1, " "1, " "1, " "1, " "1, " "1, " "1, " "1, " "1, " "1, " "1, " "1, " "1, " "1, " "1, " "1, " "1, " "1, " "1, " "1, " "1, " "1, " "1, " "1, " "1, " "1, " "1, " "1, " "1, " "1, " "1, " "1, " "1, " "1, " "1, " "1, " "1, " "1, " "1, " "1, " "1, " "1, " "1, " "1, " "1, " "1, " "1, " "1, " "1, " "1, " "1, " "1, " "1, " "1, " "1, " "1, " "1, " "1, " "1, " "1, " "1, " "1, " "1, " "1, " "1, " "1, " "1, " "1, " "1, " "1, " "1, " "1, " "1, " "1, "0
 "Nei63, 0.472, " "-0.462, " "1, " "1, " "1, " "1, " "1, " "1, " "1, " "1, " "1, " "1, " "1, " "1, " "1, " "1, " "1, " "1, " "1, " "1, " "1, " "1, " "1, " "1, " "1, " "1, " "1, " "1, " "1, " "1, " "1, " "1, " "1, " "1, " "1, " "1, " "1, " "1, " "1, " "1, " "1, " "1, " "1, " "1, " "1, " "1, " "1, " "1, " "1, " "1, " "1, " "1, " "1, " "1, " "1, " "1, " "1, " "1, " "1, " "1, " "1, " "1, " "1, " "1, " "1, " "0, " "1, " "1, " "1, " "1, " "1, " "1, " "1, " "1, " "1, " "1, " "1, " "1, " "1, " "1, " "1, " "1, " "1, " "1, " "1, " "1, " "1, " "1, " "1, " "1, " "1, " "1, " "1, " "1, " "1, " "1, " "1, " "1, " "1, " "1, " "1, " "1, " "1, " "1, " "1, " "1, " "1, " "1, " "1, " "1, " "1, " "1, " "1, " "1, " "1, " "1, " "1, " "1, " "1, " "1, " "1, " "1, " "1, " "1, " "1, " "1, " "1, " "1, " "1, " "1, " "1, " "1, " "1, " "1, " "1, " "1, " "1, " "1, " "1, " "1, " "1, " "1, " "1, " "1, " "1, " "1, " "1, " "1, " "1, " "1, " "1, " "1, " "1, " "1, " "1, " "1, " "1, " "1, " "1, " "1, " "1, " "1, " "1, " "1, " "1, " "1, " "1, " "1, " "1, " "1, " "1, " "1, " "1, " "1, " "1, " "1, " "1, " "1, " "1, " "1, " "1, " "1, " "1, " "1, " "1, " "1, " "1, " "1, " "1, " "1, " "1, " "1, " "1, " "1, " "1, " "1, " "1, " "1, " "1, " "1, " "1, " "1, " "1, " "1, " "1, " "1, " "1, " "1, " "1, " "1, " "1, " "1, " "1, " "1, " "1, " "1, " "1, " "1, " "1, " "1, " "1, " "1, " "1, " "1, " "1, " "1, " "1, " "1, " "1, " "1, " "1, " "1, " "1, " "1, " "1, " "1, " "1, " "1, " "1, " "1, " "1, " "1, " "1, " "1, " "1, " "1, " "1, " "1, " "1, " "1, " "1, " "1, " "1, " "1, " "1, " "1, " "1, " "1, " "1, "0
 "Nei64, 0.48, " "0.748, " "1, " "1, " "1, " "1, " "1, " "1, " "1, " "1, " "1, " "1, " "1, " "1, " "1, " "1, " "1, " "1, " "1, " "1, " "1, " "1, " "1, " "1, " "1, " "1, " "1, " "1, " "1, " "1, " "1, " "1, " "1, " "1, " "1, " "1, " "1, " "1, " "1, " "1, " "1, " "1, " "1, " "1, " "1, " "1, " "1, " "1, " "1, " "1, " "1, " "1, " "1, " "1, " "1, " "1, " "1, " "1, " "1, " "1, " "1, " "1, " "1, " "1, " "1, " "1, " "0, " "1, " "1, " "1, " "1, " "1, " "1, " "1, " "1, " "1, " "1, " "1, " "1, " "1, " "1, " "1, " "1, " "1, " "1, " "1, " "1, " "1, " "1, " "1, " "1, " "1, " "1, " "1, " "1, " "1, " "1, " "1, " "1, " "1, " "1, " "1, " "1, " "1, " "1, " "1, " "1, " "1, " "1, " "1, " "1, " "1, " "1, " "1, " "1, " "1, " "1, " "1, " "1, " "1, " "1, " "1, " "1, " "1, " "1, " "1, " "1, " "1, " "1, " "1, " "1, " "1, " "1, " "1, " "1, " "1, " "1, " "1, " "1, " "1, " "1, " "1, " "1, " "1, " "1, " "1, " "1, " "1, " "1, " "1, " "1, " "1, " "1, " "1, " "1, " "1, " "1, " "1, " "1, " "1, " "1, " "1, " "1, " "1, " "1, " "1, " "1, " "1, " "1, " "1, " "1, " "1, " "1, " "1, " "1, " "1, " "1, " "1, " "1, " "1, " "1, " "1, " "1, " "1, " "1, " "1, " "1, " "1, " "1, " "1, " "1, " "1, " "1, " "1, " "1, " "1, " "1, " "1, " "1, " "1, " "1, " "1, " "1, " "1, " "1, " "1, " "1, " "1, " "1, " "1, " "1, " "1, " "1, " "1, " "1, " "1, " "1, " "1, " "1, " "1, " "1, " "1, " "1, " "1, " "1, " "1, " "1, " "1, " "1, " "1, " "1, " "1, " "1, " "1, " "1, " "1, " "1, " "1, " "1, " "1, " "1, " "1, " "1, " "1, " "1, " "1, " "1, " "1, " "1, " "1, " "1, " "1, " "1, " "1, " "1, " "1, " "1, " "1, " "1, "0
 "Nei65, 0.066, " "0.224, " "1, " "1, " "1, " "1, " "1, " "1, " "1, " "1, " "1, " "1, " "1, " "1, " "1, " "1, " "1, " "1, " "1, " "1, " "1, " "1, " "1, " "1, " "1, " "1, " "1, " "1, " "1, " "1, " "1, " "1, " "1, " "1, " "1, " "1, " "1, " "1, " "1, " "1, " "1, " "1, " "1, " "1, " "1, " "1, " "1, " "1, " "1, " "1, " "1, " "1, " "1, " "1, " "1, " "1, " "1, " "1, " "1, " "1, " "1, " "1, " "1, " "1, " "1, " "1, " "1, " "0, " "1, " "1, " "1, " "1, " "1, " "1, " "1, " "1, " "1, " "1, " "1, " "1, " "1, " "1, " "1, " "1, " "1, " "1, " "1, " "1, " "1, " "1, " "1, " "1, " "1, " "1, " "1, " "1, " "1, " "1, " "1, " "1, " "1, " "1, " "1, " "1, " "1, " "1, " "1, " "1, " "1, " "1, " "1, " "1, " "1, " "1, " "1, " "1, " "1, " "1, " "1, " "1, " "1, " "1, " "1, " "1, " "1, " "1, " "1, " "1, " "1, " "1, " "1, " "1, " "1, " "1, " "1, " "1, " "1, " "1, " "1, " "1, " "1, " "1, " "1, " "1, " "1, " "1, " "1, " "1, " "1, " "1, " "1, " "1, " "1, " "1, " "1, " "1, " "1, " "1, " "1, " "1, " "1, " "1, " "1, " "1, " "1, " "1, " "1, " "1, " "1, " "1, " "1, " "1, " "1, " "1, " "1, " "1, " "1, " "1, " "1, " "1, " "1, " "1, " "1, " "1, " "1, " "1, " "1, " "1, " "1, " "1, " "1, " "1, " "1, " "1, " "1, " "1, " "1, " "1, " "1, " "1, " "1, " "1, " "1, " "1, " "1, " "1, " "1, " "1, " "1, " "1, " "1, " "1, " "1, " "1, " "1, " "1, " "1, " "1, " "1, " "1, " "1, " "1, " "1, " "1, " "1, " "1, " "1, " "1, " "1, " "1, " "1, " "1, " "1, " "1, " "1, " "1, " "1, " "1, " "1, " "1, " "1, " "1, " "1, " "1, " "1, " "1, " "1, " "1, " "1, " "1, " "1, " "1, " "1, " "1, " "1, " "1, " "1, " "1, " "1, "0
 "Nei66, 0.153, " "0.747, " "1, " "1, " "1, " "1, " "1, " "1, " "1, " "1, " "1, " "1, " "1, " "1, " "1, " "1, " "1, " "1, " "1, " "1, " "1, " "1, " "1, " "1, " "1, " "1, " "1, " "1, " "1, " "1, " "1, " "1, " "1, " "1, " "1, " "1, " "1, " "1, " "1, " "1, " "1, " "1, " "1, " "1, " "1, " "1, " "1, " "1, " "1, " "1, " "1, " "1, " "1, " "1, " "1, " "1, " "1, " "1, " "1, " "1, " "1, " "1, " "1, " "1, " "1, " "1, " "1, " "1, " "0, " "1, " "1, " "1, " "1, " "1, " "1, " "1, " "1, " "1, " "1, " "1, " "1, " "1, " "1, " "1, " "1, " "1, " "1, " "1, " "1, " "1, " "1, " "1, " "1, " "1, " "1, " "1, " "1, " "1, " "1, " "1, " "1, " "1, " "1, " "1, " "1, " "1, " "1, " "1, " "1, " "1, " "1, " "1, " "1, " "1, " "1, " "1, " "1, " "1, " "1, " "1, " "1, " "1, " "1, " "1, " "1, " "1, " "1, " "1, " "1, " "1, " "1, " "1, " "1, " "1, " "1, " "1, " "1, " "1, " "1, " "1, " "1, " "1, " "1, " "1, " "1, " "1, " "1, " "1, " "1, " "1, " "1, " "1, " "1, " "1, " "1, " "1, " "1, " "1, " "1, " "1, " "1, " "1, " "1, " "1, " "1, " "1, " "1, " "1, " "1, " "1, " "1, " "1, " "1, " "1, " "1, " "1, " "1, " "1, " "1, " "1, " "1, " "1, " "1, " "1, " "1, " "1, " "1, " "1, " "1, " "1, " "1, " "1, " "1, " "1, " "1, " "1, " "1, " "1, " "1, " "1, " "1, " "1, " "1, " "1, " "1, " "1, " "1, " "1, " "1, " "1, " "1, " "1, " "1, " "1, " "1, " "1, " "1, " "1, " "1, " "1, " "1, " "1, " "1, " "1, " "1, " "1, " "1, " "1, " "1, " "1, " "1, " "1, " "1, " "1, " "1, " "1, " "1, " "1, " "1, " "1, " "1, " "1, " "1, " "1, " "1, " "1, " "1, " "1, " "1, " "1, " "1, " "1, " "1, " "1, " "1, " "1, " "1, " "1, " "1, "0
 "Nei67, 0.496, " "-0.753, " "1, " "1, " "1, " "1, " "1, " "1, " "1, " "1, " "1, " "1, " "1, " "1, " "1, " "1, " "1, " "1, " "1, " "1, " "1, " "1, " "1, " "1, " "1, " "1, " "1, " "1, " "1, " "1, " "1, " "1, " "1, " "1, " "1, " "1, " "1, " "1, " "1, " "1, " "1, " "1, " "1, " "1, " "1, " "1, " "1, " "1, " "1, " "1, " "1, " "1, " "1, " "1, " "1, " "1, " "1, " "1, " "1, " "1, " "1, " "1, " "1, " "1, " "1, " "1, " "1, " "1, " "1, " "0, " "1, " "1, " "1, " "1, " "1, " "1, " "1, " "1, " "1, " "1, " "1, " "1, " "1, " "1, " "1, " "1, " "1, " "1, " "1, " "1, " "1, " "1, " "1, " "1, " "1, " "1, " "1, " "1, " "1, " "1, " "1, " "1, " "1, " "1, " "1, " "1, " "1, " "1, " "1, " "1, " "1, " "1, " "1, " "1, " "1, " "1, " "1, " "1, " "1, " "1, " "1, " "1, " "1, " "1, " "1, " "1, " "1, " "1, " "1, " "1, " "1, " "1, " "1, " "1, " "1, " "1, " "1, " "1, " "1, " "1, " "1, " "1, " "1, " "1, " "1, " "1, " "1, " "1, " "1, " "1, " "1, " "1, " "1, " "1, " "1, " "1, " "1, " "1, " "1, " "1, " "1, " "1, " "1, " "1, " "1, " "1, " "1, " "1, " "1, " "1, " "1, " "1, " "1, " "1, " "1, " "1, " "1, " "1, " "1, " "1, " "1, " "1, " "1, " "1, " "1, " "1, " "1, " "1, " "1, " "1, " "1, " "1, " "1, " "1, " "1, " "1, " "1, " "1, " "1, " "1, " "1, " "1, " "1, " "1, " "1, " "1, " "1, " "1, " "1, " "1, " "1, " "1, " "1, " "1, " "1, " "1, " "1, " "1, " "1, " "1, " "1, " "1, " "1, " "1, " "1, " "1, " "1, " "1, " "1, " "1, " "1, " "1, " "1, " "1, " "1, " "1, " "1, " "1, " "1, " "1, " "1, " "1, " "1, " "1, " "1, " "1, " "1, " "1, " "1, " "1, " "1, " "1, " "1, " "1, " "1, " "1, " "1, " "1, " "1, "0
 "Nei68, 0.044, " "-0.255, " "1, " "1, " "1, " "1, " "1, " "1, " "1, " "1, " "1, " "1, " "1, " "1, " "1, " "1, " "1, " "1, " "1, " "1, " "1, " "1, " "1, " "1, " "1, " "1, " "1, " "1, " "1, " "1, " "1, " "1, " "1, " "1, " "1, " "1, " "1, " "1, " "1, " "1, " "1, " "1, " "1, " "1, " "1, " "1, " "1, " "1, " "1, " "1, " "1, " "1, " "1, " "1, " "1, " "1, " "1, " "1, " "1, " "1, " "1, " "1, " "1, " "1, " "1, " "1, " "1, " "1, " "1, " "1, " "0, " "1, " "1, " "1, " "1, " "1, " "1, " "1, " "1, " "1, " "1, " "1, " "1, " "1, " "1, " "1, " "1, " "1, " "1, " "1, " "1, " "1, " "1, " "1, " "1, " "1, " "1, " "1, " "1, " "1, " "1, " "1, " "1, " "1, " "1, " "1, " "1, " "1, " "1, " "1, " "1, " "1, " "1, " "1, " "1, " "1, " "1, " "1, " "1, " "1, " "1, " "1, " "1, " "1, " "1, " "1, " "1, " "1, " "1, " "1, " "1, " "1, " "1, " "1, " "1, " "1, " "1, " "1, " "1, " "1, " "1, " "1, " "1, " "1, " "1, " "1, " "1, " "1, " "1, " "1, " "1, " "1, " "1, " "1, " "1, " "1, " "1, " "1, " "1, " "1, " "1, " "1, " "1, " "1, " "1, " "1, " "1, " "1, " "1, " "1, " "1, " "1, " "1, " "1, " "1, " "1, " "1, " "1, " "1, " "1, " "1, " "1, " "1, " "1, " "1, " "1, " "1, " "1, " "1, " "1, " "1, " "1, " "1, " "1, " "1, " "1, " "1, " "1, " "1, " "1, " "1, " "1, " "1, " "1, " "1, " "1, " "1, " "1, " "1, " "1, " "1, " "1, " "1, " "1, " "1, " "1, " "1, " "1, " "1, " "1, " "1, " "1, " "1, " "1, " "1, " "1, " "1, " "1, " "1, " "1, " "1, " "1, " "1, " "1, " "1, " "1, " "1, " "1, " "1, " "1, " "1, " "1, " "1, " "1, " "1, " "1, " "1, " "1, " "1, " "1, " "1, " "1, " "1, " "1, " "1, " "1, " "1, " "1, " "1, "0
 "Nei69, 0.1, " "-0.352, " "1, " "1, " "1, " "1, " "1, " "1, " "1, " "1, " "1, " "1, " "1, " "1, " "1, " "1, " "1, " "1, " "1, " "1, " "1, " "1, " "1, " "1, " "1, " "1, " "1, " "1, " "1, " "1, " "1, " "1, " "1, " "1, " "1, " "1, " "1, " "1, " "1, " "1, " "1, " "1, " "1, " "1, " "1, " "1, " "1, " "1, " "1, " "1, " "1, " "1, " "1, " "1, " "1, " "1, " "1, " "1, " "1, " "1, " "1, " "1, " "1, " "1, " "1, " "1, " "1, " "1, " "1, " "1, " "1, " "0, " "1, " "1, " "1, " "1, " "1, " "1, " "1, " "1, " "1, " "1, " "1, " "1, " "1, " "1, " "1, " "1, " "1, " "1, " "1, " "1, " "1, " "1, " "1, " "1, " "1, " "1, " "1, " "1, " "1, " "1, " "1, " "1, " "1, " "1, " "1, " "1, " "1, " "1, " "1, " "1, " "1, " "1, " "1, " "1, " "1, " "1, " "1, " "1, " "1, " "1, " "1, " "1, " "1, " "1, " "1, " "1, " "1, " "1, " "1, " "1, " "1, " "1, " "1, " "1, " "1, " "1, " "1, " "1, " "1, " "1, " "1, " "1, " "1, " "1, " "1, " "1, " "1, " "1, " "1, " "1, " "1, " "1, " "1, " "1, " "1, " "1, " "1, " "1, " "1, " "1, " "1, " "1, " "1, " "1, " "1, " "1, " "1, " "1, " "1, " "1, " "1, " "1, " "1, " "1, " "1, " "1, " "1, " "1, " "1, " "1, " "1, " "1, " "1, " "1, " "1, " "1, " "1, " "1, " "1, " "1, " "1, " "1, " "1, " "1, " "1, " "1, " "1, " "1, " "1, " "1, " "1, " "1, " "1, " "1, " "1, " "1, " "1, " "1, " "1, " "1, " "1, " "1, " "1, " "1, " "1, " "1, " "1, " "1, " "1, " "1, " "1, " "1, " "1, " "1, " "1, " "1, " "1, " "1, " "1, " "1, " "1, " "1, " "1, " "1, " "1, " "1, " "1, " "1, " "1, " "1, " "1, " "1, " "1, " "1, " "1, " "1, " "1, " "1, " "1, " "1, " "1, " "1, " "1, " "1, " "1, " "1, " "1, "0
 "Nei70, 0.393, " "-0.493, " "1, " "1, " "1, " "1, " "1, " "1, " "1, " "1, " "1, " "1, " "1, " "1, " "1, " "1, " "1, " "1, " "1, " "1, " "1, " "1, " "1, " "1, " "1, " "1, " "1, " "1, " "1, " "1, " "1, " "1, " "1, " "1, " "1, " "1, " "1, " "1, " "1, " "1, " "1, " "1, " "1, " "1, " "1, " "1, " "1, " "1, " "1, " "1, " "1, " "1, " "1, " "1, " "1, " "1, " "1, " "1, " "1, " "1, " "1, " "1, " "1, " "1, " "1, " "1, " "1, " "1, " "1, " "1, " "1, " "1, " "0, " "1, " "1, " "1, " "1, " "1, " "1, " "1, " "1, " "1, " "1, " "1, " "1, " "1, " "1, " "1, " "1, " "1, " "1, " "1, " "1, " "1, " "1, " "1, " "1, " "1, " "1, " "1, " "1, " "1, " "1, " "1, " "1, " "1, " "1, " "1, " "1, " "1, " "1, " "1, " "1, " "1, " "1, " "1, " "1, " "1, " "1, " "1, " "1, " "1, " "1, " "1, " "1, " "1, " "1, " "1, " "1, " "1, " "1, " "1, " "1, " "1, " "1, " "1, " "1, " "1, " "1, " "1, " "1, " "1, " "1, " "1, " "1, " "1, " "1, " "1, " "1, " "1, " "1, " "1, " "1, " "1, " "1, " "1, " "1, " "1, " "1, " "1, " "1, " "1, " "1, " "1, " "1, " "1, " "1, " "1, " "1, " "1, " "1, " "1, " "1, " "1, " "1, " "1, " "1, " "1, " "1, " "1, " "1, " "1, " "1, " "1, " "1, " "1, " "1, " "1, " "1, " "1, " "1, " "1, " "1, " "1, " "1, " "1, " "1, " "1, " "1, " "1, " "1, " "1, " "1, " "1, " "1, " "1, " "1, " "1, " "1, " "1, " "1, " "1, " "1, " "1, " "1, " "1, " "1, " "1, " "1, " "1, " "1, " "1, " "1, " "1, " "1, " "1, " "1, " "1, " "1, " "1, " "1, " "1, " "1, " "1, " "1, " "1, " "1, " "1, " "1, " "1, " "1, " "1, " "1, " "1, " "1, " "1, " "1, " "1, " "1, " "1, " "1, " "1, " "1, " "1, " "1, " "1, " "1, " "1, " "1, "0
 "Nei71, 0.114, " "-0.512, " "1, " "1, " "1, " "1, " "1, " "1, " "1, " "1, " "1, " "1, " "1, " "1, " "1, " "1, " "1, " "1, " "1, " "1, " "1, " "1, " "1, " "1, " "1, " "1, " "1, " "1, " "1, " "1, " "1, " "1, " "1, " "1, " "1, " "1, " "1, " "1, " "1, " "1, " "1, " "1, " "1, " "1, " "1, " "1, " "1, " "1, " "1, " "1, " "1, " "1, " "1, " "1, " "1, " "1, " "1, " "1, " "1, " "1, " "1, " "1, " "1, " "1, " "1, " "1, " "1, " "1, " "1, " "1, " "1, " "1, " "1, " "0, " "1, " "1, " "1, " "1, " "1, " "1, " "1, " "1, " "1, " "1, " "1, " "1, " "1, " "1, " "1, " "1, " "1, " "1, " "1, " "1, " "1, " "1, " "1, " "1, " "1, " "1, " "1, " "1, " "1, " "1, " "1, " "1, " "1, " "1, " "1, " "1, " "1, " "1, " "1, " "1, " "1, " "1, " "1, " "1, " "1, " "1, " "1, " "1, " "1, " "1, " "1, " "1, " "1, " "1, " "1, " "1, " "1, " "1, " "1, " "1, " "1, " "1, " "1, " "1, " "1, " "1, " "1, " "1, " "1, " "1, " "1, " "1, " "1, " "1, " "1, " "1, " "1, " "1, " "1, " "1, " "1, " "1, " "1, " "1, " "1, " "1, " "1, " "1, " "1, " "1, " "1, " "1, " "1, " "1, " "1, " "1, " "1, " "1, " "1, " "1, " "1, " "1, " "1, " "1, " "1, " "1, " "1, " "1, " "1, " "1, " "1, " "1, " "1, " "1, " "1, " "1, " "1, " "1, " "1, " "1, " "1, " "1, " "1, " "1, " "1, " "1, " "1, " "1, " "1, " "1, " "1, " "1, " "1, " "1, " "1, " "1, " "1, " "1, " "1, " "1, " "1, " "1, " "1, " "1, " "1, " "1, " "1, " "1, " "1, " "1, " "1, " "1, " "1, " "1, " "1, " "1, " "1, " "1, " "1, " "1, " "1, " "1, " "1, " "1, " "1, " "1, " "1, " "1, " "1, " "1, " "1, " "1, " "1, " "1, " "1, " "1, " "1, " "1, " "1, " "1, " "1, " "1, " "1, " "1, " "1, "0
 "Nei72, 0.533, " "0.384, " "1, " "1, " "1, " "1, " "1, " "1, " "1, " "1, " "1, " "1, " "1, " "1, " "1, " "1, " "1, " "1, " "1, " "1, " "1, " "1, " "1, " "1, " "1, " "1, " "1, " "1, " "1, " "1, " "1, " "1, " "1, " "1, " "1, " "1, " "1, " "1, " "1, " "1, " "1, " "1, " "1, " "1, " "1, " "1, " "1, " "1, " "1, " "1, " "1, " "1, " "1, " "1, " "1, " "1, " "1, " "1, " "1, " "1, " "1, " "1, " "1, " "1, " "1, " "1, " "1, " "1, " "1, " "1, " "1, " "1, " "1, " "1, " "0, " "1, " "1, " "1, " "1, " "1, " "1, " "1, " "1, " "1, " "1, " "1, " "1, " "1, " "1, " "1, " "1, " "1, " "1, " "1, " "1, " "1, " "1, " "1, " "1, " "1, " "1, " "1, " "1, " "1, " "1, " "1, " "1, " "1, " "1, " "1, " "1, " "1, " "1, " "1, " "1, " "1, " "1, " "1, " "1, " "1, " "1, " "1, " "1, " "1, " "1, " "1, " "1, " "1, " "1, " "1, " "1, " "1, " "1, " "1, " "1, " "1, " "1, " "1, " "1, " "1, " "1, " "1, " "1, " "1, " "1, " "1, " "1, " "1, " "1, " "1, " "1, " "1, " "1, " "1, " "1, " "1, " "1, " "1, " "1, " "1, " "1, " "1, " "1, " "1, " "1, " "1, " "1, " "1, " "1, " "1, " "1, " "1, " "1, " "1, " "1, " "1, " "1, " "1, " "1, " "1, " "1, " "1, " "1, " "1, " "1, " "1, " "1, " "1, " "1, " "1, " "1, " "1, " "1, " "1, " "1, " "1, " "1, " "1, " "1, " "1, " "1, " "1, " "1, " "1, " "1, " "1, " "1, " "1, " "1, " "1, " "1, " "1, " "1, " "1, " "1, " "1, " "1, " "1, " "1, " "1, " "1, " "1, " "1, " "1, " "1, " "1, " "1, " "1, " "1, " "1, " "1, " "1, " "1, " "1, " "1, " "1, " "1, " "1, " "1, " "1, " "1, " "1, " "1, " "1, " "1, " "1, " "1, " "1, " "1, " "1, " "1, " "1, " "1, " "1, " "1, " "1, " "1, " "1, " "1, "0
 "Nei73, 0.169, " "0.423, " "1, " "1, " "1, " "1, " "1, " "1, " "1, " "1, " "1, " "1, " "1, " "1, " "1, " "1, " "1, " "1, " "1, " "1, " "1, " "1, " "1, " "1, " "1, " "1, " "1, " "1, " "1, " "1, " "1, " "1, " "1, " "1, " "1, " "1, " "1, " "1, " "1, " "1, " "1, " "1, " "1, " "1, " "1, " "1, " "1, " "1, " "1, " "1, " "1, " "1, " "1, " "1, " "1, " "1, " "1, " "1, " "1, " "1, " "1, " "1, " "1, " "1, " "1, " "1, " "1, " "1, " "1, " "1, " "1, " "1, " "1, " "1, " "1, " "0, " "1, " "1, " "1, " "1, " "1, " "1, " "1, " "1, " "1, " "1, " "1, " "1, " "1, " "1, " "1, " "1, " "1, " "1, " "1, " "1, " "1, " "1, " "1, " "1, " "1, " "1, " "1, " "1, " "1, " "1, " "1, " "1, " "1, " "1, " "1, " "1, " "1, " "1, " "1, " "1, " "1, " "1, " "1, " "1, " "1, " "1, " "1, " "1, " "1, " "1, " "1, " "1, " "1, " "1, " "1, " "1, " "1, " "1, " "1, " "1, " "1, " "1, " "1, " "1, " "1, " "1, " "1, " "1, " "1, " "1, " "1, " "1, " "1, " "1, " "1, " "1, " "1, " "1, " "1, " "1, " "1, " "1, " "1, " "1, " "1, " "1, " "1, " "1, " "1, " "1, " "1, " "1, " "1, " "1, " "1, " "1, " "1, " "1, " "1, " "1, " "1, " "1, " "1, " "1, " "1, " "1, " "1, " "1, " "1, " "1, " "1, " "1, " "1, " "1, " "1, " "1, " "1, " "1, " "1, " "1, " "1, " "1, " "1, " "1, " "1, " "1, " "1, " "1, " "1, " "1, " "1, " "1, " "1, " "1, " "1, " "1, " "1, " "1, " "1, " "1, " "1, " "1, " "1, " "1, " "1, " "1, " "1, " "1, " "1, " "1, " "1, " "1, " "1, " "1, " "1, " "1, " "1, " "1, " "1, " "1, " "1, " "1, " "1, " "1, " "1, " "1, " "1, " "1, " "1, " "1, " "1, " "1, " "1, " "1, " "1, " "1, " "1, " "1, " "1, " "1, " "1, " "1, " "1, "0
 "Nei74, 0.38, " "-0.053, " "1, " "1, " "1, " "1, " "1, " "1, " "1, " "1, " "1, " "1, " "1, " "1, " "1, " "1, " "1, " "1, " "1, " "1, " "1, " "1, " "1, " "1, " "1, " "1, " "1, " "1, " "1, " "1, " "1, " "1, " "1, " "1, " "1, " "1, " "1, " "1, " "1, " "1, " "1, " "1, " "1, " "1, " "1, " "1, " "1, " "1, " "1, " "1, " "1, " "1, " "1, " "1, " "1, " "1, " "1, " "1, " "1, " "1, " "1, " "1, " "1, " "1, " "1, " "1, " "1, " "1, " "1, " "1, " "1, " "1, " "1, " "1, " "1, " "1, " "0, " "1, " "1, " "1, " "1, " "1, " "1, " "1, " "1, " "1, " "1, " "1, " "1, " "1, " "1, " "1, " "1, " "1, " "1, " "1, " "1, " "1, " "1, " "1, " "1, " "1, " "1, " "1, " "1, " "1, " "1, " "1, " "1, " "1, " "1, " "1, " "1, " "1, " "1, " "1, " "1, " "1, " "1, " "1, " "1, " "1, " "1, " "1, " "1, " "1, " "1, " "1, " "1, " "1, " "1, " "1, " "1, " "1, " "1, " "1, " "1, " "1, " "1, " "1, " "1, " "1, " "1, " "1, " "1, " "1, " "1, " "1, " "1, " "1, " "1, " "1, " "1, " "1, " "1, " "1, " "1, " "1, " "1, " "1, " "1, " "1, " "1, " "1, " "1, " "1, " "1, " "1, " "1, " "1, " "1, " "1, " "1, " "1, " "1, " "1, " "1, " "1, " "1, " "1, " "1, " "1, " "1, " "1, " "1, " "1, " "1, " "1, " "1, " "1, " "1, " "1, " "1, " "1, " "1, " "1, " "1, " "1, " "1, " "1, " "1, " "1, " "1, " "1, " "1, " "1, " "1, " "1, " "1, " "1, " "1, " "1, " "1, " "1, " "1, " "1, " "1, " "1, " "1, " "1, " "1, " "1, " "1, " "1, " "1, " "1, " "1, " "1, " "1, " "1, " "1, " "1, " "1, " "1, " "1, " "1, " "1, " "1, " "1, " "1, " "1, " "1, " "1, " "1, " "1, " "1, " "1, " "1, " "1, " "1, " "1, " "1, " "1, " "1, " "1, " "1, " "1, " "1, " "1, "0
 "Nei75, 0.545, " "0.92, " "1, " "1, " "1, " "1, " "1, " "1, " "1, " "1, " "1, " "1, " "1, " "1, " "1, " "1, " "1, " "1, " "1, " "1, " "1, " "1, " "1, " "1, " "1, " "1, " "1, " "1, " "1, " "1, " "1, " "1, " "1, " "1, " "1, " "1, " "1, " "1, " "1, " "1, " "1, " "1, " "1, " "1, " "1, " "1, " "1, " "1, " "1, " "1, " "1, " "1, " "1, " "1, " "1, " "1, " "1, " "1, " "1, " "1, " "1, " "1, " "1, " "1, " "1, " "1, " "1, " "1, " "1, " "1, " "1, " "1, " "1, " "1, " "1, " "1, " "1, " "0, " "1, " "1, " "1, " "1, " "1, " "1, " "1, " "1, " "1, " "1, " "1, " "1, " "1, " "1, " "1, " "1, " "1, " "1, " "1, " "1, " "1, " "1, " "1, " "1, " "1, " "1, " "1, " "1, " "1, " "1, " "1, " "1, " "1, " "1, " "1, " "1, " "1, " "1, " "1, " "1, " "1, " "1, " "1, " "1, " "1, " "1, " "1, " "1, " "1, " "1, " "1, " "1, " "1, " "1, " "1, " "1, " "1, " "1, " "1, " "1, " "1, " "1, " "1, " "1, " "1, " "1, " "1, " "1, " "1, " "1, " "1, " "1, " "1, " "1, " "1, " "1, " "1, " "1, " "1, " "1, " "1, " "1, " "1, " "1, " "1, " "1, " "1, " "1, " "1, " "1, " "1, " "1, " "1, " "1, " "1, " "1, " "1, " "1, " "1, " "1, " "1, " "1, " "1, " "1, " "1, " "1, " "1, " "1, " "1, " "1, " "1, " "1, " "1, " "1, " "1, " "1, " "1, " "1, " "1, " "1, " "1, " "1, " "1, " "1, " "1, " "1, " "1, " "1, " "1, " "1, " "1, " "1, " "1, " "1, " "1, " "1, " "1, " "1, " "1, " "1, " "1, " "1, " "1, " "1, " "1, " "1, " "1, " "1, " "1, " "1, " "1, " "1, " "1, " "1, " "1, " "1, " "1, " "1, " "1, " "1, " "1, " "1, " "1, " "1, " "1, " "1, " "1, " "1, " "1, " "1, " "1, " "1, " "1, " "1, " "1, " "1, " "1, " "1, " "1, " "1, " "1, "0
 "Nei76, 0.43, " "0.834, " "1, " "1, " "1, " "1, " "1, " "1, " "1, " "1, " "1, " "1, " "1, " "1, " "1, " "1, " "1, " "1, " "1, " "1, " "1, " "1, " "1, " "1, " "1, " "1, " "1, " "1, " "1, " "1, " "1, " "1, " "1, " "1, " "1, " "1, " "1, " "1, " "1, " "1, " "1, " "1, " "1, " "1, " "1, " "1, " "1, " "1, " "1, " "1, " "1, " "1, " "1, " "1, " "1, " "1, " "1, " "1, " "1, " "1, " "1, " "1, " "1, " "1, " "1, " "1, " "1, " "1, " "1, " "1, " "1, " "1, " "1, " "1, " "1, " "1, " "1, " "1, " "0, " "1, " "1, " "1, " "1, " "1, " "1, " "1, " "1, " "1, " "1, " "1, " "1, " "1, " "1, " "1, " "1, " "1, " "1, " "1, " "1, " "1, " "1, " "1, " "1, " "1, " "1, " "1, " "1, " "1, " "1, " "1, " "1, " "1, " "1, " "1, " "1, " "1, " "1, " "1, " "1, " "1, " "1, " "1, " "1, " "1, " "1, " "1, " "1, " "1, " "1, " "1, " "1, " "1, " "1, " "1, " "1, " "1, " "1, " "1, " "1, " "1, " "1, " "1, " "1, " "1, " "1, " "1, " "1, " "1, " "1, " "1, " "1, " "1, " "1, " "1, " "1, " "1, " "1, " "1, " "1, " "1, " "1, " "1, " "1, " "1, " "1, " "1, " "1, " "1, " "1, " "1, " "1, " "1, " "1, " "1, " "1, " "1, " "1, " "1, " "1, " "1, " "1, " "1, " "1, " "1, " "1, " "1, " "1, " "1, " "1, " "1, " "1, " "1, " "1, " "1, " "1, " "1, " "1, " "1, " "1, " "1, " "1, " "1, " "1, " "1, " "1, " "1, " "1, " "1, " "1, " "1, " "1, " "1, " "1, " "1, " "1, " "1, " "1, " "1, " "1, " "1, " "1, " "1, " "1, " "1, " "1, " "1, " "1, " "1, " "1, " "1, " "1, " "1, " "1, " "1, " "1, " "1, " "1, " "1, " "1, " "1, " "1, " "1, " "1, " "1, " "1, " "1, " "1, " "1, " "1, " "1, " "1, " "1, " "1, " "1, " "1, " "1, " "1, " "1, " "1, "0
 "Nei77, 0.58, " "-0.801, " "1, " "1, " "1, " "1, " "1, " "1, " "1, " "1, " "1, " "1, " "1, " "1, " "1, " "1, " "1, " "1, " "1, " "1, " "1, " "1, " "1, " "1, " "1, " "1, " "1, " "1, " "1, " "1, " "1, " "1, " "1, " "1, " "1, " "1, " "1, " "1, " "1, " "1, " "1, " "1, " "1, " "1, " "1, " "1, " "1, " "1, " "1, " "1, " "1, " "1, " "1, " "1, " "1, " "1, " "1, " "1, " "1, " "1, " "1, " "1, " "1, " "1, " "1, " "1, " "1, " "1, " "1, " "1, " "1, " "1, " "1, " "1, " "1, " "1, " "1, " "1, " "1, " "0, " "1, " "1, " "1, " "1, " "1, " "1, " "1, " "1, " "1, " "1, " "1, " "1, " "1, " "1, " "1, " "1, " "1, " "1, " "1, " "1, " "1, " "1, " "1, " "1, " "1, " "1, " "1, " "1, " "1, " "1, " "1, " "1, " "1, " "1, " "1, " "1, " "1, " "1, " "1, " "1, " "1, " "1, " "1, " "1, " "1, " "1, " "1, " "1, " "1, " "1, " "1, " "1, " "1, " "1, " "1, " "1, " "1, " "1, " "1, " "1, " "1, " "1, " "1, " "1, " "1, " "1, " "1, " "1, " "1, " "1, " "1, " "1, " "1, " "1, " "1, " "1, " "1, " "1, " "1, " "1, " "1, " "1, " "1, " "1, " "1, " "1, " "1, " "1, " "1, " "1, " "1, " "1, " "1, " "1, " "1, " "1, " "1, " "1, " "1, " "1, " "1, " "1, " "1, " "1, " "1, " "1, " "1, " "1, " "1, " "1, " "1, " "1, " "1, " "1, " "1, " "1, " "1, " "1, " "1, " "1, " "1, " "1, " "1, " "1, " "1, " "1, " "1, " "1, " "1, " "1, " "1, " "1, " "1, " "1, " "1, " "1, " "1, " "1, " "1, " "1, " "1, " "1, " "1, " "1, " "1, " "1, " "1, " "1, " "1, " "1, " "1, " "1, " "1, " "1, " "1, " "1, " "1, " "1, " "1, " "1, " "1, " "1, " "1, " "1, " "1, " "1, " "1, " "1, " "1, " "1, " "1, " "1, " "1, " "1, " "1, " "1, " "1, " "1, " "1, "0
 "Nei78, 0.399, " "-0.456, " "1, " "1, " "1, " "1, " "1, " "1, " "1, " "1, " "1, " "1, " "1, " "1, " "1, " "1, " "1, " "1, " "1, " "1, " "1, " "1, " "1, " "1, " "1, " "1, " "1, " "1, " "1, " "1, " "1, " "1, " "1, " "1, " "1, " "1, " "1, " "1, " "1, " "1, " "1, " "1, " "1, " "1, " "1, " "1, " "1, " "1, " "1, " "1, " "1, " "1, " "1, " "1, " "1, " "1, " "1, " "1, " "1, " "1, " "1, " "1, " "1, " "1, " "1, " "1, " "1, " "1, " "1, " "1, " "1, " "1, " "1, " "1, " "1, " "1, " "1, " "1, " "1, " "1, " "0, " "1, " "1, " "1, " "1, " "1, " "1, " "1, " "1, " "1, " "1, " "1, " "1, " "1, " "1, " "1, " "1, " "1, " "1, " "1, " "1, " "1, " "1, " "1, " "1, " "1, " "1, " "1, " "1, " "1, " "1, " "1, " "1, " "1, " "1, " "1, " "1, " "1, " "1, " "1, " "1, " "1, " "1, " "1, " "1, " "1, " "1, " "1, " "1, " "1, " "1, " "1, " "1, " "1, " "1, " "1, " "1, " "1, " "1, " "1, " "1, " "1, " "1, " "1, " "1, " "1, " "1, " "1, " "1, " "1, " "1, " "1, " "1, " "1, " "1, " "1, " "1, " "1, " "1, " "1, " "1, " "1, " "1, " "1, " "1, " "1, " "1, " "1, " "1, " "1, " "1, " "1, " "1, " "1, " "1, " "1, " "1, " "1, " "1, " "1, " "1, " "1, " "1, " "1, " "1, " "1, " "1, " "1, " "1, " "1, " "1, " "1, " "1, " "1, " "1, " "1, " "1, " "1, " "1, " "1, " "1, " "1, " "1, " "1, " "1, " "1, " "1, " "1, " "1, " "1, " "1, " "1, " "1, " "1, " "1, " "1, " "1, " "1, " "1, " "1, " "1, " "1, " "1, " "1, " "1, " "1, " "1, " "1, " "1, " "1, " "1, " "1, " "1, " "1, " "1, " "1, " "1, " "1, " "1, " "1, " "1, " "1, " "1, " "1, " "1, " "1, " "1, " "1, " "1, " "1, " "1, " "1, " "1, " "1, " "1, " "1, " "1, " "1, " "1, "0
 "Nei79, 0.161, " "0.655, " "1, " "1, " "1, " "1, " "1, " "1, " "1, " "1, " "1, " "1, " "1, " "1, " "1, " "1, " "1, " "1, " "1, " "1, " "1, " "1, " "1, " "1, " "1, " "1, " "1, " "1, " "1, " "1, " "1, " "1, " "1, " "1, " "1, " "1, " "1, " "1, " "1, " "1, " "1, " "1, " "1, " "1, " "1, " "1, " "1, " "1, " "1, " "1, " "1, " "1, " "1, " "1, " "1, " "1, " "1, " "1, " "1, " "1, " "1, " "1, " "1, " "1, " "1, " "1, " "1, " "1, " "1, " "1, " "1, " "1, " "1, " "1, " "1, " "1, " "1, " "1, " "1, " "1, " "1, " "0, " "1, " "1, " "1, " "1, " "1, " "1, " "1, " "1, " "1, " "1, " "1, " "1, " "1, " "1, " "1, " "1, " "1, " "1, " "1, " "1, " "1, " "1, " "1, " "1, " "1, " "1, " "1, " "1, " "1, " "1, " "1, " "1, " "1, " "1, " "1, " "1, " "1, " "1, " "1, " "1, " "1, " "1, " "1, " "1, " "1, " "1, " "1, " "1, " "1, " "1, " "1, " "1, " "1, " "1, " "1, " "1, " "1, " "1, " "1, " "1, " "1, " "1, " "1, " "1, " "1, " "1, " "1, " "1, " "1, " "1, " "1, " "1, " "1, " "1, " "1, " "1, " "1, " "1, " "1, " "1, " "1, " "1, " "1, " "1, " "1, " "1, " "1, " "1, " "1, " "1, " "1, " "1, " "1, " "1, " "1, " "1, " "1, " "1, " "1, " "1, " "1, " "1, " "1, " "1, " "1, " "1, " "1, " "1, " "1, " "1, " "1, " "1, " "1, " "1, " "1, " "1, " "1, " "1, " "1, " "1, " "1, " "1, " "1, " "1, " "1, " "1, " "1, " "1, " "1, " "1, " "1, " "1, " "1, " "1, " "1, " "1, " "1, " "1, " "1, " "1, " "1, " "1, " "1, " "1, " "1, " "1, " "1, " "1, " "1, " "1, " "1, " "1, " "1, " "1, " "1, " "1, " "1, " "1, " "1, " "1, " "1, " "1, " "1, " "1, " "1, " "1, " "1, " "1, " "1, " "1, " "1, " "1, " "1, " "1, " "1, " "1, " "1, "0
 "Nei80, 0.521, " "-0.024, " "1, " "1, " "1, " "1, " "1, " "1, " "1, " "1, " "1, " "1, " "1, " "1, " "1, " "1, " "1, " "1, " "1, " "1, " "1, " "1, " "1, " "1, " "1, " "1, " "1, " "1, " "1, " "1, " "1, " "1, " "1, " "1, " "1, " "1, " "1, " "1, " "1, " "1, " "1, " "1, " "1, " "1, " "1, " "1, " "1, " "1, " "1, " "1, " "1, " "1, " "1, " "1, " "1, " "1, " "1, " "1, " "1, " "1, " "1, " "1, " "1, " "1, " "1, " "1, " "1, " "1, " "1, " "1, " "1, " "1, " "1, " "1, " "1, " "1, " "1, " "1, " "1, " "1, " "1, " "1, " "0, " "1, " "1, " "1, " "1, " "1, " "1, " "1, " "1, " "1, " "1, " "1, " "1, " "1, " "1, " "1, " "1, " "1, " "1, " "1, " "1, " "1, " "1, " "1, " "1, " "1, " "1, " "1, " "1, " "1, " "1, " "1, " "1, " "1, " "1, " "1, " "1, " "1, " "1, " "1, " "1, " "1, " "1, " "1, " "1, " "1, " "1, " "1, " "1, " "1, " "1, " "1, " "1, " "1, " "1, " "1, " "1, " "1, " "1, " "1, " "1, " "1, " "1, " "1, " "1, " "1, " "1, " "1, " "1, " "1, " "1, " "1, " "1, " "1, " "1, " "1, " "1, " "1, " "1, " "1, " "1, " "1, " "1, " "1, " "1, " "1, " "1, " "1, " "1, " "1, " "1, " "1, " "1, " "1, " "1, " "1, " "1, " "1, " "1, " "1, " "1, " "1, " "1, " "1, " "1, " "1, " "1, " "1, " "1, " "1, " "1, " "1, " "1, " "1, " "1, " "1, " "1, " "1, " "1, " "1, " "1, " "1, " "1, " "1, " "1, " "1, " "1, " "1, " "1, " "1, " "1, " "1, " "1, " "1, " "1, " "1, " "1, " "1, " "1, " "1, " "1, " "1, " "1, " "1, " "1, " "1, " "1, " "1, " "1, " "1, " "1, " "1, " "1, " "1, " "1, " "1, " "1, " "1, " "1, " "1, " "1, " "1, " "1, " "1, " "1, " "1, " "1, " "1, " "1, " "1, " "1, " "1, " "1, " "1, " "1, " "1, " "1, "0
 "Nei81, 0.507, " "-0.925, " "1, " "1, " "1, " "1, " "1, " "1, " "1, " "1, " "1, " "1, " "1, " "1, " "1, " "1, " "1, " "1, " "1, " "1, " "1, " "1, " "1, " "1, " "1, " "1, " "1, " "1, " "1, " "1, " "1, " "1, " "1, " "1, " "1, " "1, " "1, " "1, " "1, " "1, " "1, " "1, " "1, " "1, " "1, " "1, " "1, " "1, " "1, " "1, " "1, " "1, " "1, " "1, " "1, " "1, " "1, " "1, " "1, " "1, " "1, " "1, " "1, " "1, " "1, " "1, " "1, " "1, " "1, " "1, " "1, " "1, " "1, " "1, " "1, " "1, " "1, " "1, " "1, " "1, " "1, " "1, " "1, " "0, " "1, " "1, " "1, " "1, " "1, " "1, " "1, " "1, " "1, " "1, " "1, " "1, " "1, " "1, " "1, " "1, " "1, " "1, " "1, " "1, " "1, " "1, " "1, " "1, " "1, " "1, " "1, " "1, " "1, " "1, " "1, " "1, " "1, " "1, " "1, " "1, " "1, " "1, " "1, " "1, " "1, " "1, " "1, " "1, " "1, " "1, " "1, " "1, " "1, " "1, " "1, " "1, " "1, " "1, " "1, " "1, " "1, " "1, " "1, " "1, " "1, " "1, " "1, " "1, " "1, " "1, " "1, " "1, " "1, " "1, " "1, " "1, " "1, " "1, " "1, " "1, " "1, " "1, " "1, " "1, " "1, " "1, " "1, " "1, " "1, " "1, " "1, " "1, " "1, " "1, " "1, " "1, " "1, " "1, " "1, " "1, " "1, " "1, " "1, " "1, " "1, " "1, " "1, " "1, " "1, " "1, " "1, " "1, " "1, " "1, " "1, " "1, " "1, " "1, " "1, " "1, " "1, " "1, " "1, " "1, " "1, " "1, " "1, " "1, " "1, " "1, " "1, " "1, " "1, " "1, " "1, " "1, " "1, " "1, " "1, " "1, " "1, " "1, " "1, " "1, " "1, " "1, " "1, " "1, " "1, " "1, " "1, " "1, " "1, " "1, " "1, " "1, " "1, " "1, " "1, " "1, " "1, " "1, " "1, " "1, " "1, " "1, " "1, " "1, " "1, " "1, " "1, " "1, " "1, " "1, " "1, " "1, " "1, " "1, " "1, "0
 "Nei82, 0.267, " "0.595, " "1, " "1, " "1, " "1, " "1, " "1, " "1, " "1, " "1, " "1, " "1, " "1, " "1, " "1, " "1, " "1, " "1, " "1, " "1, " "1, " "1, " "1, " "1, " "1, " "1, " "1, " "1, " "1, " "1, " "1, " "1, " "1, " "1, " "1, " "1, " "1, " "1, " "1, " "1, " "1, " "1, " "1, " "1, " "1, " "1, " "1, " "1, " "1, " "1, " "1, " "1, " "1, " "1, " "1, " "1, " "1, " "1, " "1, " "1, " "1, " "1, " "1, " "1, " "1, " "1, " "1, " "1, " "1, " "1, " "1, " "1, " "1, " "1, " "1, " "1, " "1, " "1, " "1, " "1, " "1, " "1, " "1, " "0, " "1, " "1, " "1, " "1, " "1, " "1, " "1, " "1, " "1, " "1, " "1, " "1, " "1, " "1, " "1, " "1, " "1, " "1, " "1, " "1, " "1, " "1, " "1, " "1, " "1, " "1, " "1, " "1, " "1, " "1, " "1, " "1, " "1, " "1, " "1, " "1, " "1, " "1, " "1, " "1, " "1, " "1, " "1, " "1, " "1, " "1, " "1, " "1, " "1, " "1, " "1, " "1, " "1, " "1, " "1, " "1, " "1, " "1, " "1, " "1, " "1, " "1, " "1, " "1, " "1, " "1, " "1, " "1, " "1, " "1, " "1, " "1, " "1, " "1, " "1, " "1, " "1, " "1, " "1, " "1, " "1, " "1, " "1, " "1, " "1, " "1, " "1, " "1, " "1, " "1, " "1, " "1, " "1, " "1, " "1, " "1, " "1, " "1, " "1, " "1, " "1, " "1, " "1, " "1, " "1, " "1, " "1, " "1, " "1, " "1, " "1, " "1, " "1, " "1, " "1, " "1, " "1, " "1, " "1, " "1, " "1, " "1, " "1, " "1, " "1, " "1, " "1, " "1, " "1, " "1, " "1, " "1, " "1, " "1, " "1, " "1, " "1, " "1, " "1, " "1, " "1, " "1, " "1, " "1, " "1, " "1, " "1, " "1, " "1, " "1, " "1, " "1, " "1, " "1, " "1, " "1, " "1, " "1, " "1, " "1, " "1, " "1, " "1, " "1, " "1, " "1, " "1, " "1, " "1, " "1, " "1, " "1, " "1, " "1, "0
 "Nei83, 0.358, " "-0.808, " "1, " "1, " "1, " "1, " "1, " "1, " "1, " "1, " "1, " "1, " "1, " "1, " "1, " "1, " "1, " "1, " "1, " "1, " "1, " "1, " "1, " "1, " "1, " "1, " "1, " "1, " "1, " "1, " "1, " "1, " "1, " "1, " "1, " "1, " "1, " "1, " "1, " "1, " "1, " "1, " "1, " "1, " "1, " "1, " "1, " "1, " "1, " "1, " "1, " "1, " "1, " "1, " "1, " "1, " "1, " "1, " "1, " "1, " "1, " "1, " "1, " "1, " "1, " "1, " "1, " "1, " "1, " "1, " "1, " "1, " "1, " "1, " "1, " "1, " "1, " "1, " "1, " "1, " "1, " "1, " "1, " "1, " "1, " "0, " "1, " "1, " "1, " "1, " "1, " "1, " "1, " "1, " "1, " "1, " "1, " "1, " "1, " "1, " "1, " "1, " "1, " "1, " "1, " "1, " "1, " "1, " "1, " "1, " "1, " "1, " "1, " "1, " "1, " "1, " "1, " "1, " "1, " "1, " "1, " "1, " "1, " "1, " "1, " "1, " "1, " "1, " "1, " "1, " "1, " "1, " "1, " "1, " "1, " "1, " "1, " "1, " "1, " "1, " "1, " "1, " "1, " "1, " "1, " "1, " "1, " "1, " "1, " "1, " "1, " "1, " "1, " "1, " "1, " "1, " "1, " "1, " "1, " "1, " "1, " "1, " "1, " "1, " "1, " "1, " "1, " "1, " "1, " "1, " "1, " "1, " "1, " "1, " "1, " "1, " "1, " "1, " "1, " "1, " "1, " "1, " "1, " "1, " "1, " "1, " "1, " "1, " "1, " "1, " "1, " "1, " "1, " "1, " "1, " "1, " "1, " "1, " "1, " "1, " "1, " "1, " "1, " "1, " "1, " "1, " "1, " "1, " "1, " "1, " "1, " "1, " "1, " "1, " "1, " "1, " "1, " "1, " "1, " "1, " "1, " "1, " "1, " "1, " "1, " "1, " "1, " "1, " "1, " "1, " "1, " "1, " "1, " "1, " "1, " "1, " "1, " "1, " "1, " "1, " "1, " "1, " "1, " "1, " "1, " "1, " "1, " "1, " "1, " "1, " "1, " "1, " "1, " "1, " "1, " "1, " "1, " "1, " "1, "0
 "Nei84, 0.013, " "-0.08, " "1, " "1, " "1, " "1, " "1, " "1, " "1, " "1, " "1, " "1, " "1, " "1, " "1, " "1, " "1, " "1, " "1, " "1, " "1, " "1, " "1, " "1, " "1, " "1, " "1, " "1, " "1, " "1, " "1, " "1, " "1, " "1, " "1, " "1, " "1, " "1, " "1, " "1, " "1, " "1, " "1, " "1, " "1, " "1, " "1, " "1, " "1, " "1, " "1, " "1, " "1, " "1, " "1, " "1, " "1, " "1, " "1, " "1, " "1, " "1, " "1, " "1, " "1, " "1, " "1, " "1, " "1, " "1, " "1, " "1, " "1, " "1, " "1, " "1, " "1, " "1, " "1, " "1, " "1, " "1, " "1, " "1, " "1, " "1, " "0, " "1, " "1, " "1, " "1, " "1, " "1, " "1, " "1, " "1, " "1, " "1, " "1, " "1, " "1, " "1, " "1, " "1, " "1, " "1, " "1, " "1, " "1, " "1, " "1, " "1, " "1, " "1, " "1, " "1, " "1, " "1, " "1, " "1, " "1, " "1, " "1, " "1, " "1, " "1, " "1, " "1, " "1, " "1, " "1, " "1, " "1, " "1, " "1, " "1, " "1, " "1, " "1, " "1, " "1, " "1, " "1, " "1, " "1, " "1, " "1, " "1, " "1, " "1, " "1, " "1, " "1, " "1, " "1, " "1, " "1, " "1, " "1, " "1, " "1, " "1, " "1, " "1, " "1, " "1, " "1, " "1, " "1, " "1, " "1, " "1, " "1, " "1, " "1, " "1, " "1, " "1, " "1, " "1, " "1, " "1, " "1, " "1, " "1, " "1, " "1, " "1, " "1, " "1, " "1, " "1, " "1, " "1, " "1, " "1, " "1, " "1, " "1, " "1, " "1, " "1, " "1, " "1, " "1, " "1, " "1, " "1, " "1, " "1, " "1, " "1, " "1, " "1, " "1, " "1, " "1, " "1, " "1, " "1, " "1, " "1, " "1, " "1, " "1, " "1, " "1, " "1, " "1, " "1, " "1, " "1, " "1, " "1, " "1, " "1, " "1, " "1, " "1, " "1, " "1, " "1, " "1, " "1, " "1, " "1, " "1, " "1, " "1, " "1, " "1, " "1, " "1, " "1, " "1, " "1, " "1, " "1, " "1, "0
 "Nei85, 0.563, " "-0.969, " "1, " "1, " "1, " "1, " "1, " "1, " "1, " "1, " "1, " "1, " "1, " "1, " "1, " "1, " "1, " "1, " "1, " "1, " "1, " "1, " "1, " "1, " "1, " "1, " "1, " "1, " "1, " "1, " "1, " "1, " "1, " "1, " "1, " "1, " "1, " "1, " "1, " "1, " "1, " "1, " "1, " "1, " "1, " "1, " "1, " "1, " "1, " "1, " "1, " "1, " "1, " "1, " "1, " "1, " "1, " "1, " "1, " "1, " "1, " "1, " "1, " "1, " "1, " "1, " "1, " "1, " "1, " "1, " "1, " "1, " "1, " "1, " "1, " "1, " "1, " "1, " "1, " "1, " "1, " "1, " "1, " "1, " "1, " "1, " "1, " "0, " "1, " "1, " "1, " "1, " "1, " "1, " "1, " "1, " "1, " "1, " "1, " "1, " "1, " "1, " "1, " "1, " "1, " "1, " "1, " "1, " "1, " "1, " "1, " "1, " "1, " "1, " "1, " "1, " "1, " "1, " "1, " "1, " "1, " "1, " "1, " "1, " "1, " "1, " "1, " "1, " "1, " "1, " "1, " "1, " "1, " "1, " "1, " "1, " "1, " "1, " "1, " "1, " "1, " "1, " "1, " "1, " "1, " "1, " "1, " "1, " "1, " "1, " "1, " "1, " "1, " "1, " "1, " "1, " "1, " "1, " "1, " "1, " "1, " "1, " "1, " "1, " "1, " "1, " "1, " "1, " "1, " "1, " "1, " "1, " "1, " "1, " "1, " "1, " "1, " "1, " "1, " "1, " "1, " "1, " "1, " "1, " "1, " "1, " "1, " "1, " "1, " "1, " "1, " "1, " "1, " "1, " "1, " "1, " "1, " "1, " "1, " "1, " "1, " "1, " "1, " "1, " "1, " "1, " "1, " "1, " "1, " "1, " "1, " "1, " "1, " "1, " "1, " "1, " "1, " "1, " "1, " "1, " "1, " "1, " "1, " "1, " "1, " "1, " "1, " "1, " "1, " "1, " "1, " "1, " "1, " "1, " "1, " "1, " "1, " "1, " "1, " "1, " "1, " "1, " "1, " "1, " "1, " "1, " "1, " "1, " "1, " "1, " "1, " "1, " "1, " "1, " "1, " "1, " "1, " "1, " "1, "0
 "Nei86, 0.328, " "-0.475, " "1, " "1, " "1, " "1, " "1, " "1, " "1, " "1, " "1, " "1, " "1, " "1, " "1, " "1, " "1, " "1, " "1, " "1, " "1, " "1, " "1, " "1, " "1, " "1, " "1, " "1, " "1, " "1, " "1, " "1, " "1, " "1, " "1, " "1, " "1, " "1, " "1, " "1, " "1, " "1, " "1, " "1, " "1, " "1, " "1, " "1, " "1, " "1, " "1, " "1, " "1, " "1, " "1, " "1, " "1, " "1, " "1, " "1, " "1, " "1, " "1, " "1, " "1, " "1, " "1, " "1, " "1, " "1, " "1, " "1, " "1, " "1, " "1, " "1, " "1, " "1, " "1, " "1, " "1, " "1, " "1, " "1, " "1, " "1, " "1, " "1, " "0, " "1, " "1, " "1, " "1, " "1, " "1, " "1, " "1, " "1, " "1, " "1, " "1, " "1, " "1, " "1, " "1, " "1, " "1, " "1, " "1, " "1, " "1, " "1, " "1, " "1, " "1, " "1, " "1, " "1, " "1, " "1, " "1, " "1, " "1, " "1, " "1, " "1, " "1, " "1, " "1, " "1, " "1, " "1, " "1, " "1, " "1, " "1, " "1, " "1, " "1, " "1, " "1, " "1, " "1, " "1, " "1, " "1, " "1, " "1, " "1, " "1, " "1, " "1, " "1, " "1, " "1, " "1, " "1, " "1, " "1, " "1, " "1, " "1, " "1, " "1, " "1, " "1, " "1, " "1, " "1, " "1, " "1, " "1, " "1, " "1, " "1, " "1, " "1, " "1, " "1, " "1, " "1, " "1, " "1, " "1, " "1, " "1, " "1, " "1, " "1, " "1, " "1, " "1, " "1, " "1, " "1, " "1, " "1, " "1, " "1, " "1, " "1, " "1, " "1, " "1, " "1, " "1, " "1, " "1, " "1, " "1, " "1, " "1, " "1, " "1, " "1, " "1, " "1, " "1, " "1, " "1, " "1, " "1, " "1, " "1, " "1, " "1, " "1, " "1, " "1, " "1, " "1, " "1, " "1, " "1, " "1, " "1, " "1, " "1, " "1, " "1, " "1, " "1, " "1, " "1, " "1, " "1, " "1, " "1, " "1, " "1, " "1, " "1, " "1, " "1, " "1, " "1, " "1, " "1, " "1, "0
 "Nei87, 0.574, " "-0.285, " "1, " "1, " "1, " "1, " "1, " "1, " "1, " "1, " "1, " "1, " "1, " "1, " "1, " "1, " "1, " "1, " "1, " "1, " "1, " "1, " "1, " "1, " "1, " "1, " "1, " "1, " "1, " "1, " "1, " "1, " "1, " "1, " "1, " "1, " "1, " "1, " "1, " "1, " "1, " "1, " "1, " "1, " "1, " "1, " "1, " "1, " "1, " "1, " "1, " "1, " "1, " "1, " "1, " "1, " "1, " "1, " "1, " "1, " "1, " "1, " "1, " "1, " "1, " "1, " "1, " "1, " "1, " "1, " "1, " "1, " "1, " "1, " "1, " "1, " "1, " "1, " "1, " "1, " "1, " "1, " "1, " "1, " "1, " "1, " "1, " "1, " "1, " "0, " "1, " "1, " "1, " "1, " "1, " "1, " "1, " "1, " "1, " "1, " "1, " "1, " "1, " "1, " "1, " "1, " "1, " "1, " "1, " "1, " "1, " "1, " "1, " "1, " "1, " "1, " "1, " "1, " "1, " "1, " "1, " "1, " "1, " "1, " "1, " "1, " "1, " "1, " "1, " "1, " "1, " "1, " "1, " "1, " "1, " "1, " "1, " "1, " "1, " "1, " "1, " "1, " "1, " "1, " "1, " "1, " "1, " "1, " "1, " "1, " "1, " "1, " "1, " "1, " "1, " "1, " "1, " "1, " "1, " "1, " "1, " "1, " "1, " "1, " "1, " "1, " "1, " "1, " "1, " "1, " "1, " "1, " "1, " "1, " "1, " "1, " "1, " "1, " "1, " "1, " "1, " "1, " "1, " "1, " "1, " "1, " "1, " "1, " "1, " "1, " "1, " "1, " "1, " "1, " "1, " "1, " "1, " "1, " "1, " "1, " "1, " "1, " "1, " "1, " "1, " "1, " "1, " "1, " "1, " "1, " "1, " "1, " "1, " "1, " "1, " "1, " "1, " "1, " "1, " "1, " "1, " "1, " "1, " "1, " "1, " "1, " "1, " "1, " "1, " "1, " "1, " "1, " "1, " "1, " "1, " "1, " "1, " "1, " "1, " "1, " "1, " "1, " "1, " "1, " "1, " "1, " "1, " "1, " "1, " "1, " "1, " "1, " "1, " "1, " "1, " "1, " "1, " "1, " "1, "0
 "Nei88, 0.329, " "-0.539, " "1, " "1, " "1, " "1, " "1, " "1, " "1, " "1, " "1, " "1, " "1, " "1, " "1, " "1, " "1, " "1, " "1, " "1, " "1, " "1, " "1, " "1, " "1, " "1, " "1, " "1, " "1, " "1, " "1, " "1, " "1, " "1, " "1, " "1, " "1, " "1, " "1, " "1, " "1, " "1, " "1, " "1, " "1, " "1, " "1, " "1, " "1, " "1, " "1, " "1, " "1, " "1, " "1, " "1, " "1, " "1, " "1, " "1, " "1, " "1, " "1, " "1, " "1, " "1, " "1, " "1, " "1, " "1, " "1, " "1, " "1, " "1, " "1, " "1, " "1, " "1, " "1, " "1, " "1, " "1, " "1, " "1, " "1, " "1, " "1, " "1, " "1, " "1, " "0, " "1, " "1, " "1, " "1, " "1, " "1, " "1, " "1, " "1, " "1, " "1, " "1, " "1, " "1, " "1, " "1, " "1, " "1, " "1, " "1, " "1, " "1, " "1, " "1, " "1, " "1, " "1, " "1, " "1, " "1, " "1, " "1, " "1, " "1, " "1, " "1, " "1, " "1, " "1, " "1, " "1, " "1, " "1, " "1, " "1, " "1, " "1, " "1, " "1, " "1, " "1, " "1, " "1, " "1, " "1, " "1, " "1, " "1, " "1, " "1, " "1, " "1, " "1, " "1, " "1, " "1, " "1, " "1, " "1, " "1, " "1, " "1, " "1, " "1, " "1, " "1, " "1, " "1, " "1, " "1, " "1, " "1, " "1, " "1, " "1, " "1, " "1, " "1, " "1, " "1, " "1, " "1, " "1, " "1, " "1, " "1, " "1, " "1, " "1, " "1, " "1, " "1, " "1, " "1, " "1, " "1, " "1, " "1, " "1, " "1, " "1, " "1, " "1, " "1, " "1, " "1, " "1, " "1, " "1, " "1, " "1, " "1, " "1, " "1, " "1, " "1, " "1, " "1, " "1, " "1, " "1, " "1, " "1, " "1, " "1, " "1, " "1, " "1, " "1, " "1, " "1, " "1, " "1, " "1, " "1, " "1, " "1, " "1, " "1, " "1, " "1, " "1, " "1, " "1, " "1, " "1, " "1, " "1, " "1, " "1, " "1, " "1, " "1, " "1, " "1, " "1, " "1, " "1, "0
 "Nei89, 0.383, " "0.208, " "1, " "1, " "1, " "1, " "1, " "1, " "1, " "1, " "1, " "1, " "1, " "1, " "1, " "1, " "1, " "1, " "1, " "1, " "1, " "1, " "1, " "1, " "1, " "1, " "1, " "1, " "1, " "1, " "1, " "1, " "1, " "1, " "1, " "1, " "1, " "1, " "1, " "1, " "1, " "1, " "1, " "1, " "1, " "1, " "1, " "1, " "1, " "1, " "1, " "1, " "1, " "1, " "1, " "1, " "1, " "1, " "1, " "1, " "1, " "1, " "1, " "1, " "1, " "1, " "1, " "1, " "1, " "1, " "1, " "1, " "1, " "1, " "1, " "1, " "1, " "1, " "1, " "1, " "1, " "1, " "1, " "1, " "1, " "1, " "1, " "1, " "1, " "1, " "1, " "0, " "1, " "1, " "1, " "1, " "1, " "1, " "1, " "1, " "1, " "1, " "1, " "1, " "1, " "1, " "1, " "1, " "1, " "1, " "1, " "1, " "1, " "1, " "1, " "1, " "1, " "1, " "1, " "1, " "1, " "1, " "1, " "1, " "1, " "1, " "1, " "1, " "1, " "1, " "1, " "1, " "1, " "1, " "1, " "1, " "1, " "1, " "1, " "1, " "1, " "1, " "1, " "1, " "1, " "1, " "1, " "1, " "1, " "1, " "1, " "1, " "1, " "1, " "1, " "1, " "1, " "1, " "1, " "1, " "1, " "1, " "1, " "1, " "1, " "1, " "1, " "1, " "1, " "1, " "1, " "1, " "1, " "1, " "1, " "1, " "1, " "1, " "1, " "1, " "1, " "1, " "1, " "1, " "1, " "1, " "1, " "1, " "1, " "1, " "1, " "1, " "1, " "1, " "1, " "1, " "1, " "1, " "1, " "1, " "1, " "1, " "1, " "1, " "1, " "1, " "1, " "1, " "1, " "1, " "1, " "1, " "1, " "1, " "1, " "1, " "1, " "1, " "1, " "1, " "1, " "1, " "1, " "1, " "1, " "1, " "1, " "1, " "1, " "1, " "1, " "1, " "1, " "1, " "1, " "1, " "1, " "1, " "1, " "1, " "1, " "1, " "1, " "1, " "1, " "1, " "1, " "1, " "1, " "1, " "1, " "1, " "1, " "1, " "1, " "1, " "1, " "1, " "1, "0
 "Nei90, 0.118, " "-0.894, " "1, " "1, " "1, " "1, " "1, " "1, " "1, " "1, " "1, " "1, " "1, " "1, " "1, " "1, " "1, " "1, " "1, " "1, " "1, " "1, " "1, " "1, " "1, " "1, " "1, " "1, " "1, " "1, " "1, " "1, " "1, " "1, " "1, " "1, " "1, " "1, " "1, " "1, " "1, " "1, " "1, " "1, " "1, " "1, " "1, " "1, " "1, " "1, " "1, " "1, " "1, " "1, " "1, " "1, " "1, " "1, " "1, " "1, " "1, " "1, " "1, " "1, " "1, " "1, " "1, " "1, " "1, " "1, " "1, " "1, " "1, " "1, " "1, " "1, " "1, " "1, " "1, " "1, " "1, " "1, " "1, " "1, " "1, " "1, " "1, " "1, " "1, " "1, " "1, " "1, " "0, " "1, " "1, " "1, " "1, " "1, " "1, " "1, " "1, " "1, " "1, " "1, " "1, " "1, " "1, " "1, " "1, " "1, " "1, " "1, " "1, " "1, " "1, " "1, " "1, " "1, " "1, " "1, " "1, " "1, " "1, " "1, " "1, " "1, " "1, " "1, " "1, " "1, " "1, " "1, " "1, " "1, " "1, " "1, " "1, " "1, " "1, " "1, " "1, " "1, " "1, " "1, " "1, " "1, " "1, " "1, " "1, " "1, " "1, " "1, " "1, " "1, " "1, " "1, " "1, " "1, " "1, " "1, " "1, " "1, " "1, " "1, " "1, " "1, " "1, " "1, " "1, " "1, " "1, " "1, " "1, " "1, " "1, " "1, " "1, " "1, " "1, " "1, " "1, " "1, " "1, " "1, " "1, " "1, " "1, " "1, " "1, " "1, " "1, " "1, " "1, " "1, " "1, " "1, " "1, " "1, " "1, " "1, " "1, " "1, " "1, " "1, " "1, " "1, " "1, " "1, " "1, " "1, " "1, " "1, " "1, " "1, " "1, " "1, " "1, " "1, " "1, " "1, " "1, " "1, " "1, " "1, " "1, " "1, " "1, " "1, " "1, " "1, " "1, " "1, " "1, " "1, " "1, " "1, " "1, " "1, " "1, " "1, " "1, " "1, " "1, " "1, " "1, " "1, " "1, " "1, " "1, " "1, " "1, " "1, " "1, " "1, " "1, " "1, " "1, " "1, " "1, "0
 "Nei91, 0.093, " "-0.76, " "1, " "1, " "1, " "1, " "1, " "1, " "1, " "1, " "1, " "1, " "1, " "1, " "1, " "1, " "1, " "1, " "1, " "1, " "1, " "1, " "1, " "1, " "1, " "1, " "1, " "1, " "1, " "1, " "1, " "1, " "1, " "1, " "1, " "1, " "1, " "1, " "1, " "1, " "1, " "1, " "1, " "1, " "1, " "1, " "1, " "1, " "1, " "1, " "1, " "1, " "1, " "1, " "1, " "1, " "1, " "1, " "1, " "1, " "1, " "1, " "1, " "1, " "1, " "1, " "1, " "1, " "1, " "1, " "1, " "1, " "1, " "1, " "1, " "1, " "1, " "1, " "1, " "1, " "1, " "1, " "1, " "1, " "1, " "1, " "1, " "1, " "1, " "1, " "1, " "1, " "1, " "0, " "1, " "1, " "1, " "1, " "1, " "1, " "1, " "1, " "1, " "1, " "1, " "1, " "1, " "1, " "1, " "1, " "1, " "1, " "1, " "1, " "1, " "1, " "1, " "1, " "1, " "1, " "1, " "1, " "1, " "1, " "1, " "1, " "1, " "1, " "1, " "1, " "1, " "1, " "1, " "1, " "1, " "1, " "1, " "1, " "1, " "1, " "1, " "1, " "1, " "1, " "1, " "1, " "1, " "1, " "1, " "1, " "1, " "1, " "1, " "1, " "1, " "1, " "1, " "1, " "1, " "1, " "1, " "1, " "1, " "1, " "1, " "1, " "1, " "1, " "1, " "1, " "1, " "1, " "1, " "1, " "1, " "1, " "1, " "1, " "1, " "1, " "1, " "1, " "1, " "1, " "1, " "1, " "1, " "1, " "1, " "1, " "1, " "1, " "1, " "1, " "1, " "1, " "1, " "1, " "1, " "1, " "1, " "1, " "1, " "1, " "1, " "1, " "1, " "1, " "1, " "1, " "1, " "1, " "1, " "1, " "1, " "1, " "1, " "1, " "1, " "1, " "1, " "1, " "1, " "1, " "1, " "1, " "1, " "1, " "1, " "1, " "1, " "1, " "1, " "1, " "1, " "1, " "1, " "1, " "1, " "1, " "1, " "1, " "1, " "1, " "1, " "1, " "1, " "1, " "1, " "1, " "1, " "1, " "1, " "1, " "1, " "1, " "1, " "1, " "1, "0
 "Nei92, 0.442, " "0.423, " "1, " "1, " "1, " "1, " "1, " "1, " "1, " "1, " "1, " "1, " "1, " "1, " "1, " "1, " "1, " "1, " "1, " "1, " "1, " "1, " "1, " "1, " "1, " "1, " "1, " "1, " "1, " "1, " "1, " "1, " "1, " "1, " "1, " "1, " "1, " "1, " "1, " "1, " "1, " "1, " "1, " "1, " "1, " "1, " "1, " "1, " "1, " "1, " "1, " "1, " "1, " "1, " "1, " "1, " "1, " "1, " "1, " "1, " "1, " "1, " "1, " "1, " "1, " "1, " "1, " "1, " "1, " "1, " "1, " "1, " "1, " "1, " "1, " "1, " "1, " "1, " "1, " "1, " "1, " "1, " "1, " "1, " "1, " "1, " "1, " "1, " "1, " "1, " "1, " "1, " "1, " "1, " "0, " "1, " "1, " "1, " "1, " "1, " "1, " "1, " "1, " "1, " "1, " "1, " "1, " "1, " "1, " "1, " "1, " "1, " "1, " "1, " "1, " "1, " "1, " "1, " "1, " "1, " "1, " "1, " "1, " "1, " "1, " "1, " "1, " "1, " "1, " "1, " "1, " "1, " "1, " "1, " "1, " "1, " "1, " "1, " "1, " "1, " "1, " "1, " "1, " "1, " "1, " "1, " "1, " "1, " "1, " "1, " "1, " "1, " "1, " "1, " "1, " "1, " "1, " "1, " "1, " "1, " "1, " "1, " "1, " "1, " "1, " "1, " "1, " "1, " "1, " "1, " "1, " "1, " "1, " "1, " "1, " "1, " "1, " "1, " "1, " "1, " "1, " "1, " "1, " "1, " "1, " "1, " "1, " "1, " "1, " "1, " "1, " "1, " "1, " "1, " "1, " "1, " "1, " "1, " "1, " "1, " "1, " "1, " "1, " "1, " "1, " "1, " "1, " "1, " "1, " "1, " "1, " "1, " "1, " "1, " "1, " "1, " "1, " "1, " "1, " "1, " "1, " "1, " "1, " "1, " "1, " "1, " "1, " "1, " "1, " "1, " "1, " "1, " "1, " "1, " "1, " "1, " "1, " "1, " "1, " "1, " "1, " "1, " "1, " "1, " "1, " "1, " "1, " "1, " "1, " "1, " "1, " "1, " "1, " "1, " "1, " "1, " "1, " "1, " "1, "0
 "Nei93, 0.326, " "0.853, " "1, " "1, " "1, " "1, " "1, " "1, " "1, " "1, " "1, " "1, " "1, " "1, " "1, " "1, " "1, " "1, " "1, " "1, " "1, " "1, " "1, " "1, " "1, " "1, " "1, " "1, " "1, " "1, " "1, " "1, " "1, " "1, " "1, " "1, " "1, " "1, " "1, " "1, " "1, " "1, " "1, " "1, " "1, " "1, " "1, " "1, " "1, " "1, " "1, " "1, " "1, " "1, " "1, " "1, " "1, " "1, " "1, " "1, " "1, " "1, " "1, " "1, " "1, " "1, " "1, " "1, " "1, " "1, " "1, " "1, " "1, " "1, " "1, " "1, " "1, " "1, " "1, " "1, " "1, " "1, " "1, " "1, " "1, " "1, " "1, " "1, " "1, " "1, " "1, " "1, " "1, " "1, " "1, " "0, " "1, " "1, " "1, " "1, " "1, " "1, " "1, " "1, " "1, " "1, " "1, " "1, " "1, " "1, " "1, " "1, " "1, " "1, " "1, " "1, " "1, " "1, " "1, " "1, " "1, " "1, " "1, " "1, " "1, " "1, " "1, " "1, " "1, " "1, " "1, " "1, " "1, " "1, " "1, " "1, " "1, " "1, " "1, " "1, " "1, " "1, " "1, " "1, " "1, " "1, " "1, " "1, " "1, " "1, " "1, " "1, " "1, " "1, " "1, " "1, " "1, " "1, " "1, " "1, " "1, " "1, " "1, " "1, " "1, " "1, " "1, " "1, " "1, " "1, " "1, " "1, " "1, " "1, " "1, " "1, " "1, " "1, " "1, " "1, " "1, " "1, " "1, " "1, " "1, " "1, " "1, " "1, " "1, " "1, " "1, " "1, " "1, " "1, " "1, " "1, " "1, " "1, " "1, " "1, " "1, " "1, " "1, " "1, " "1, " "1, " "1, " "1, " "1, " "1, " "1, " "1, " "1, " "1, " "1, " "1, " "1, " "1, " "1, " "1, " "1, " "1, " "1, " "1, " "1, " "1, " "1, " "1, " "1, " "1, " "1, " "1, " "1, " "1, " "1, " "1, " "1, " "1, " "1, " "1, " "1, " "1, " "1, " "1, " "1, " "1, " "1, " "1, " "1, " "1, " "1, " "1, " "1, " "1, " "1, " "1, " "1, " "1, " "1, "0
 "Nei94, 0.34, " "-0.508, " "1, " "1, " "1, " "1, " "1, " "1, " "1, " "1, " "1, " "1, " "1, " "1, " "1, " "1, " "1, " "1, " "1, " "1, " "1, " "1, " "1, " "1, " "1, " "1, " "1, " "1, " "1, " "1, " "1, " "1, " "1, " "1, " "1, " "1, " "1, " "1, " "1, " "1, " "1, " "1, " "1, " "1, " "1, " "1, " "1, " "1, " "1, " "1, " "1, " "1, " "1, " "1, " "1, " "1, " "1, " "1, " "1, " "1, " "1, " "1, " "1, " "1, " "1, " "1, " "1, " "1, " "1, " "1, " "1, " "1, " "1, " "1, " "1, " "1, " "1, " "1, " "1, " "1, " "1, " "1, " "1, " "1, " "1, " "1, " "1, " "1, " "1, " "1, " "1, " "1, " "1, " "1, " "1, " "1, " "0, " "1, " "1, " "1, " "1, " "1, " "1, " "1, " "1, " "1, " "1, " "1, " "1, " "1, " "1, " "1, " "1, " "1, " "1, " "1, " "1, " "1, " "1, " "1, " "1, " "1, " "1, " "1, " "1, " "1, " "1, " "1, " "1, " "1, " "1, " "1, " "1, " "1, " "1, " "1, " "1, " "1, " "1, " "1, " "1, " "1, " "1, " "1, " "1, " "1, " "1, " "1, " "1, " "1, " "1, " "1, " "1, " "1, " "1, " "1, " "1, " "1, " "1, " "1, " "1, " "1, " "1, " "1, " "1, " "1, " "1, " "1, " "1, " "1, " "1, " "1, " "1, " "1, " "1, " "1, " "1, " "1, " "1, " "1, " "1, " "1, " "1, " "1, " "1, " "1, " "1, " "1, " "1, " "1, " "1, " "1, " "1, " "1, " "1, " "1, " "1, " "1, " "1, " "1, " "1, " "1, " "1, " "1, " "1, " "1, " "1, " "1, " "1, " "1, " "1, " "1, " "1, " "1, " "1, " "1, " "1, " "1, " "1, " "1, " "1, " "1, " "1, " "1, " "1, " "1, " "1, " "1, " "1, " "1, " "1, " "1, " "1, " "1, " "1, " "1, " "1, " "1, " "1, " "1, " "1, " "1, " "1, " "1, " "1, " "1, " "1, " "1, " "1, " "1, " "1, " "1, " "1, " "1, " "1, " "1, " "1, " "1, " "1, "0
 "Nei95, 0.1, " "0.794, " "1, " "1, " "1, " "1, " "1, " "1, " "1, " "1, " "1, " "1, " "1, " "1, " "1, " "1, " "1, " "1, " "1, " "1, " "1, " "1, " "1, " "1, " "1, " "1, " "1, " "1, " "1, " "1, " "1, " "1, " "1, " "1, " "1, " "1, " "1, " "1, " "1, " "1, " "1, " "1, " "1, " "1, " "1, " "1, " "1, " "1, " "1, " "1, " "1, " "1, " "1, " "1, " "1, " "1, " "1, " "1, " "1, " "1, " "1, " "1, " "1, " "1, " "1, " "1, " "1, " "1, " "1, " "1, " "1, " "1, " "1, " "1, " "1, " "1, " "1, " "1, " "1, " "1, " "1, " "1, " "1, " "1, " "1, " "1, " "1, " "1, " "1, " "1, " "1, " "1, " "1, " "1, " "1, " "1, " "1, " "0, " "1, " "1, " "1, " "1, " "1, " "1, " "1, " "1, " "1, " "1, " "1, " "1, " "1, " "1, " "1, " "1, " "1, " "1, " "1, " "1, " "1, " "1, " "1, " "1, " "1, " "1, " "1, " "1, " "1, " "1, " "1, " "1, " "1, " "1, " "1, " "1, " "1, " "1, " "1, " "1, " "1, " "1, " "1, " "1, " "1, " "1, " "1, " "1, " "1, " "1, " "1, " "1, " "1, " "1, " "1, " "1, " "1, " "1, " "1, " "1, " "1, " "1, " "1, " "1, " "1, " "1, " "1, " "1, " "1, " "1, " "1, " "1, " "1, " "1, " "1, " "1, " "1, " "1, " "1, " "1, " "1, " "1, " "1, " "1, " "1, " "1, " "1, " "1, " "1, " "1, " "1, " "1, " "1, " "1, " "1, " "1, " "1, " "1, " "1, " "1, " "1, " "1, " "1, " "1, " "1, " "1, " "1, " "1, " "1, " "1, " "1, " "1, " "1, " "1, " "1, " "1, " "1, " "1, " "1, " "1, " "1, " "1, " "1, " "1, " "1, " "1, " "1, " "1, " "1, " "1, " "1, " "1, " "1, " "1, " "1, " "1, " "1, " "1, " "1, " "1, " "1, " "1, " "1, " "1, " "1, " "1, " "1, " "1, " "1, " "1, " "1, " "1, " "1, " "1, " "1, " "1, " "1, " "1, " "1, " "1, " "1, "0
 "Nei96, 0.017, " "-0.183, " "1, " "1, " "1, " "1, " "1, " "1, " "1, " "1, " "1, " "1, " "1, " "1, " "1, " "1, " "1, " "1, " "1, " "1, " "1, " "1, " "1, " "1, " "1, " "1, " "1, " "1, " "1, " "1, " "1, " "1, " "1, " "1, " "1, " "1, " "1, " "1, " "1, " "1, " "1, " "1, " "1, " "1, " "1, " "1, " "1, " "1, " "1, " "1, " "1, " "1, " "1, " "1, " "1, " "1, " "1, " "1, " "1, " "1, " "1, " "1, " "1, " "1, " "1, " "1, " "1, " "1, " "1, " "1, " "1, " "1, " "1, " "1, " "1, " "1, " "1, " "1, " "1, " "1, " "1, " "1, " "1, " "1, " "1, " "1, " "1, " "1, " "1, " "1, " "1, " "1, " "1, " "1, " "1, " "1, " "1, " "1, " "0, " "1, " "1, " "1, " "1, " "1, " "1, " "1, " "1, " "1, " "1, " "1, " "1, " "1, " "1, " "1, " "1, " "1, " "1, " "1, " "1, " "1, " "1, " "1, " "1, " "1, " "1, " "1, " "1, " "1, " "1, " "1, " "1, " "1, " "1, " "1, " "1, " "1, " "1, " "1, " "1, " "1, " "1, " "1, " "1, " "1, " "1, " "1, " "1, " "1, " "1, " "1, " "1, " "1, " "1, " "1, " "1, " "1, " "1, " "1, " "1, " "1, " "1, " "1, " "1, " "1, " "1, " "1, " "1, " "1, " "1, " "1, " "1, " "1, " "1, " "1, " "1, " "1, " "1, " "1, " "1, " "1, " "1, " "1, " "1, " "1, " "1, " "1, " "1, " "1, " "1, " "1, " "1, " "1, " "1, " "1, " "1, " "1, " "1, " "1, " "1, " "1, " "1, " "1, " "1, " "1, " "1, " "1, " "1, " "1, " "1, " "1, " "1, " "1, " "1, " "1, " "1, " "1, " "1, " "1, " "1, " "1, " "1, " "1, " "1, " "1, " "1, " "1, " "1, " "1, " "1, " "1, " "1, " "1, " "1, " "1, " "1, " "1, " "1, " "1, " "1, " "1, " "1, " "1, " "1, " "1, " "1, " "1, " "1, " "1, " "1, " "1, " "1, " "1, " "1, " "1, " "1, " "1, " "1, " "1, " "1, "0
 "Nei97, 0.396, " "-0.519, " "1, " "1, " "1, " "1, " "1, " "1, " "1, " "1, " "1, " "1, " "1, " "1, " "1, " "1, " "1, " "1, " "1, " "1, " "1, " "1, " "1, " "1, " "1, " "1, " "1, " "1, " "1, " "1, " "1, " "1, " "1, " "1, " "1, " "1, " "1, " "1, " "1, " "1, " "1, " "1, " "1, " "1, " "1, " "1, " "1, " "1, " "1, " "1, " "1, " "1, " "1, " "1, " "1, " "1, " "1, " "1, " "1, " "1, " "1, " "1, " "1, " "1, " "1, " "1, " "1, " "1, " "1, " "1, " "1, " "1, " "1, " "1, " "1, " "1, " "1, " "1, " "1, " "1, " "1, " "1, " "1, " "1, " "1, " "1, " "1, " "1, " "1, " "1, " "1, " "1, " "1, " "1, " "1, " "1, " "1, " "1, " "1, " "0, " "1, " "1, " "1, " "1, " "1, " "1, " "1, " "1, " "1, " "1, " "1, " "1, " "1, " "1, " "1, " "1, " "1, " "1, " "1, " "1, " "1, " "1, " "1, " "1, " "1, " "1, " "1, " "1, " "1, " "1, " "1, " "1, " "1, " "1, " "1, " "1, " "1, " "1, " "1, " "1, " "1, " "1, " "1, " "1, " "1, " "1, " "1, " "1, " "1, " "1, " "1, " "1, " "1, " "1, " "1, " "1, " "1, " "1, " "1, " "1, " "1, " "1, " "1, " "1, " "1, " "1, " "1, " "1, " "1, " "1, " "1, " "1, " "1, " "1, " "1, " "1, " "1, " "1, " "1, " "1, " "1, " "1, " "1, " "1, " "1, " "1, " "1, " "1, " "1, " "1, " "1, " "1, " "1, " "1, " "1, " "1, " "1, " "1, " "1, " "1, " "1, " "1, " "1, " "1, " "1, " "1, " "1, " "1, " "1, " "1, " "1, " "1, " "1, " "1, " "1, " "1, " "1, " "1, " "1, " "1, " "1, " "1, " "1, " "1, " "1, " "1, " "1, " "1, " "1, " "1, " "1, " "1, " "1, " "1, " "1, " "1, " "1, " "1, " "1, " "1, " "1, " "1, " "1, " "1, " "1, " "1, " "1, " "1, " "1, " "1, " "1, " "1, " "1, " "1, " "1, " "1, " "1, " "1, " "1, "0
 "Nei98, 0.526, " "0.953, " "1, " "1, " "1, " "1, " "1, " "1, " "1, " "1, " "1, " "1, " "1, " "1, " "1, " "1, " "1, " "1, " "1, " "1, " "1, " "1, " "1, " "1, " "1, " "1, " "1, " "1, " "1, " "1, " "1, " "1, " "1, " "1, " "1, " "1, " "1, " "1, " "1, " "1, " "1, " "1, " "1, " "1, " "1, " "1, " "1, " "1, " "1, " "1, " "1, " "1, " "1, " "1, " "1, " "1, " "1, " "1, " "1, " "1, " "1, " "1, " "1, " "1, " "1, " "1, " "1, " "1, " "1, " "1, " "1, " "1, " "1, " "1, " "1, " "1, " "1, " "1, " "1, " "1, " "1, " "1, " "1, " "1, " "1, " "1, " "1, " "1, " "1, " "1, " "1, " "1, " "1, " "1, " "1, " "1, " "1, " "1, " "1, " "1, " "0, " "1, " "1, " "1, " "1, " "1, " "1, " "1, " "1, " "1, " "1, " "1, " "1, " "1, " "1, " "1, " "1, " "1, " "1, " "1, " "1, " "1, " "1, " "1, " "1, " "1, " "1, " "1, " "1, " "1, " "1, " "1, " "1, " "1, " "1, " "1, " "1, " "1, " "1, " "1, " "1, " "1, " "1, " "1, " "1, " "1, " "1, " "1, " "1, " "1, " "1, " "1, " "1, " "1, " "1, " "1, " "1, " "1, " "1, " "1, " "1, " "1, " "1, " "1, " "1, " "1, " "1, " "1, " "1, " "1, " "1, " "1, " "1, " "1, " "1, " "1, " "1, " "1, " "1, " "1, " "1, " "1, " "1, " "1, " "1, " "1, " "1, " "1, " "1, " "1, " "1, " "1, " "1, " "1, " "1, " "1, " "1, " "1, " "1, " "1, " "1, " "1, " "1, " "1, " "1, " "1, " "1, " "1, " "1, " "1, " "1, " "1, " "1, " "1, " "1, " "1, " "1, " "1, " "1, " "1, " "1, " "1, " "1, " "1, " "1, " "1, " "1, " "1, " "1, " "1, " "1, " "1, " "1, " "1, " "1, " "1, " "1, " "1, " "1, " "1, " "1, " "1, " "1, " "1, " "1, " "1, " "1, " "1, " "1, " "1, " "1, " "1, " "1, " "1, " "1, " "1, " "1, " "1, " "1, "0
 "Nei99, 0.073, " "0.361, " "1, " "1, " "1, " "1, " "1, " "1, " "1, " "1, " "1, " "1, " "1, " "1, " "1, " "1, " "1, " "1, " "1, " "1, " "1, " "1, " "1, " "1, " "1, " "1, " "1, " "1, " "1, " "1, " "1, " "1, " "1, " "1, " "1, " "1, " "1, " "1, " "1, " "1, " "1, " "1, " "1, " "1, " "1, " "1, " "1, " "1, " "1, " "1, " "1, " "1, " "1, " "1, " "1, " "1, " "1, " "1, " "1, " "1, " "1, " "1, " "1, " "1, " "1, " "1, " "1, " "1, " "1, " "1, " "1, " "1, " "1, " "1, " "1, " "1, " "1, " "1, " "1, " "1, " "1, " "1, " "1, " "1, " "1, " "1, " "1, " "1, " "1, " "1, " "1, " "1, " "1, " "1, " "1, " "1, " "1, " "1, " "1, " "1, " "1, " "0, " "1, " "1, " "1, " "1, " "1, " "1, " "1, " "1, " "1, " "1, " "1, " "1, " "1, " "1, " "1, " "1, " "1, " "1, " "1, " "1, " "1, " "1, " "1, " "1, " "1, " "1, " "1, " "1, " "1, " "1, " "1, " "1, " "1, " "1, " "1, " "1, " "1, " "1, " "1, " "1, " "1, " "1, " "1, " "1, " "1, " "1, " "1, " "1, " "1, " "1, " "1, " "1, " "1, " "1, " "1, " "1, " "1, " "1, " "1, " "1, " "1, " "1, " "1, " "1, " "1, " "1, " "1, " "1, " "1, " "1, " "1, " "1, " "1, " "1, " "1, " "1, " "1, " "1, " "1, " "1, " "1, " "1, " "1, " "1, " "1, " "1, " "1, " "1, " "1, " "1, " "1, " "1, " "1, " "1, " "1, " "1, " "1, " "1, " "1, " "1, " "1, " "1, " "1, " "1, " "1, " "1, " "1, " "1, " "1, " "1, " "1, " "1, " "1, " "1, " "1, " "1, " "1, " "1, " "1, " "1, " "1, " "1, " "1, " "1, " "1, " "1, " "1, " "1, " "1, " "1, " "1, " "1, " "1, " "1, " "1, " "1, " "1, " "1, " "1, " "1, " "1, " "1, " "1, " "1, " "1, " "1, " "1, " "1, " "1, " "1, " "1, " "1, " "1, " "1, " "1, " "1, " "1, "0
 "Nei100, 0.206, " "-0.841, " "1, " "1, " "1, " "1, " "1, " "1, " "1, " "1, " "1, " "1, " "1, " "1, " "1, " "1, " "1, " "1, " "1, " "1, " "1, " "1, " "1, " "1, " "1, " "1, " "1, " "1, " "1, " "1, " "1, " "1, " "1, " "1, " "1, " "1, " "1, " "1, " "1, " "1, " "1, " "1, " "1, " "1, " "1, " "1, " "1, " "1, " "1, " "1, " "1, " "1, " "1, " "1, " "1, " "1, " "1, " "1, " "1, " "1, " "1, " "1, " "1, " "1, " "1, " "1, " "1, " "1, " "1, " "1, " "1, " "1, " "1, " "1, " "1, " "1, " "1, " "1, " "1, " "1, " "1, " "1, " "1, " "1, " "1, " "1, " "1, " "1, " "1, " "1, " "1, " "1, " "1, " "1, " "1, " "1, " "1, " "1, " "1, " "1, " "1, " "1, " "0, " "1, " "1, " "1, " "1, " "1, " "1, " "1, " "1, " "1, " "1, " "1, " "1, " "1, " "1, " "1, " "1, " "1, " "1, " "1, " "1, " "1, " "1, " "1, " "1, " "1, " "1, " "1, " "1, " "1, " "1, " "1, " "1, " "1, " "1, " "1, " "1, " "1, " "1, " "1, " "1, " "1, " "1, " "1, " "1, " "1, " "1, " "1, " "1, " "1, " "1, " "1, " "1, " "1, " "1, " "1, " "1, " "1, " "1, " "1, " "1, " "1, " "1, " "1, " "1, " "1, " "1, " "1, " "1, " "1, " "1, " "1, " "1, " "1, " "1, " "1, " "1, " "1, " "1, " "1, " "1, " "1, " "1, " "1, " "1, " "1, " "1, " "1, " "1, " "1, " "1, " "1, " "1, " "1, " "1, " "1, " "1, " "1, " "1, " "1, " "1, " "1, " "1, " "1, " "1, " "1, " "1, " "1, " "1, " "1, " "1, " "1, " "1, " "1, " "1, " "1, " "1, " "1, " "1, " "1, " "1, " "1, " "1, " "1, " "1, " "1, " "1, " "1, " "1, " "1, " "1, " "1, " "1, " "1, " "1, " "1, " "1, " "1, " "1, " "1, " "1, " "1, " "1, " "1, " "1, " "1, " "1, " "1, " "1, " "1, " "1, " "1, " "1, " "1, " "1, " "1, " "1, "0
 "Nei101, 0.361, " "0.259, " "1, " "1, " "1, " "1, " "1, " "1, " "1, " "1, " "1, " "1, " "1, " "1, " "1, " "1, " "1, " "1, " "1, " "1, " "1, " "1, " "1, " "1, " "1, " "1, " "1, " "1, " "1, " "1, " "1, " "1, " "1, " "1, " "1, " "1, " "1, " "1, " "1, " "1, " "1, " "1, " "1, " "1, " "1, " "1, " "1, " "1, " "1, " "1, " "1, " "1, " "1, " "1, " "1, " "1, " "1, " "1, " "1, " "1, " "1, " "1, " "1, " "1, " "1, " "1, " "1, " "1, " "1, " "1, " "1, " "1, " "1, " "1, " "1, " "1, " "1, " "1, " "1, " "1, " "1, " "1, " "1, " "1, " "1, " "1, " "1, " "1, " "1, " "1, " "1, " "1, " "1, " "1, " "1, " "1, " "1, " "1, " "1, " "1, " "1, " "1, " "1, " "0, " "1, " "1, " "1, " "1, " "1, " "1, " "1, " "1, " "1, " "1, " "1, " "1, " "1, " "1, " "1, " "1, " "1, " "1, " "1, " "1, " "1, " "1, " "1, " "1, " "1, " "1, " "1, " "1, " "1, " "1, " "1, " "1, " "1, " "1, " "1, " "1, " "1, " "1, " "1, " "1, " "1, " "1, " "1, " "1, " "1, " "1, " "1, " "1, " "1, " "1, " "1, " "1, " "1, " "1, " "1, " "1, " "1, " "1, " "1, " "1, " "1, " "1, " "1, " "1, " "1, " "1, " "1, " "1, " "1, " "1, " "1, " "1, " "1, " "1, " "1, " "1, " "1, " "1, " "1, " "1, " "1, " "1, " "1, " "1, " "1, " "1, " "1, " "1, " "1, " "1, " "1, " "1, " "1, " "1, " "1, " "1, " "1, " "1, " "1, " "1, " "1, " "1, " "1, " "1, " "1, " "1, " "1, " "1, " "1, " "1, " "1, " "1, " "1, " "1, " "1, " "1, " "1, " "1, " "1, " "1, " "1, " "1, " "1, " "1, " "1, " "1, " "1, " "1, " "1, " "1, " "1, " "1, " "1, " "1, " "1, " "1, " "1, " "1, " "1, " "1, " "1, " "1, " "1, " "1, " "1, " "1, " "1, " "1, " "1, " "1, " "1, " "1, " "1, " "1, " "1, "0
 "Nei102, 0.53, " "0.004, " "1, " "1, " "1, " "1, " "1, " "1, " "1, " "1, " "1, " "1, " "1, " "1, " "1, " "1, " "1, " "1, " "1, " "1, " "1, " "1, " "1, " "1, " "1, " "1, " "1, " "1, " "1, " "1, " "1, " "1, " "1, " "1, " "1, " "1, " "1, " "1, " "1, " "1, " "1, " "1, " "1, " "1, " "1, " "1, " "1, " "1, " "1, " "1, " "1, " "1, " "1, " "1, " "1, " "1, " "1, " "1, " "1, " "1, " "1, " "1, " "1, " "1, " "1, " "1, " "1, " "1, " "1, " "1, " "1, " "1, " "1, " "1, " "1, " "1, " "1, " "1, " "1, " "1, " "1, " "1, " "1, " "1, " "1, " "1, " "1, " "1, " "1, " "1, " "1, " "1, " "1, " "1, " "1, " "1, " "1, " "1, " "1, " "1, " "1, " "1, " "1, " "1, " "0, " "1, " "1, " "1, " "1, " "1, " "1, " "1, " "1, " "1, " "1, " "1, " "1, " "1, " "1, " "1, " "1, " "1, " "1, " "1, " "1, " "1, " "1, " "1, " "1, " "1, " "1, " "1, " "1, " "1, " "1, " "1, " "1, " "1, " "1, " "1, " "1, " "1, " "1, " "1, " "1, " "1, " "1, " "1, " "1, " "1, " "1, " "1, " "1, " "1, " "1, " "1, " "1, " "1, " "1, " "1, " "1, " "1, " "1, " "1, " "1, " "1, " "1, " "1, " "1, " "1, " "1, " "1, " "1, " "1, " "1, " "1, " "1, " "1, " "1, " "1, " "1, " "1, " "1, " "1, " "1, " "1, " "1, " "1, " "1, " "1, " "1, " "1, " "1, " "1, " "1, " "1, " "1, " "1, " "1, " "1, " "1, " "1, " "1, " "1, " "1, " "1, " "1, " "1, " "1, " "1, " "1, " "1, " "1, " "1, " "1, " "1, " "1, " "1, " "1, " "1, " "1, " "1, " "1, " "1, " "1, " "1, " "1, " "1, " "1, " "1, " "1, " "1, " "1, " "1, " "1, " "1, " "1, " "1, " "1, " "1, " "1, " "1, " "1, " "1, " "1, " "1, " "1, " "1, " "1, " "1, " "1, " "1, " "1, " "1, " "1, " "1, " "1, " "1, " "1, "0
 "Nei103, 0.086, " "0.475, " "1, " "1, " "1, " "1, " "1, " "1, " "1, " "1, " "1, " "1, " "1, " "1, " "1, " "1, " "1, " "1, " "1, " "1, " "1, " "1, " "1, " "1, " "1, " "1, " "1, " "1, " "1, " "1, " "1, " "1, " "1, " "1, " "1, " "1, " "1, " "1, " "1, " "1, " "1, " "1, " "1, " "1, " "1, " "1, " "1, " "1, " "1, " "1, " "1, " "1, " "1, " "1, " "1, " "1, " "1, " "1, " "1, " "1, " "1, " "1, " "1, " "1, " "1, " "1, " "1, " "1, " "1, " "1, " "1, " "1, " "1, " "1, " "1, " "1, " "1, " "1, " "1, " "1, " "1, " "1, " "1, " "1, " "1, " "1, " "1, " "1, " "1, " "1, " "1, " "1, " "1, " "1, " "1, " "1, " "1, " "1, " "1, " "1, " "1, " "1, " "1, " "1, " "1, " "0, " "1, " "1, " "1, " "1, " "1, " "1, " "1, " "1, " "1, " "1, " "1, " "1, " "1, " "1, " "1, " "1, " "1, " "1, " "1, " "1, " "1, " "1, " "1, " "1, " "1, " "1, " "1, " "1, " "1, " "1, " "1, " "1, " "1, " "1, " "1, " "1, " "1, " "1, " "1, " "1, " "1, " "1, " "1, " "1, " "1, " "1, " "1, " "1, " "1, " "1, " "1, " "1, " "1, " "1, " "1, " "1, " "1, " "1, " "1, " "1, " "1, " "1, " "1, " "1, " "1, " "1, " "1, " "1, " "1, " "1, " "1, " "1, " "1, " "1, " "1, " "1, " "1, " "1, " "1, " "1, " "1, " "1, " "1, " "1, " "1, " "1, " "1, " "1, " "1, " "1, " "1, " "1, " "1, " "1, " "1, " "1, " "1, " "1, " "1, " "1, " "1, " "1, " "1, " "1, " "1, " "1, " "1, " "1, " "1, " "1, " "1, " "1, " "1, " "1, " "1, " "1, " "1, " "1, " "1, " "1, " "1, " "1, " "1, " "1, " "1, " "1, " "1, " "1, " "1, " "1, " "1, " "1, " "1, " "1, " "1, " "1, " "1, " "1, " "1, " "1, " "1, " "1, " "1, " "1, " "1, " "1, " "1, " "1, " "1, " "1, " "1, " "1, " "1, "0
 "Nei104, 0.046, " "0.456, " "1, " "1, " "1, " "1, " "1, " "1, " "1, " "1, " "1, " "1, " "1, " "1, " "1, " "1, " "1, " "1, " "1, " "1, " "1, " "1, " "1, " "1, " "1, " "1, " "1, " "1, " "1, " "1, " "1, " "1, " "1, " "1, " "1, " "1, " "1, " "1, " "1, " "1, " "1, " "1, " "1, " "1, " "1, " "1, " "1, " "1, " "1, " "1, " "1, " "1, " "1, " "1, " "1, " "1, " "1, " "1, " "1, " "1, " "1, " "1, " "1, " "1, " "1, " "1, " "1, " "1, " "1, " "1, " "1, " "1, " "1, " "1, " "1, " "1, " "1, " "1, " "1, " "1, " "1, " "1, " "1, " "1, " "1, " "1, " "1, " "1, " "1, " "1, " "1, " "1, " "1, " "1, " "1, " "1, " "1, " "1, " "1, " "1, " "1, " "1, " "1, " "1, " "1, " "1, " "0, " "1, " "1, " "1, " "1, " "1, " "1, " "1, " "1, " "1, " "1, " "1, " "1, " "1, " "1, " "1, " "1, " "1, " "1, " "1, " "1, " "1, " "1, " "1, " "1, " "1, " "1, " "1, " "1, " "1, " "1, " "1, " "1, " "1, " "1, " "1, " "1, " "1, " "1, " "1, " "1, " "1, " "1, " "1, " "1, " "1, " "1, " "1, " "1, " "1, " "1, " "1, " "1, " "1, " "1, " "1, " "1, " "1, " "1, " "1, " "1, " "1, " "1, " "1, " "1, " "1, " "1, " "1, " "1, " "1, " "1, " "1, " "1, " "1, " "1, " "1, " "1, " "1, " "1, " "1, " "1, " "1, " "1, " "1, " "1, " "1, " "1, " "1, " "1, " "1, " "1, " "1, " "1, " "1, " "1, " "1, " "1, " "1, " "1, " "1, " "1, " "1, " "1, " "1, " "1, " "1, " "1, " "1, " "1, " "1, " "1, " "1, " "1, " "1, " "1, " "1, " "1, " "1, " "1, " "1, " "1, " "1, " "1, " "1, " "1, " "1, " "1, " "1, " "1, " "1, " "1, " "1, " "1, " "1, " "1, " "1, " "1, " "1, " "1, " "1, " "1, " "1, " "1, " "1, " "1, " "1, " "1, " "1, " "1, " "1, " "1, " "1, " "1, "0
 "Nei105, 0.422, " "-0.207, " "1, " "1, " "1, " "1, " "1, " "1, " "1, " "1, " "1, " "1, " "1, " "1, " "1, " "1, " "1, " "1, " "1, " "1, " "1, " "1, " "1, " "1, " "1, " "1, " "1, " "1, " "1, " "1, " "1, " "1, " "1, " "1, " "1, " "1, " "1, " "1, " "1, " "1, " "1, " "1, " "1, " "1, " "1, " "1, " "1, " "1, " "1, " "1, " "1, " "1, " "1, " "1, " "1, " "1, " "1, " "1, " "1, " "1, " "1, " "1, " "1, " "1, " "1, " "1, " "1, " "1, " "1, " "1, " "1, " "1, " "1, " "1, " "1, " "1, " "1, " "1, " "1, " "1, " "1, " "1, " "1, " "1, " "1, " "1, " "1, " "1, " "1, " "1, " "1, " "1, " "1, " "1, " "1, " "1, " "1, " "1, " "1, " "1, " "1, " "1, " "1, " "1, " "1, " "1, " "1, " "0, " "1, " "1, " "1, " "1, " "1, " "1, " "1, " "1, " "1, " "1, " "1, " "1, " "1, " "1, " "1, " "1, " "1, " "1, " "1, " "1, " "1, " "1, " "1, " "1, " "1, " "1, " "1, " "1, " "1, " "1, " "1, " "1, " "1, " "1, " "1, " "1, " "1, " "1, " "1, " "1, " "1, " "1, " "1, " "1, " "1, " "1, " "1, " "1, " "1, " "1, " "1, " "1, " "1, " "1, " "1, " "1, " "1, " "1, " "1, " "1, " "1, " "1, " "1, " "1, " "1, " "1, " "1, " "1, " "1, " "1, " "1, " "1, " "1, " "1, " "1, " "1, " "1, " "1, " "1, " "1, " "1, " "1, " "1, " "1, " "1, " "1, " "1, " "1, " "1, " "1, " "1, " "1, " "1, " "1, " "1, " "1, " "1, " "1, " "1, " "1, " "1, " "1, " "1, " "1, " "1, " "1, " "1, " "1, " "1, " "1, " "1, " "1, " "1, " "1, " "1, " "1, " "1, " "1, " "1, " "1, " "1, " "1, " "1, " "1, " "1, " "1, " "1, " "1, " "1, " "1, " "1, " "1, " "1, " "1, " "1, " "1, " "1, " "1, " "1, " "1, " "1, " "1, " "1, " "1, " "1, " "1, " "1, " "1, " "1, " "1, " "1, "0
 "Nei106, 0.414, " "0.911, " "1, " "1, " "1, " "1, " "1, " "1, " "1, " "1, " "1, " "1, " "1, " "1, " "1, " "1, " "1, " "1, " "1, " "1, " "1, " "1, " "1, " "1, " "1, " "1, " "1, " "1, " "1, " "1, " "1, " "1, " "1, " "1, " "1, " "1, " "1, " "1, " "1, " "1, " "1, " "1, " "1, " "1, " "1, " "1, " "1, " "1, " "1, " "1, " "1, " "1, " "1, " "1, " "1, " "1, " "1, " "1, " "1, " "1, " "1, " "1, " "1, " "1, " "1, " "1, " "1, " "1, " "1, " "1, " "1, " "1, " "1, " "1, " "1, " "1, " "1, " "1, " "1, " "1, " "1, " "1, " "1, " "1, " "1, " "1, " "1, " "1, " "1, " "1, " "1, " "1, " "1, " "1, " "1, " "1, " "1, " "1, " "1, " "1, " "1, " "1, " "1, " "1, " "1, " "1, " "1, " "1, " "0, " "1, " "1, " "1, " "1, " "1, " "1, " "1, " "1, " "1, " "1, " "1, " "1, " "1, " "1, " "1, " "1, " "1, " "1, " "1, " "1, " "1, " "1, " "1, " "1, " "1, " "1, " "1, " "1, " "1, " "1, " "1, " "1, " "1, " "1, " "1, " "1, " "1, " "1, " "1, " "1, " "1, " "1, " "1, " "1, " "1, " "1, " "1, " "1, " "1, " "1, " "1, " "1, " "1, " "1, " "1, " "1, " "1, " "1, " "1, " "1, " "1, " "1, " "1, " "1, " "1, " "1, " "1, " "1, " "1, " "1, " "1, " "1, " "1, " "1, " "1, " "1, " "1, " "1, " "1, " "1, " "1, " "1, " "1, " "1, " "1, " "1, " "1, " "1, " "1, " "1, " "1, " "1, " "1, " "1, " "1, " "1, " "1, " "1, " "1, " "1, " "1, " "1, " "1, " "1, " "1, " "1, " "1, " "1, " "1, " "1, " "1, " "1, " "1, " "1, " "1, " "1, " "1, " "1, " "1, " "1, " "1, " "1, " "1, " "1, " "1, " "1, " "1, " "1, " "1, " "1, " "1, " "1, " "1, " "1, " "1, " "1, " "1, " "1, " "1, " "1, " "1, " "1, " "1, " "1, " "1, " "1, " "1, " "1, " "1, " "1, "0
 "Nei107, 0.301, " "-0.301, " "1, " "1, " "1, " "1, " "1, " "1, " "1, " "1, " "1, " "1, " "1, " "1, " "1, " "1, " "1, " "1, " "1, " "1, " "1, " "1, " "1, " "1, " "1, " "1, " "1, " "1, " "1, " "1, " "1, " "1, " "1, " "1, " "1, " "1, " "1, " "1, " "1, " "1, " "1, " "1, " "1, " "1, " "1, " "1, " "1, " "1, " "1, " "1, " "1, " "1, " "1, " "1, " "1, " "1, " "1, " "1, " "1, " "1, " "1, " "1, " "1, " "1, " "1, " "1, " "1, " "1, " "1, " "1, " "1, " "1, " "1, " "1, " "1, " "1, " "1, " "1, " "1, " "1, " "1, " "1, " "1, " "1, " "1, " "1, " "1, " "1, " "1, " "1, " "1, " "1, " "1, " "1, " "1, " "1, " "1, " "1, " "1, " "1, " "1, " "1, " "1, " "1, " "1, " "1, " "1, " "1, " "1, " "0, " "1, " "1, " "1, " "1, " "1, " "1, " "1, " "1, " "1, " "1, " "1, " "1, " "1, " "1, " "1, " "1, " "1, " "1, " "1, " "1, " "1, " "1, " "1, " "1, " "1, " "1, " "1, " "1, " "1, " "1, " "1, " "1, " "1, " "1, " "1, " "1, " "1, " "1, " "1, " "1, " "1, " "1, " "1, " "1, " "1, " "1, " "1, " "1, " "1, " "1, " "1, " "1, " "1, " "1, " "1, " "1, " "1, " "1, " "1, " "1, " "1, " "1, " "1, " "1, " "1, " "1, " "1, " "1, " "1, " "1, " "1, " "1, " "1, " "1, " "1, " "1, " "1, " "1, " "1, " "1, " "1, " "1, " "1, " "1, " "1, " "1, " "1, " "1, " "1, " "1, " "1, " "1, " "1, " "1, " "1, " "1, " "1, " "1, " "1, " "1, " "1, " "1, " "1, " "1, " "1, " "1, " "1, " "1, " "1, " "1, " "1, " "1, " "1, " "1, " "1, " "1, " "1, " "1, " "1, " "1, " "1, " "1, " "1, " "1, " "1, " "1, " "1, " "1, " "1, " "1, " "1, " "1, " "1, " "1, " "1, " "1, " "1, " "1, " "1, " "1, " "1, " "1, " "1, " "1, " "1, " "1, " "1, " "1, " "1, "0
 "Nei108, 0.484, " "-0.203, " "1, " "1, " "1, " "1, " "1, " "1, " "1, " "1, " "1, " "1, " "1, " "1, " "1, " "1, " "1, " "1, " "1, " "1, " "1, " "1, " "1, " "1, " "1, " "1, " "1, " "1, " "1, " "1, " "1, " "1, " "1, " "1, " "1, " "1, " "1, " "1, " "1, " "1, " "1, " "1, " "1, " "1, " "1, " "1, " "1, " "1, " "1, " "1, " "1, " "1, " "1, " "1, " "1, " "1, " "1, " "1, " "1, " "1, " "1, " "1, " "1, " "1, " "1, " "1, " "1, " "1, " "1, " "1, " "1, " "1, " "1, " "1, " "1, " "1, " "1, " "1, " "1, " "1, " "1, " "1, " "1, " "1, " "1, " "1, " "1, " "1, " "1, " "1, " "1, " "1, " "1, " "1, " "1, " "1, " "1, " "1, " "1, " "1, " "1, " "1, " "1, " "1, " "1, " "1, " "1, " "1, " "1, " "1, " "0, " "1, " "1, " "1, " "1, " "1, " "1, " "1, " "1, " "1, " "1, " "1, " "1, " "1, " "1, " "1, " "1, " "1, " "1, " "1, " "1, " "1, " "1, " "1, " "1, " "1, " "1, " "1, " "1, " "1, " "1, " "1, " "1, " "1, " "1, " "1, " "1, " "1, " "1, " "1, " "1, " "1, " "1, " "1, " "1, " "1, " "1, " "1, " "1, " "1, " "1, " "1, " "1, " "1, " "1, " "1, " "1, " "1, " "1, " "1, " "1, " "1, " "1, " "1, " "1, " "1, " "1, " "1, " "1, " "1, " "1, " "1, " "1, " "1, " "1, " "1, " "1, " "1, " "1, " "1, " "1, " "1, " "1, " "1, " "1, " "1, " "1, " "1, " "1, " "1, " "1, " "1, " "1, " "1, " "1, " "1, " "1, " "1, " "1, " "1, " "1, " "1, " "1, " "1, " "1, " "1, " "1, " "1, " "1, " "1, " "1, " "1, " "1, " "1, " "1, " "1, " "1, " "1, " "1, " "1, " "1, " "1, " "1, " "1, " "1, " "1, " "1, " "1, " "1, " "1, " "1, " "1, " "1, " "1, " "1, " "1, " "1, " "1, " "1, " "1, " "1, " "1, " "1, " "1, " "1, " "1, " "1, " "1, " "1, "0
 "Nei109, 0.006, " "-0.15, " "1, " "1, " "1, " "1, " "1, " "1, " "1, " "1, " "1, " "1, " "1, " "1, " "1, " "1, " "1, " "1, " "1, " "1, " "1, " "1, " "1, " "1, " "1, " "1, " "1, " "1, " "1, " "1, " "1, " "1, " "1, " "1, " "1, " "1, " "1, " "1, " "1, " "1, " "1, " "1, " "1, " "1, " "1, " "1, " "1, " "1, " "1, " "1, " "1, " "1, " "1, " "1, " "1, " "1, " "1, " "1, " "1, " "1, " "1, " "1, " "1, " "1, " "1, " "1, " "1, " "1, " "1, " "1, " "1, " "1, " "1, " "1, " "1, " "1, " "1, " "1, " "1, " "1, " "1, " "1, " "1, " "1, " "1, " "1, " "1, " "1, " "1, " "1, " "1, " "1, " "1, " "1, " "1, " "1, " "1, " "1, " "1, " "1, " "1, " "1, " "1, " "1, " "1, " "1, " "1, " "1, " "1, " "1, " "1, " "0, " "1, " "1, " "1, " "1, " "1, " "1, " "1, " "1, " "1, " "1, " "1, " "1, " "1, " "1, " "1, " "1, " "1, " "1, " "1, " "1, " "1, " "1, " "1, " "1, " "1, " "1, " "1, " "1, " "1, " "1, " "1, " "1, " "1, " "1, " "1, " "1, " "1, " "1, " "1, " "1, " "1, " "1, " "1, " "1, " "1, " "1, " "1, " "1, " "1, " "1, " "1, " "1, " "1, " "1, " "1, " "1, " "1, " "1, " "1, " "1, " "1, " "1, " "1, " "1, " "1, " "1, " "1, " "1, " "1, " "1, " "1, " "1, " "1, " "1, " "1, " "1, " "1, " "1, " "1, " "1, " "1, " "1, " "1, " "1, " "1, " "1, " "1, " "1, " "1, " "1, " "1, " "1, " "1, " "1, " "1, " "1, " "1, " "1, " "1, " "1, " "1, " "1, " "1, " "1, " "1, " "1, " "1, " "1, " "1, " "1, " "1, " "1, " "1, " "1, " "1, " "1, " "1, " "1, " "1, " "1, " "1, " "1, " "1, " "1, " "1, " "1, " "1, " "1, " "1, " "1, " "1, " "1, " "1, " "1, " "1, " "1, " "1, " "1, " "1, " "1, " "1, " "1, " "1, " "1, " "1, " "1, " "1, "0
 "Nei110, 0.096, " "0.996, " "1, " "1, " "1, " "1, " "1, " "1, " "1, " "1, " "1, " "1, " "1, " "1, " "1, " "1, " "1, " "1, " "1, " "1, " "1, " "1, " "1, " "1, " "1, " "1, " "1, " "1, " "1, " "1, " "1, " "1, " "1, " "1, " "1, " "1, " "1, " "1, " "1, " "1, " "1, " "1, " "1, " "1, " "1, " "1, " "1, " "1, " "1, " "1, " "1, " "1, " "1, " "1, " "1, " "1, " "1, " "1, " "1, " "1, " "1, " "1, " "1, " "1, " "1, " "1, " "1, " "1, " "1, " "1, " "1, " "1, " "1, " "1, " "1, " "1, " "1, " "1, " "1, " "1, " "1, " "1, " "1, " "1, " "1, " "1, " "1, " "1, " "1, " "1, " "1, " "1, " "1, " "1, " "1, " "1, " "1, " "1, " "1, " "1, " "1, " "1, " "1, " "1, " "1, " "1, " "1, " "1, " "1, " "1, " "1, " "1, " "0, " "1, " "1, " "1, " "1, " "1, " "1, " "1, " "1, " "1, " "1, " "1, " "1, " "1, " "1, " "1, " "1, " "1, " "1, " "1, " "1, " "1, " "1, " "1, " "1, " "1, " "1, " "1, " "1, " "1, " "1, " "1, " "1, " "1, " "1, " "1, " "1, " "1, " "1, " "1, " "1, " "1, " "1, " "1, " "1, " "1, " "1, " "1, " "1, " "1, " "1, " "1, " "1, " "1, " "1, " "1, " "1, " "1, " "1, " "1, " "1, " "1, " "1, " "1, " "1, " "1, " "1, " "1, " "1, " "1, " "1, " "1, " "1, " "1, " "1, " "1, " "1, " "1, " "1, " "1, " "1, " "1, " "1, " "1, " "1, " "1, " "1, " "1, " "1, " "1, " "1, " "1, " "1, " "1, " "1, " "1, " "1, " "1, " "1, " "1, " "1, " "1, " "1, " "1, " "1, " "1, " "1, " "1, " "1, " "1, " "1, " "1, " "1, " "1, " "1, " "1, " "1, " "1, " "1, " "1, " "1, " "1, " "1, " "1, " "1, " "1, " "1, " "1, " "1, " "1, " "1, " "1, " "1, " "1, " "1, " "1, " "1, " "1, " "1, " "1, " "1, " "1, " "1, " "1, " "1, " "1, " "1, "0
 "Nei111, 0.314, " "-0.929, " "1, " "1, " "1, " "1, " "1, " "1, " "1, " "1, " "1, " "1, " "1, " "1, " "1, " "1, " "1, " "1, " "1, " "1, " "1, " "1, " "1, " "1, " "1, " "1, " "1, " "1, " "1, " "1, " "1, " "1, " "1, " "1, " "1, " "1, " "1, " "1, " "1, " "1, " "1, " "1, " "1, " "1, " "1, " "1, " "1, " "1, " "1, " "1, " "1, " "1, " "1, " "1, " "1, " "1, " "1, " "1, " "1, " "1, " "1, " "1, " "1, " "1, " "1, " "1, " "1, " "1, " "1, " "1, " "1, " "1, " "1, " "1, " "1, " "1, " "1, " "1, " "1, " "1, " "1, " "1, " "1, " "1, " "1, " "1, " "1, " "1, " "1, " "1, " "1, " "1, " "1, " "1, " "1, " "1, " "1, " "1, " "1, " "1, " "1, " "1, " "1, " "1, " "1, " "1, " "1, " "1, " "1, " "1, " "1, " "1, " "1, " "0, " "1, " "1, " "1, " "1, " "1, " "1, " "1, " "1, " "1, " "1, " "1, " "1, " "1, " "1, " "1, " "1, " "1, " "1, " "1, " "1, " "1, " "1, " "1, " "1, " "1, " "1, " "1, " "1, " "1, " "1, " "1, " "1, " "1, " "1, " "1, " "1, " "1, " "1, " "1, " "1, " "1, " "1, " "1, " "1, " "1, " "1, " "1, " "1, " "1, " "1, " "1, " "1, " "1, " "1, " "1, " "1, " "1, " "1, " "1, " "1, " "1, " "1, " "1, " "1, " "1, " "1, " "1, " "1, " "1, " "1, " "1, " "1, " "1, " "1, " "1, " "1, " "1, " "1, " "1, " "1, " "1, " "1, " "1, " "1, " "1, " "1, " "1, " "1, " "1, " "1, " "1, " "1, " "1, " "1, " "1, " "1, " "1, " "1, " "1, " "1, " "1, " "1, " "1, " "1, " "1, " "1, " "1, " "1, " "1, " "1, " "1, " "1, " "1, " "1, " "1, " "1, " "1, " "1, " "1, " "1, " "1, " "1, " "1, " "1, " "1, " "1, " "1, " "1, " "1, " "1, " "1, " "1, " "1, " "1, " "1, " "1, " "1, " "1, " "1, " "1, " "1, " "1, " "1, " "1, " "1, "0
 "Nei112, 0.51, " "-0.534, " "1, " "1, " "1, " "1, " "1, " "1, " "1, " "1, " "1, " "1, " "1, " "1, " "1, " "1, " "1, " "1, " "1, " "1, " "1, " "1, " "1, " "1, " "1, " "1, " "1, " "1, " "1, " "1, " "1, " "1, " "1, " "1, " "1, " "1, " "1, " "1, " "1, " "1, " "1, " "1, " "1, " "1, " "1, " "1, " "1, " "1, " "1, " "1, " "1, " "1, " "1, " "1, " "1, " "1, " "1, " "1, " "1, " "1, " "1, " "1, " "1, " "1, " "1, " "1, " "1, " "1, " "1, " "1, " "1, " "1, " "1, " "1, " "1, " "1, " "1, " "1, " "1, " "1, " "1, " "1, " "1, " "1, " "1, " "1, " "1, " "1, " "1, " "1, " "1, " "1, " "1, " "1, " "1, " "1, " "1, " "1, " "1, " "1, " "1, " "1, " "1, " "1, " "1, " "1, " "1, " "1, " "1, " "1, " "1, " "1, " "1, " "1, " "0, " "1, " "1, " "1, " "1, " "1, " "1, " "1, " "1, " "1, " "1, " "1, " "1, " "1, " "1, " "1, " "1, " "1, " "1, " "1, " "1, " "1, " "1, " "1, " "1, " "1, " "1, " "1, " "1, " "1, " "1, " "1, " "1, " "1, " "1, " "1, " "1, " "1, " "1, " "1, " "1, " "1, " "1, " "1, " "1, " "1, " "1, " "1, " "1, " "1, " "1, " "1, " "1, " "1, " "1, " "1, " "1, " "1, " "1, " "1, " "1, " "1, " "1, " "1, " "1, " "1, " "1, " "1, " "1, " "1, " "1, " "1, " "1, " "1, " "1, " "1, " "1, " "1, " "1, " "1, " "1, " "1, " "1, " "1, " "1, " "1, " "1, " "1, " "1, " "1, " "1, " "1, " "1, " "1, " "1, " "1, " "1, " "1, " "1, " "1, " "1, " "1, " "1, " "1, " "1, " "1, " "1, " "1, " "1, " "1, " "1, " "1, " "1, " "1, " "1, " "1, " "1, " "1, " "1, " "1, " "1, " "1, " "1, " "1, " "1, " "1, " "1, " "1, " "1, " "1, " "1, " "1, " "1, " "1, " "1, " "1, " "1, " "1, " "1, " "1, " "1, " "1, " "1, " "1, " "1, "0
 "Nei113, 0.597, " "0.582, " "1, " "1, " "1, " "1, " "1, " "1, " "1, " "1, " "1, " "1, " "1, " "1, " "1, " "1, " "1, " "1, " "1, " "1, " "1, " "1, " "1, " "1, " "1, " "1, " "1, " "1, " "1, " "1, " "1, " "1, " "1, " "1, " "1, " "1, " "1, " "1, " "1, " "1, " "1, " "1, " "1, " "1, " "1, " "1, " "1, " "1, " "1, " "1, " "1, " "1, " "1, " "1, " "1, " "1, " "1, " "1, " "1, " "1, " "1, " "1, " "1, " "1, " "1, " "1, " "1, " "1, " "1, " "1, " "1, " "1, " "1, " "1, " "1, " "1, " "1, " "1, " "1, " "1, " "1, " "1, " "1, " "1, " "1, " "1, " "1, " "1, " "1, " "1, " "1, " "1, " "1, " "1, " "1, " "1, " "1, " "1, " "1, " "1, " "1, " "1, " "1, " "1, " "1, " "1, " "1, " "1, " "1, " "1, " "1, " "1, " "1, " "1, " "1, " "0, " "1, " "1, " "1, " "1, " "1, " "1, " "1, " "1, " "1, " "1, " "1, " "1, " "1, " "1, " "1, " "1, " "1, " "1, " "1, " "1, " "1, " "1, " "1, " "1, " "1, " "1, " "1, " "1, " "1, " "1, " "1, " "1, " "1, " "1, " "1, " "1, " "1, " "1, " "1, " "1, " "1, " "1, " "1, " "1, " "1, " "1, " "1, " "1, " "1, " "1, " "1, " "1, " "1, " "1, " "1, " "1, " "1, " "1, " "1, " "1, " "1, " "1, " "1, " "1, " "1, " "1, " "1, " "1, " "1, " "1, " "1, " "1, " "1, " "1, " "1, " "1, " "1, " "1, " "1, " "1, " "1, " "1, " "1, " "1, " "1, " "1, " "1, " "1, " "1, " "1, " "1, " "1, " "1, " "1, " "1, " "1, " "1, " "1, " "1, " "1, " "1, " "1, " "1, " "1, " "1, " "1, " "1, " "1, " "1, " "1, " "1, " "1, " "1, " "1, " "1, " "1, " "1, " "1, " "1, " "1, " "1, " "1, " "1, " "1, " "1, " "1, " "1, " "1, " "1, " "1, " "1, " "1, " "1, " "1, " "1, " "1, " "1, " "1, " "1, " "1, " "1, " "1, " "1, "0
 "Nei114, 0.158, " "-0.735, " "1, " "1, " "1, " "1, " "1, " "1, " "1, " "1, " "1, " "1, " "1, " "1, " "1, " "1, " "1, " "1, " "1, " "1, " "1, " "1, " "1, " "1, " "1, " "1, " "1, " "1, " "1, " "1, " "1, " "1, " "1, " "1, " "1, " "1, " "1, " "1, " "1, " "1, " "1, " "1, " "1, " "1, " "1, " "1, " "1, " "1, " "1, " "1, " "1, " "1, " "1, " "1, " "1, " "1, " "1, " "1, " "1, " "1, " "1, " "1, " "1, " "1, " "1, " "1, " "1, " "1, " "1, " "1, " "1, " "1, " "1, " "1, " "1, " "1, " "1, " "1, " "1, " "1, " "1, " "1, " "1, " "1, " "1, " "1, " "1, " "1, " "1, " "1, " "1, " "1, " "1, " "1, " "1, " "1, " "1, " "1, " "1, " "1, " "1, " "1, " "1, " "1, " "1, " "1, " "1, " "1, " "1, " "1, " "1, " "1, " "1, " "1, " "1, " "1, " "0, " "1, " "1, " "1, " "1, " "1, " "1, " "1, " "1, " "1, " "1, " "1, " "1, " "1, " "1, " "1, " "1, " "1, " "1, " "1, " "1, " "1, " "1, " "1, " "1, " "1, " "1, " "1, " "1, " "1, " "1, " "1, " "1, " "1, " "1, " "1, " "1, " "1, " "1, " "1, " "1, " "1, " "1, " "1, " "1, " "1, " "1, " "1, " "1, " "1, " "1, " "1, " "1, " "1, " "1, " "1, " "1, " "1, " "1, " "1, " "1, " "1, " "1, " "1, " "1, " "1, " "1, " "1, " "1, " "1, " "1, " "1, " "1, " "1, " "1, " "1, " "1, " "1, " "1, " "1, " "1, " "1, " "1, " "1, " "1, " "1, " "1, " "1, " "1, " "1, " "1, " "1, " "1, " "1, " "1, " "1, " "1, " "1, " "1, " "1, " "1, " "1, " "1, " "1, " "1, " "1, " "1, " "1, " "1, " "1, " "1, " "1, " "1, " "1, " "1, " "1, " "1, " "1, " "1, " "1, " "1, " "1, " "1, " "1, " "1, " "1, " "1, " "1, " "1, " "1, " "1, " "1, " "1, " "1, " "1, " "1, " "1, " "1, " "1, " "1, " "1, " "1, " "1, "0
 "Nei115, 0.35, " "-0.682, " "1, " "1, " "1, " "1, " "1, " "1, " "1, " "1, " "1, " "1, " "1, " "1, " "1, " "1, " "1, " "1, " "1, " "1, " "1, " "1, " "1, " "1, " "1, " "1, " "1, " "1, " "1, " "1, " "1, " "1, " "1, " "1, " "1, " "1, " "1, " "1, " "1, " "1, " "1, " "1, " "1, " "1, " "1, " "1, " "1, " "1, " "1, " "1, " "1, " "1, " "1, " "1, " "1, " "1, " "1, " "1, " "1, " "1, " "1, " "1, " "1, " "1, " "1, " "1, " "1, " "1, " "1, " "1, " "1, " "1, " "1, " "1, " "1, " "1, " "1, " "1, " "1, " "1, " "1, " "1, " "1, " "1, " "1, " "1, " "1, " "1, " "1, " "1, " "1, " "1, " "1, " "1, " "1, " "1, " "1, " "1, " "1, " "1, " "1, " "1, " "1, " "1, " "1, " "1, " "1, " "1, " "1, " "1, " "1, " "1, " "1, " "1, " "1, " "1, " "1, " "0, " "1, " "1, " "1, " "1, " "1, " "1, " "1, " "1, " "1, " "1, " "1, " "1, " "1, " "1, " "1, " "1, " "1, " "1, " "1, " "1, " "1, " "1, " "1, " "1, " "1, " "1, " "1, " "1, " "1, " "1, " "1, " "1, " "1, " "1, " "1, " "1, " "1, " "1, " "1, " "1, " "1, " "1, " "1, " "1, " "1, " "1, " "1, " "1, " "1, " "1, " "1, " "1, " "1, " "1, " "1, " "1, " "1, " "1, " "1, " "1, " "1, " "1, " "1, " "1, " "1, " "1, " "1, " "1, " "1, " "1, " "1, " "1, " "1, " "1, " "1, " "1, " "1, " "1, " "1, " "1, " "1, " "1, " "1, " "1, " "1, " "1, " "1, " "1, " "1, " "1, " "1, " "1, " "1, " "1, " "1, " "1, " "1, " "1, " "1, " "1, " "1, " "1, " "1, " "1, " "1, " "1, " "1, " "1, " "1, " "1, " "1, " "1, " "1, " "1, " "1, " "1, " "1, " "1, " "1, " "1, " "1, " "1, " "1, " "1, " "1, " "1, " "1, " "1, " "1, " "1, " "1, " "1, " "1, " "1, " "1, " "1, " "1, " "1, " "1, " "1, " "1, "0
 "Nei116, 0.234, " "-0.423, " "1, " "1, " "1, " "1, " "1, " "1, " "1, " "1, " "1, " "1, " "1, " "1, " "1, " "1, " "1, " "1, " "1, " "1, " "1, " "1, " "1, " "1, " "1, " "1, " "1, " "1, " "1, " "1, " "1, " "1, " "1, " "1, " "1, " "1, " "1, " "1, " "1, " "1, " "1, " "1, " "1, " "1, " "1, " "1, " "1, " "1, " "1, " "1, " "1, " "1, " "1, " "1, " "1, " "1, " "1, " "1, " "1, " "1, " "1, " "1, " "1, " "1, " "1, " "1, " "1, " "1, " "1, " "1, " "1, " "1, " "1, " "1, " "1, " "1, " "1, " "1, " "1, " "1, " "1, " "1, " "1, " "1, " "1, " "1, " "1, " "1, " "1, " "1, " "1, " "1, " "1, " "1, " "1, " "1, " "1, " "1, " "1, " "1, " "1, " "1, " "1, " "1, " "1, " "1, " "1, " "1, " "1, " "1, " "1, " "1, " "1, " "1, " "1, " "1, " "1, " "1, " "0, " "1, " "1, " "1, " "1, " "1, " "1, " "1, " "1, " "1, " "1, " "1, " "1, " "1, " "1, " "1, " "1, " "1, " "1, " "1, " "1, " "1, " "1, " "1, " "1, " "1, " "1, " "1, " "1, " "1, " "1, " "1, " "1, " "1, " "1, " "1, " "1, " "1, " "1, " "1, " "1, " "1, " "1, " "1, " "1, " "1, " "1, " "1, " "1, " "1, " "1, " "1, " "1, " "1, " "1, " "1, " "1, " "1, " "1, " "1, " "1, " "1, " "1, " "1, " "1, " "1, " "1, " "1, " "1, " "1, " "1, " "1, " "1, " "1, " "1, " "1, " "1, " "1, " "1, " "1, " "1, " "1, " "1, " "1, " "1, " "1, " "1, " "1, " "1, " "1, " "1, " "1, " "1, " "1, " "1, " "1, " "1, " "1, " "1, " "1, " "1, " "1, " "1, " "1, " "1, " "1, " "1, " "1, " "1, " "1, " "1, " "1, " "1, " "1, " "1, " "1, " "1, " "1, " "1, " "1, " "1, " "1, " "1, " "1, " "1, " "1, " "1, " "1, " "1, " "1, " "1, " "1, " "1, " "1, " "1, " "1, " "1, " "1, " "1, " "1, " "1, "0
 "Nei117, 0.482, " "-0.201, " "1, " "1, " "1, " "1, " "1, " "1, " "1, " "1, " "1, " "1, " "1, " "1, " "1, " "1, " "1, " "1, " "1, " "1, " "1, " "1, " "1, " "1, " "1, " "1, " "1, " "1, " "1, " "1, " "1, " "1, " "1, " "1, " "1, " "1, " "1, " "1, " "1, " "1, " "1, " "1, " "1, " "1, " "1, " "1, " "1, " "1, " "1, " "1, " "1, " "1, " "1, " "1, " "1, " "1, " "1, " "1, " "1, " "1, " "1, " "1, " "1, " "1, " "1, " "1, " "1, " "1, " "1, " "1, " "1, " "1, " "1, " "1, " "1, " "1, " "1, " "1, " "1, " "1, " "1, " "1, " "1, " "1, " "1, " "1, " "1, " "1, " "1, " "1, " "1, " "1, " "1, " "1, " "1, " "1, " "1, " "1, " "1, " "1, " "1, " "1, " "1, " "1, " "1, " "1, " "1, " "1, " "1, " "1, " "1, " "1, " "1, " "1, " "1, " "1, " "1, " "1, " "1, " "0, " "1, " "1, " "1, " "1, " "1, " "1, " "1, " "1, " "1, " "1, " "1, " "1, " "1, " "1, " "1, " "1, " "1, " "1, " "1, " "1, " "1, " "1, " "1, " "1, " "1, " "1, " "1, " "1, " "1, " "1, " "1, " "1, " "1, " "1, " "1, " "1, " "1, " "1, " "1, " "1, " "1, " "1, " "1, " "1, " "1, " "1, " "1, " "1, " "1, " "1, " "1, " "1, " "1, " "1, " "1, " "1, " "1, " "1, " "1, " "1, " "1, " "1, " "1, " "1, " "1, " "1, " "1, " "1, " "1, " "1, " "1, " "1, " "1, " "1, " "1, " "1, " "1, " "1, " "1, " "1, " "1, " "1, " "1, " "1, " "1, " "1, " "1, " "1, " "1, " "1, " "1, " "1, " "1, " "1, " "1, " "1, " "1, " "1, " "1, " "1, " "1, " "1, " "1, " "1, " "1, " "1, " "1, " "1, " "1, " "1, " "1, " "1, " "1, " "1, " "1, " "1, " "1, " "1, " "1, " "1, " "1, " "1, " "1, " "1, " "1, " "1, " "1, " "1, " "1, " "1, " "1, " "1, " "1, " "1, " "1, " "1, " "1, " "1, " "1, "0
 "Nei118, 0.132, " "0.899, " "1, " "1, " "1, " "1, " "1, " "1, " "1, " "1, " "1, " "1, " "1, " "1, " "1, " "1, " "1, " "1, " "1, " "1, " "1, " "1, " "1, " "1, " "1, " "1, " "1, " "1, " "1, " "1, " "1, " "1, " "1, " "1, " "1, " "1, " "1, " "1, " "1, " "1, " "1, " "1, " "1, " "1, " "1, " "1, " "1, " "1, " "1, " "1, " "1, " "1, " "1, " "1, " "1, " "1, " "1, " "1, " "1, " "1, " "1, " "1, " "1, " "1, " "1, " "1, " "1, " "1, " "1, " "1, " "1, " "1, " "1, " "1, " "1, " "1, " "1, " "1, " "1, " "1, " "1, " "1, " "1, " "1, " "1, " "1, " "1, " "1, " "1, " "1, " "1, " "1, " "1, " "1, " "1, " "1, " "1, " "1, " "1, " "1, " "1, " "1, " "1, " "1, " "1, " "1, " "1, " "1, " "1, " "1, " "1, " "1, " "1, " "1, " "1, " "1, " "1, " "1, " "1, " "1, " "0, " "1, " "1, " "1, " "1, " "1, " "1, " "1, " "1, " "1, " "1, " "1, " "1, " "1, " "1, " "1, " "1, " "1, " "1, " "1, " "1, " "1, " "1, " "1, " "1, " "1, " "1, " "1, " "1, " "1, " "1, " "1, " "1, " "1, " "1, " "1, " "1, " "1, " "1, " "1, " "1, " "1, " "1, " "1, " "1, " "1, " "1, " "1, " "1, " "1, " "1, " "1, " "1, " "1, " "1, " "1, " "1, " "1, " "1, " "1, " "1, " "1, " "1, " "1, " "1, " "1, " "1, " "1, " "1, " "1, " "1, " "1, " "1, " "1, " "1, " "1, " "1, " "1, " "1, " "1, " "1, " "1, " "1, " "1, " "1, " "1, " "1, " "1, " "1, " "1, " "1, " "1, " "1, " "1, " "1, " "1, " "1, " "1, " "1, " "1, " "1, " "1, " "1, " "1, " "1, " "1, " "1, " "1, " "1, " "1, " "1, " "1, " "1, " "1, " "1, " "1, " "1, " "1, " "1, " "1, " "1, " "1, " "1, " "1, " "1, " "1, " "1, " "1, " "1, " "1, " "1, " "1, " "1, " "1, " "1, " "1, " "1, " "1, " "1, "0
 "Nei119, 0.097, " "0.562, " "1, " "1, " "1, " "1, " "1, " "1, " "1, " "1, " "1, " "1, " "1, " "1, " "1, " "1, " "1, " "1, " "1, " "1, " "1, " "1, " "1, " "1, " "1, " "1, " "1, " "1, " "1, " "1, " "1, " "1, " "1, " "1, " "1, " "1, " "1, " "1, " "1, " "1, " "1, " "1, " "1, " "1, " "1, " "1, " "1, " "1, " "1, " "1, " "1, " "1, " "1, " "1, " "1, " "1, " "1, " "1, " "1, " "1, " "1, " "1, " "1, " "1, " "1, " "1, " "1, " "1, " "1, " "1, " "1, " "1, " "1, " "1, " "1, " "1, " "1, " "1, " "1, " "1, " "1, " "1, " "1, " "1, " "1, " "1, " "1, " "1, " "1, " "1, " "1, " "1, " "1, " "1, " "1, " "1, " "1, " "1, " "1, " "1, " "1, " "1, " "1, " "1, " "1, " "1, " "1, " "1, " "1, " "1, " "1, " "1, " "1, " "1, " "1, " "1, " "1, " "1, " "1, " "1, " "1, " "0, " "1, " "1, " "1, " "1, " "1, " "1, " "1, " "1, " "1, " "1, " "1, " "1, " "1, " "1, " "1, " "1, " "1, " "1, " "1, " "1, " "1, " "1, " "1, " "1, " "1, " "1, " "1, " "1, " "1, " "1, " "1, " "1, " "1, " "1, " "1, " "1, " "1, " "1, " "1, " "1, " "1, " "1, " "1, " "1, " "1, " "1, " "1, " "1, " "1, " "1, " "1, " "1, " "1, " "1, " "1, " "1, " "1, " "1, " "1, " "1, " "1, " "1, " "1, " "1, " "1, " "1, " "1, " "1, " "1, " "1, " "1, " "1, " "1, " "1, " "1, " "1, " "1, " "1, " "1, " "1, " "1, " "1, " "1, " "1, " "1, " "1, " "1, " "1, " "1, " "1, " "1, " "1, " "1, " "1, " "1, " "1, " "1, " "1, " "1, " "1, " "1, " "1, " "1, " "1, " "1, " "1, " "1, " "1, " "1, " "1, " "1, " "1, " "1, " "1, " "1, " "1, " "1, " "1, " "1, " "1, " "1, " "1, " "1, " "1, " "1, " "1, " "1, " "1, " "1, " "1, " "1, " "1, " "1, " "1, " "1, " "1, " "1, "0
 "Nei120, 0.405, " "0.609, " "1, " "1, " "1, " "1, " "1, " "1, " "1, " "1, " "1, " "1, " "1, " "1, " "1, " "1, " "1, " "1, " "1, " "1, " "1, " "1, " "1, " "1, " "1, " "1, " "1, " "1, " "1, " "1, " "1, " "1, " "1, " "1, " "1, " "1, " "1, " "1, " "1, " "1, " "1, " "1, " "1, " "1, " "1, " "1, " "1, " "1, " "1, " "1, " "1, " "1, " "1, " "1, " "1, " "1, " "1, " "1, " "1, " "1, " "1, " "1, " "1, " "1, " "1, " "1, " "1, " "1, " "1, " "1, " "1, " "1, " "1, " "1, " "1, " "1, " "1, " "1, " "1, " "1, " "1, " "1, " "1, " "1, " "1, " "1, " "1, " "1, " "1, " "1, " "1, " "1, " "1, " "1, " "1, " "1, " "1, " "1, " "1, " "1, " "1, " "1, " "1, " "1, " "1, " "1, " "1, " "1, " "1, " "1, " "1, " "1, " "1, " "1, " "1, " "1, " "1, " "1, " "1, " "1, " "1, " "1, " "0, " "1, " "1, " "1, " "1, " "1, " "1, " "1, " "1, " "1, " "1, " "1, " "1, " "1, " "1, " "1, " "1, " "1, " "1, " "1, " "1, " "1, " "1, " "1, " "1, " "1, " "1, " "1, " "1, " "1, " "1, " "1, " "1, " "1, " "1, " "1, " "1, " "1, " "1, " "1, " "1, " "1, " "1, " "1, " "1, " "1, " "1, " "1, " "1, " "1, " "1, " "1, " "1, " "1, " "1, " "1, " "1, " "1, " "1, " "1, " "1, " "1, " "1, " "1, " "1, " "1, " "1, " "1, " "1, " "1, " "1, " "1, " "1, " "1, " "1, " "1, " "1, " "1, " "1, " "1, " "1, " "1, " "1, " "1, " "1, " "1, " "1, " "1, " "1, " "1, " "1, " "1, " "1, " "1, " "1, " "1, " "1, " "1, " "1, " "1, " "1, " "1, " "1, " "1, " "1, " "1, " "1, " "1, " "1, " "1, " "1, " "1, " "1, " "1, " "1, " "1, " "1, " "1, " "1, " "1, " "1, " "1, " "1, " "1, " "1, " "1, " "1, " "1, " "1, " "1, " "1, " "1, " "1, " "1, " "1, " "1, " "1, "0
 "Nei121, 0.417, " "0.061, " "1, " "1, " "1, " "1, " "1, " "1, " "1, " "1, " "1, " "1, " "1, " "1, " "1, " "1, " "1, " "1, " "1, " "1, " "1, " "1, " "1, " "1, " "1, " "1, " "1, " "1, " "1, " "1, " "1, " "1, " "1, " "1, " "1, " "1, " "1, " "1, " "1, " "1, " "1, " "1, " "1, " "1, " "1, " "1, " "1, " "1, " "1, " "1, " "1, " "1, " "1, " "1, " "1, " "1, " "1, " "1, " "1, " "1, " "1, " "1, " "1, " "1, " "1, " "1, " "1, " "1, " "1, " "1, " "1, " "1, " "1, " "1, " "1, " "1, " "1, " "1, " "1, " "1, " "1, " "1, " "1, " "1, " "1, " "1, " "1, " "1, " "1, " "1, " "1, " "1, " "1, " "1, " "1, " "1, " "1, " "1, " "1, " "1, " "1, " "1, " "1, " "1, " "1, " "1, " "1, " "1, " "1, " "1, " "1, " "1, " "1, " "1, " "1, " "1, " "1, " "1, " "1, " "1, " "1, " "1, " "1, " "0, " "1, " "1, " "1, " "1, " "1, " "1, " "1, " "1, " "1, " "1, " "1, " "1, " "1, " "1, " "1, " "1, " "1, " "1, " "1, " "1, " "1, " "1, " "1, " "1, " "1, " "1, " "1, " "1, " "1, " "1, " "1, " "1, " "1, " "1, " "1, " "1, " "1, " "1, " "1, " "1, " "1, " "1, " "1, " "1, " "1, " "1, " "1, " "1, " "1, " "1, " "1, " "1, " "1, " "1, " "1, " "1, " "1, " "1, " "1, " "1, " "1, " "1, " "1, " "1, " "1, " "1, " "1, " "1, " "1, " "1, " "1, " "1, " "1, " "1, " "1, " "1, " "1, " "1, " "1, " "1, " "1, " "1, " "1, " "1, " "1, " "1, " "1, " "1, " "1, " "1, " "1, " "1, " "1, " "1, " "1, " "1, " "1, " "1, " "1, " "1, " "1, " "1, " "1, " "1, " "1, " "1, " "1, " "1, " "1, " "1, " "1, " "1, " "1, " "1, " "1, " "1, " "1, " "1, " "1, " "1, " "1, " "1, " "1, " "1, " "1, " "1, " "1, " "1, " "1, " "1, " "1, " "1, " "1, " "1, " "1, "0
 "Nei122, 0.07, " "0.585, " "1, " "1, " "1, " "1, " "1, " "1, " "1, " "1, " "1, " "1, " "1, " "1, " "1, " "1, " "1, " "1, " "1, " "1, " "1, " "1, " "1, " "1, " "1, " "1, " "1, " "1, " "1, " "1, " "1, " "1, " "1, " "1, " "1, " "1, " "1, " "1, " "1, " "1, " "1, " "1, " "1, " "1, " "1, " "1, " "1, " "1, " "1, " "1, " "1, " "1, " "1, " "1, " "1, " "1, " "1, " "1, " "1, " "1, " "1, " "1, " "1, " "1, " "1, " "1, " "1, " "1, " "1, " "1, " "1, " "1, " "1, " "1, " "1, " "1, " "1, " "1, " "1, " "1, " "1, " "1, " "1, " "1, " "1, " "1, " "1, " "1, " "1, " "1, " "1, " "1, " "1, " "1, " "1, " "1, " "1, " "1, " "1, " "1, " "1, " "1, " "1, " "1, " "1, " "1, " "1, " "1, " "1, " "1, " "1, " "1, " "1, " "1, " "1, " "1, " "1, " "1, " "1, " "1, " "1, " "1, " "1, " "1, " "0, " "1, " "1, " "1, " "1, " "1, " "1, " "1, " "1, " "1, " "1, " "1, " "1, " "1, " "1, " "1, " "1, " "1, " "1, " "1, " "1, " "1, " "1, " "1, " "1, " "1, " "1, " "1, " "1, " "1, " "1, " "1, " "1, " "1, " "1, " "1, " "1, " "1, " "1, " "1, " "1, " "1, " "1, " "1, " "1, " "1, " "1, " "1, " "1, " "1, " "1, " "1, " "1, " "1, " "1, " "1, " "1, " "1, " "1, " "1, " "1, " "1, " "1, " "1, " "1, " "1, " "1, " "1, " "1, " "1, " "1, " "1, " "1, " "1, " "1, " "1, " "1, " "1, " "1, " "1, " "1, " "1, " "1, " "1, " "1, " "1, " "1, " "1, " "1, " "1, " "1, " "1, " "1, " "1, " "1, " "1, " "1, " "1, " "1, " "1, " "1, " "1, " "1, " "1, " "1, " "1, " "1, " "1, " "1, " "1, " "1, " "1, " "1, " "1, " "1, " "1, " "1, " "1, " "1, " "1, " "1, " "1, " "1, " "1, " "1, " "1, " "1, " "1, " "1, " "1, " "1, " "1, " "1, " "1, " "1, "0
 "Nei123, 0.43, " "-0.549, " "1, " "1, " "1, " "1, " "1, " "1, " "1, " "1, " "1, " "1, " "1, " "1, " "1, " "1, " "1, " "1, " "1, " "1, " "1, " "1, " "1, " "1, " "1, " "1, " "1, " "1, " "1, " "1, " "1, " "1, " "1, " "1, " "1, " "1, " "1, " "1, " "1, " "1, " "1, " "1, " "1, " "1, " "1, " "1, " "1, " "1, " "1, " "1, " "1, " "1, " "1, " "1, " "1, " "1, " "1, " "1, " "1, " "1, " "1, " "1, " "1, " "1, " "1, " "1, " "1, " "1, " "1, " "1, " "1, " "1, " "1, " "1, " "1, " "1, " "1, " "1, " "1, " "1, " "1, " "1, " "1, " "1, " "1, " "1, " "1, " "1, " "1, " "1, " "1, " "1, " "1, " "1, " "1, " "1, " "1, " "1, " "1, " "1, " "1, " "1, " "1, " "1, " "1, " "1, " "1, " "1, " "1, " "1, " "1, " "1, " "1, " "1, " "1, " "1, " "1, " "1, " "1, " "1, " "1, " "1, " "1, " "1, " "1, " "0, " "1, " "1, " "1, " "1, " "1, " "1, " "1, " "1, " "1, " "1, " "1, " "1, " "1, " "1, " "1, " "1, " "1, " "1, " "1, " "1, " "1, " "1, " "1, " "1, " "1, " "1, " "1, " "1, " "1, " "1, " "1, " "1, " "1, " "1, " "1, " "1, " "1, " "1, " "1, " "1, " "1, " "1, " "1, " "1, " "1, " "1, " "1, " "1, " "1, " "1, " "1, " "1, " "1, " "1, " "1, " "1, " "1, " "1, " "1, " "1, " "1, " "1, " "1, " "1, " "1, " "1, " "1, " "1, " "1, " "1, " "1, " "1, " "1, " "1, " "1, " "1, " "1, " "1, " "1, " "1, " "1, " "1, " "1, " "1, " "1, " "1, " "1, " "1, " "1, " "1, " "1, " "1, " "1, " "1, " "1, " "1, " "1, " "1, " "1, " "1, " "1, " "1, " "1, " "1, " "1, " "1, " "1, " "1, " "1, " "1, " "1, " "1, " "1, " "1, " "1, " "1, " "1, " "1, " "1, " "1, " "1, " "1, " "1, " "1, " "1, " "1, " "1, " "1, " "1, " "1, " "1, " "1, " "1, "0
 "Nei124, 0.415, " "0.573, " "1, " "1, " "1, " "1, " "1, " "1, " "1, " "1, " "1, " "1, " "1, " "1, " "1, " "1, " "1, " "1, " "1, " "1, " "1, " "1, " "1, " "1, " "1, " "1, " "1, " "1, " "1, " "1, " "1, " "1, " "1, " "1, " "1, " "1, " "1, " "1, " "1, " "1, " "1, " "1, " "1, " "1, " "1, " "1, " "1, " "1, " "1, " "1, " "1, " "1, " "1, " "1, " "1, " "1, " "1, " "1, " "1, " "1, " "1, " "1, " "1, " "1, " "1, " "1, " "1, " "1, " "1, " "1, " "1, " "1, " "1, " "1, " "1, " "1, " "1, " "1, " "1, " "1, " "1, " "1, " "1, " "1, " "1, " "1, " "1, " "1, " "1, " "1, " "1, " "1, " "1, " "1, " "1, " "1, " "1, " "1, " "1, " "1, " "1, " "1, " "1, " "1, " "1, " "1, " "1, " "1, " "1, " "1, " "1, " "1, " "1, " "1, " "1, " "1, " "1, " "1, " "1, " "1, " "1, " "1, " "1, " "1, " "1, " "1, " "0, " "1, " "1, " "1, " "1, " "1, " "1, " "1, " "1, " "1, " "1, " "1, " "1, " "1, " "1, " "1, " "1, " "1, " "1, " "1, " "1, " "1, " "1, " "1, " "1, " "1, " "1, " "1, " "1, " "1, " "1, " "1, " "1, " "1, " "1, " "1, " "1, " "1, " "1, " "1, " "1, " "1, " "1, " "1, " "1, " "1, " "1, " "1, " "1, " "1, " "1, " "1, " "1, " "1, " "1, " "1, " "1, " "1, " "1, " "1, " "1, " "1, " "1, " "1, " "1, " "1, " "1, " "1, " "1, " "1, " "1, " "1, " "1, " "1, " "1, " "1, " "1, " "1, " "1, " "1, " "1, " "1, " "1, " "1, " "1, " "1, " "1, " "1, " "1, " "1, " "1, " "1, " "1, " "1, " "1, " "1, " "1, " "1, " "1, " "1, " "1, " "1, " "1, " "1, " "1, " "1, " "1, " "1, " "1, " "1, " "1, " "1, " "1, " "1, " "1, " "1, " "1, " "1, " "1, " "1, " "1, " "1, " "1, " "1, " "1, " "1, " "1, " "1, " "1, " "1, " "1, " "1, " "1, "0
 "Nei125, 0.259, " "-0.249, " "1, " "1, " "1, " "1, " "1, " "1, " "1, " "1, " "1, " "1, " "1, " "1, " "1, " "1, " "1, " "1, " "1, " "1, " "1, " "1, " "1, " "1, " "1, " "1, " "1, " "1, " "1, " "1, " "1, " "1, " "1, " "1, " "1, " "1, " "1, " "1, " "1, " "1, " "1, " "1, " "1, " "1, " "1, " "1, " "1, " "1, " "1, " "1, " "1, " "1, " "1, " "1, " "1, " "1, " "1, " "1, " "1, " "1, " "1, " "1, " "1, " "1, " "1, " "1, " "1, " "1, " "1, " "1, " "1, " "1, " "1, " "1, " "1, " "1, " "1, " "1, " "1, " "1, " "1, " "1, " "1, " "1, " "1, " "1, " "1, " "1, " "1, " "1, " "1, " "1, " "1, " "1, " "1, " "1, " "1, " "1, " "1, " "1, " "1, " "1, " "1, " "1, " "1, " "1, " "1, " "1, " "1, " "1, " "1, " "1, " "1, " "1, " "1, " "1, " "1, " "1, " "1, " "1, " "1, " "1, " "1, " "1, " "1, " "1, " "1, " "0, " "1, " "1, " "1, " "1, " "1, " "1, " "1, " "1, " "1, " "1, " "1, " "1, " "1, " "1, " "1, " "1, " "1, " "1, " "1, " "1, " "1, " "1, " "1, " "1, " "1, " "1, " "1, " "1, " "1, " "1, " "1, " "1, " "1, " "1, " "1, " "1, " "1, " "1, " "1, " "1, " "1, " "1, " "1, " "1, " "1, " "1, " "1, " "1, " "1, " "1, " "1, " "1, " "1, " "1, " "1, " "1, " "1, " "1, " "1, " "1, " "1, " "1, " "1, " "1, " "1, " "1, " "1, " "1, " "1, " "1, " "1, " "1, " "1, " "1, " "1, " "1, " "1, " "1, " "1, " "1, " "1, " "1, " "1, " "1, " "1, " "1, " "1, " "1, " "1, " "1, " "1, " "1, " "1, " "1, " "1, " "1, " "1, " "1, " "1, " "1, " "1, " "1, " "1, " "1, " "1, " "1, " "1, " "1, " "1, " "1, " "1, " "1, " "1, " "1, " "1, " "1, " "1, " "1, " "1, " "1, " "1, " "1, " "1, " "1, " "1, " "1, " "1, " "1, " "1, " "1, " "1, "0
 "Nei126, 0.264, " "0.545, " "1, " "1, " "1, " "1, " "1, " "1, " "1, " "1, " "1, " "1, " "1, " "1, " "1, " "1, " "1, " "1, " "1, " "1, " "1, " "1, " "1, " "1, " "1, " "1, " "1, " "1, " "1, " "1, " "1, " "1, " "1, " "1, " "1, " "1, " "1, " "1, " "1, " "1, " "1, " "1, " "1, " "1, " "1, " "1, " "1, " "1, " "1, " "1, " "1, " "1, " "1, " "1, " "1, " "1, " "1, " "1, " "1, " "1, " "1, " "1, " "1, " "1, " "1, " "1, " "1, " "1, " "1, " "1, " "1, " "1, " "1, " "1, " "1, " "1, " "1, " "1, " "1, " "1, " "1, " "1, " "1, " "1, " "1, " "1, " "1, " "1, " "1, " "1, " "1, " "1, " "1, " "1, " "1, " "1, " "1, " "1, " "1, " "1, " "1, " "1, " "1, " "1, " "1, " "1, " "1, " "1, " "1, " "1, " "1, " "1, " "1, " "1, " "1, " "1, " "1, " "1, " "1, " "1, " "1, " "1, " "1, " "1, " "1, " "1, " "1, " "1, " "0, " "1, " "1, " "1, " "1, " "1, " "1, " "1, " "1, " "1, " "1, " "1, " "1, " "1, " "1, " "1, " "1, " "1, " "1, " "1, " "1, " "1, " "1, " "1, " "1, " "1, " "1, " "1, " "1, " "1, " "1, " "1, " "1, " "1, " "1, " "1, " "1, " "1, " "1, " "1, " "1, " "1, " "1, " "1, " "1, " "1, " "1, " "1, " "1, " "1, " "1, " "1, " "1, " "1, " "1, " "1, " "1, " "1, " "1, " "1, " "1, " "1, " "1, " "1, " "1, " "1, " "1, " "1, " "1, " "1, " "1, " "1, " "1, " "1, " "1, " "1, " "1, " "1, " "1, " "1, " "1, " "1, " "1, " "1, " "1, " "1, " "1, " "1, " "1, " "1, " "1, " "1, " "1, " "1, " "1, " "1, " "1, " "1, " "1, " "1, " "1, " "1, " "1, " "1, " "1, " "1, " "1, " "1, " "1, " "1, " "1, " "1, " "1, " "1, " "1, " "1, " "1, " "1, " "1, " "1, " "1, " "1, " "1, " "1, " "1, " "1, " "1, " "1, " "1, " "1, " "1, "0
 "Nei127, 0.05, " "-0.808, " "1, " "1, " "1, " "1, " "1, " "1, " "1, " "1, " "1, " "1, " "1, " "1, " "1, " "1, " "1, " "1, " "1, " "1, " "1, " "1, " "1, " "1, " "1, " "1, " "1, " "1, " "1, " "1, " "1, " "1, " "1, " "1, " "1, " "1, " "1, " "1, " "1, " "1, " "1, " "1, " "1, " "1, " "1, " "1, " "1, " "1, " "1, " "1, " "1, " "1, " "1, " "1, " "1, " "1, " "1, " "1, " "1, " "1, " "1, " "1, " "1, " "1, " "1, " "1, " "1, " "1, " "1, " "1, " "1, " "1, " "1, " "1, " "1, " "1, " "1, " "1, " "1, " "1, " "1, " "1, " "1, " "1, " "1, " "1, " "1, " "1, " "1, " "1, " "1, " "1, " "1, " "1, " "1, " "1, " "1, " "1, " "1, " "1, " "1, " "1, " "1, " "1, " "1, " "1, " "1, " "1, " "1, " "1, " "1, " "1, " "1, " "1, " "1, " "1, " "1, " "1, " "1, " "1, " "1, " "1, " "1, " "1, " "1, " "1, " "1, " "1, " "1, " "0, " "1, " "1, " "1, " "1, " "1, " "1, " "1, " "1, " "1, " "1, " "1, " "1, " "1, " "1, " "1, " "1, " "1, " "1, " "1, " "1, " "1, " "1, " "1, " "1, " "1, " "1, " "1, " "1, " "1, " "1, " "1, " "1, " "1, " "1, " "1, " "1, " "1, " "1, " "1, " "1, " "1, " "1, " "1, " "1, " "1, " "1, " "1, " "1, " "1, " "1, " "1, " "1, " "1, " "1, " "1, " "1, " "1, " "1, " "1, " "1, " "1, " "1, " "1, " "1, " "1, " "1, " "1, " "1, " "1, " "1, " "1, " "1, " "1, " "1, " "1, " "1, " "1, " "1, " "1, " "1, " "1, " "1, " "1, " "1, " "1, " "1, " "1, " "1, " "1, " "1, " "1, " "1, " "1, " "1, " "1, " "1, " "1, " "1, " "1, " "1, " "1, " "1, " "1, " "1, " "1, " "1, " "1, " "1, " "1, " "1, " "1, " "1, " "1, " "1, " "1, " "1, " "1, " "1, " "1, " "1, " "1, " "1, " "1, " "1, " "1, " "1, " "1, " "1, " "1, "0
 "Nei128, 0.534, " "0.144, " "1, " "1, " "1, " "1, " "1, " "1, " "1, " "1, " "1, " "1, " "1, " "1, " "1, " "1, " "1, " "1, " "1, " "1, " "1, " "1, " "1, " "1, " "1, " "1, " "1, " "1, " "1, " "1, " "1, " "1, " "1, " "1, " "1, " "1, " "1, " "1, " "1, " "1, " "1, " "1, " "1, " "1, " "1, " "1, " "1, " "1, " "1, " "1, " "1, " "1, " "1, " "1, " "1, " "1, " "1, " "1, " "1, " "1, " "1, " "1, " "1, " "1, " "1, " "1, " "1, " "1, " "1, " "1, " "1, " "1, " "1, " "1, " "1, " "1, " "1, " "1, " "1, " "1, " "1, " "1, " "1, " "1, " "1, " "1, " "1, " "1, " "1, " "1, " "1, " "1, " "1, " "1, " "1, " "1, " "1, " "1, " "1, " "1, " "1, " "1, " "1, " "1, " "1, " "1, " "1, " "1, " "1, " "1, " "1, " "1, " "1, " "1, " "1, " "1, " "1, " "1, " "1, " "1, " "1, " "1, " "1, " "1, " "1, " "1, " "1, " "1, " "1, " "1, " "0, " "1, " "1, " "1, " "1, " "1, " "1, " "1, " "1, " "1, " "1, " "1, " "1, " "1, " "1, " "1, " "1, " "1, " "1, " "1, " "1, " "1, " "1, " "1, " "1, " "1, " "1, " "1, " "1, " "1, " "1, " "1, " "1, " "1, " "1, " "1, " "1, " "1, " "1, " "1, " "1, " "1, " "1, " "1, " "1, " "1, " "1, " "1, " "1, " "1, " "1, " "1, " "1, " "1, " "1, " "1, " "1, " "1, " "1, " "1, " "1, " "1, " "1, " "1, " "1, " "1, " "1, " "1, " "1, " "1, " "1, " "1, " "1, " "1, " "1, " "1, " "1, " "1, " "1, " "1, " "1, " "1, " "1, " "1, " "1, " "1, " "1, " "1, " "1, " "1, " "1, " "1, " "1, " "1, " "1, " "1, " "1, " "1, " "1, " "1, " "1, " "1, " "1, " "1, " "1, " "1, " "1, " "1, " "1, " "1, " "1, " "1, " "1, " "1, " "1, " "1, " "1, " "1, " "1, " "1, " "1, " "1, " "1, " "1, " "1, " "1, " "1, " "1, " "1, "0
 "Nei129, 0.347, " "-0.105, " "1, " "1, " "1, " "1, " "1, " "1, " "1, " "1, " "1, " "1, " "1, " "1, " "1, " "1, " "1, " "1, " "1, " "1, " "1, " "1, " "1, " "1, " "1, " "1, " "1, " "1, " "1, " "1, " "1, " "1, " "1, " "1, " "1, " "1, " "1, " "1, " "1, " "1, " "1, " "1, " "1, " "1, " "1, " "1, " "1, " "1, " "1, " "1, " "1, " "1, " "1, " "1, " "1, " "1, " "1, " "1, " "1, " "1, " "1, " "1, " "1, " "1, " "1, " "1, " "1, " "1, " "1, " "1, " "1, " "1, " "1, " "1, " "1, " "1, " "1, " "1, " "1, " "1, " "1, " "1, " "1, " "1, " "1, " "1, " "1, " "1, " "1, " "1, " "1, " "1, " "1, " "1, " "1, " "1, " "1, " "1, " "1, " "1, " "1, " "1, " "1, " "1, " "1, " "1, " "1, " "1, " "1, " "1, " "1, " "1, " "1, " "1, " "1, " "1, " "1, " "1, " "1, " "1, " "1, " "1, " "1, " "1, " "1, " "1, " "1, " "1, " "1, " "1, " "1, " "0, " "1, " "1, " "1, " "1, " "1, " "1, " "1, " "1, " "1, " "1, " "1, " "1, " "1, " "1, " "1, " "1, " "1, " "1, " "1, " "1, " "1, " "1, " "1, " "1, " "1, " "1, " "1, " "1, " "1, " "1, " "1, " "1, " "1, " "1, " "1, " "1, " "1, " "1, " "1, " "1, " "1, " "1, " "1, " "1, " "1, " "1, " "1, " "1, " "1, " "1, " "1, " "1, " "1, " "1, " "1, " "1, " "1, " "1, " "1, " "1, " "1, " "1, " "1, " "1, " "1, " "1, " "1, " "1, " "1, " "1, " "1, " "1, " "1, " "1, " "1, " "1, " "1, " "1, " "1, " "1, " "1, " "1, " "1, " "1, " "1, " "1, " "1, " "1, " "1, " "1, " "1, " "1, " "1, " "1, " "1, " "1, " "1, " "1, " "1, " "1, " "1, " "1, " "1, " "1, " "1, " "1, " "1, " "1, " "1, " "1, " "1, " "1, " "1, " "1, " "1, " "1, " "1, " "1, " "1, " "1, " "1, " "1, " "1, " "1, " "1, " "1, " "1, "0
 "Nei130, 0.548, " "0.906, " "1, " "1, " "1, " "1, " "1, " "1, " "1, " "1, " "1, " "1, " "1, " "1, " "1, " "1, " "1, " "1, " "1, " "1, " "1, " "1, " "1, " "1, " "1, " "1, " "1, " "1, " "1, " "1, " "1, " "1, " "1, " "1, " "1, " "1, " "1, " "1, " "1, " "1, " "1, " "1, " "1, " "1, " "1, " "1, " "1, " "1, " "1, " "1, " "1, " "1, " "1, " "1, " "1, " "1, " "1, " "1, " "1, " "1, " "1, " "1, " "1, " "1, " "1, " "1, " "1, " "1, " "1, " "1, " "1, " "1, " "1, " "1, " "1, " "1, " "1, " "1, " "1, " "1, " "1, " "1, " "1, " "1, " "1, " "1, " "1, " "1, " "1, " "1, " "1, " "1, " "1, " "1, " "1, " "1, " "1, " "1, " "1, " "1, " "1, " "1, " "1, " "1, " "1, " "1, " "1, " "1, " "1, " "1, " "1, " "1, " "1, " "1, " "1, " "1, " "1, " "1, " "1, " "1, " "1, " "1, " "1, " "1, " "1, " "1, " "1, " "1, " "1, " "1, " "1, " "1, " "0, " "1, " "1, " "1, " "1, " "1, " "1, " "1, " "1, " "1, " "1, " "1, " "1, " "1, " "1, " "1, " "1, " "1, " "1, " "1, " "1, " "1, " "1, " "1, " "1, " "1, " "1, " "1, " "1, " "1, " "1, " "1, " "1, " "1, " "1, " "1, " "1, " "1, " "1, " "1, " "1, " "1, " "1, " "1, " "1, " "1, " "1, " "1, " "1, " "1, " "1, " "1, " "1, " "1, " "1, " "1, " "1, " "1, " "1, " "1, " "1, " "1, " "1, " "1, " "1, " "1, " "1, " "1, " "1, " "1, " "1, " "1, " "1, " "1, " "1, " "1, " "1, " "1, " "1, " "1, " "1, " "1, " "1, " "1, " "1, " "1, " "1, " "1, " "1, " "1, " "1, " "1, " "1, " "1, " "1, " "1, " "1, " "1, " "1, " "1, " "1, " "1, " "1, " "1, " "1, " "1, " "1, " "1, " "1, " "1, " "1, " "1, " "1, " "1, " "1, " "1, " "1, " "1, " "1, " "1, " "1, " "1, " "1, " "1, " "1, " "1, " "1, "0
 "Nei131, 0.229, " "0.061, " "1, " "1, " "1, " "1, " "1, " "1, " "1, " "1, " "1, " "1, " "1, " "1, " "1, " "1, " "1, " "1, " "1, " "1, " "1, " "1, " "1, " "1, " "1, " "1, " "1, " "1, " "1, " "1, " "1, " "1, " "1, " "1, " "1, " "1, " "1, " "1, " "1, " "1, " "1, " "1, " "1, " "1, " "1, " "1, " "1, " "1, " "1, " "1, " "1, " "1, " "1, " "1, " "1, " "1, " "1, " "1, " "1, " "1, " "1, " "1, " "1, " "1, " "1, " "1, " "1, " "1, " "1, " "1, " "1, " "1, " "1, " "1, " "1, " "1, " "1, " "1, " "1, " "1, " "1, " "1, " "1, " "1, " "1, " "1, " "1, " "1, " "1, " "1, " "1, " "1, " "1, " "1, " "1, " "1, " "1, " "1, " "1, " "1, " "1, " "1, " "1, " "1, " "1, " "1, " "1, " "1, " "1, " "1, " "1, " "1, " "1, " "1, " "1, " "1, " "1, " "1, " "1, " "1, " "1, " "1, " "1, " "1, " "1, " "1, " "1, " "1, " "1, " "1, " "1, " "1, " "1, " "0, " "1, " "1, " "1, " "1, " "1, " "1, " "1, " "1, " "1, " "1, " "1, " "1, " "1, " "1, " "1, " "1, " "1, " "1, " "1, " "1, " "1, " "1, " "1, " "1, " "1, " "1, " "1, " "1, " "1, " "1, " "1, " "1, " "1, " "1, " "1, " "1, " "1, " "1, " "1, " "1, " "1, " "1, " "1, " "1, " "1, " "1, " "1, " "1, " "1, " "1, " "1, " "1, " "1, " "1, " "1, " "1, " "1, " "1, " "1, " "1, " "1, " "1, " "1, " "1, " "1, " "1, " "1, " "1, " "1, " "1, " "1, " "1, " "1, " "1, " "1, " "1, " "1, " "1, " "1, " "1, " "1, " "1, " "1, " "1, " "1, " "1, " "1, " "1, " "1, " "1, " "1, " "1, " "1, " "1, " "1, " "1, " "1, " "1, " "1, " "1, " "1, " "1, " "1, " "1, " "1, " "1, " "1, " "1, " "1, " "1, " "1, " "1, " "1, " "1, " "1, " "1, " "1, " "1, " "1, " "1, " "1, " "1, " "1, " "1, " "1, "0
 "Nei132, 0.553, " "0.513, " "1, " "1, " "1, " "1, " "1, " "1, " "1, " "1, " "1, " "1, " "1, " "1, " "1, " "1, " "1, " "1, " "1, " "1, " "1, " "1, " "1, " "1, " "1, " "1, " "1, " "1, " "1, " "1, " "1, " "1, " "1, " "1, " "1, " "1, " "1, " "1, " "1, " "1, " "1, " "1, " "1, " "1, " "1, " "1, " "1, " "1, " "1, " "1, " "1, " "1, " "1, " "1, " "1, " "1, " "1, " "1, " "1, " "1, " "1, " "1, " "1, " "1, " "1, " "1, " "1, " "1, " "1, " "1, " "1, " "1, " "1, " "1, " "1, " "1, " "1, " "1, " "1, " "1, " "1, " "1, " "1, " "1, " "1, " "1, " "1, " "1, " "1, " "1, " "1, " "1, " "1, " "1, " "1, " "1, " "1, " "1, " "1, " "1, " "1, " "1, " "1, " "1, " "1, " "1, " "1, " "1, " "1, " "1, " "1, " "1, " "1, " "1, " "1, " "1, " "1, " "1, " "1, " "1, " "1, " "1, " "1, " "1, " "1, " "1, " "1, " "1, " "1, " "1, " "1, " "1, " "1, " "1, " "0, " "1, " "1, " "1, " "1, " "1, " "1, " "1, " "1, " "1, " "1, " "1, " "1, " "1, " "1, " "1, " "1, " "1, " "1, " "1, " "1, " "1, " "1, " "1, " "1, " "1, " "1, " "1, " "1, " "1, " "1, " "1, " "1, " "1, " "1, " "1, " "1, " "1, " "1, " "1, " "1, " "1, " "1, " "1, " "1, " "1, " "1, " "1, " "1, " "1, " "1, " "1, " "1, " "1, " "1, " "1, " "1, " "1, " "1, " "1, " "1, " "1, " "1, " "1, " "1, " "1, " "1, " "1, " "1, " "1, " "1, " "1, " "1, " "1, " "1, " "1, " "1, " "1, " "1, " "1, " "1, " "1, " "1, " "1, " "1, " "1, " "1, " "1, " "1, " "1, " "1, " "1, " "1, " "1, " "1, " "1, " "1, " "1, " "1, " "1, " "1, " "1, " "1, " "1, " "1, " "1, " "1, " "1, " "1, " "1, " "1, " "1, " "1, " "1, " "1, " "1, " "1, " "1, " "1, " "1, " "1, " "1, " "1, " "1, " "1, "0
 "Nei133, 0.48, " "-0.125, " "1, " "1, " "1, " "1, " "1, " "1, " "1, " "1, " "1, " "1, " "1, " "1, " "1, " "1, " "1, " "1, " "1, " "1, " "1, " "1, " "1, " "1, " "1, " "1, " "1, " "1, " "1, " "1, " "1, " "1, " "1, " "1, " "1, " "1, " "1, " "1, " "1, " "1, " "1, " "1, " "1, " "1, " "1, " "1, " "1, " "1, " "1, " "1, " "1, " "1, " "1, " "1, " "1, " "1, " "1, " "1, " "1, " "1, " "1, " "1, " "1, " "1, " "1, " "1, " "1, " "1, " "1, " "1, " "1, " "1, " "1, " "1, " "1, " "1, " "1, " "1, " "1, " "1, " "1, " "1, " "1, " "1, " "1, " "1, " "1, " "1, " "1, " "1, " "1, " "1, " "1, " "1, " "1, " "1, " "1, " "1, " "1, " "1, " "1, " "1, " "1, " "1, " "1, " "1, " "1, " "1, " "1, " "1, " "1, " "1, " "1, " "1, " "1, " "1, " "1, " "1, " "1, " "1, " "1, " "1, " "1, " "1, " "1, " "1, " "1, " "1, " "1, " "1, " "1, " "1, " "1, " "1, " "1, " "0, " "1, " "1, " "1, " "1, " "1, " "1, " "1, " "1, " "1, " "1, " "1, " "1, " "1, " "1, " "1, " "1, " "1, " "1, " "1, " "1, " "1, " "1, " "1, " "1, " "1, " "1, " "1, " "1, " "1, " "1, " "1, " "1, " "1, " "1, " "1, " "1, " "1, " "1, " "1, " "1, " "1, " "1, " "1, " "1, " "1, " "1, " "1, " "1, " "1, " "1, " "1, " "1, " "1, " "1, " "1, " "1, " "1, " "1, " "1, " "1, " "1, " "1, " "1, " "1, " "1, " "1, " "1, " "1, " "1, " "1, " "1, " "1, " "1, " "1, " "1, " "1, " "1, " "1, " "1, " "1, " "1, " "1, " "1, " "1, " "1, " "1, " "1, " "1, " "1, " "1, " "1, " "1, " "1, " "1, " "1, " "1, " "1, " "1, " "1, " "1, " "1, " "1, " "1, " "1, " "1, " "1, " "1, " "1, " "1, " "1, " "1, " "1, " "1, " "1, " "1, " "1, " "1, " "1, " "1, " "1, " "1, " "1, " "1, "0
 "Nei134, 0.011, " "0.21, " "1, " "1, " "1, " "1, " "1, " "1, " "1, " "1, " "1, " "1, " "1, " "1, " "1, " "1, " "1, " "1, " "1, " "1, " "1, " "1, " "1, " "1, " "1, " "1, " "1, " "1, " "1, " "1, " "1, " "1, " "1, " "1, " "1, " "1, " "1, " "1, " "1, " "1, " "1, " "1, " "1, " "1, " "1, " "1, " "1, " "1, " "1, " "1, " "1, " "1, " "1, " "1, " "1, " "1, " "1, " "1, " "1, " "1, " "1, " "1, " "1, " "1, " "1, " "1, " "1, " "1, " "1, " "1, " "1, " "1, " "1, " "1, " "1, " "1, " "1, " "1, " "1, " "1, " "1, " "1, " "1, " "1, " "1, " "1, " "1, " "1, " "1, " "1, " "1, " "1, " "1, " "1, " "1, " "1, " "1, " "1, " "1, " "1, " "1, " "1, " "1, " "1, " "1, " "1, " "1, " "1, " "1, " "1, " "1, " "1, " "1, " "1, " "1, " "1, " "1, " "1, " "1, " "1, " "1, " "1, " "1, " "1, " "1, " "1, " "1, " "1, " "1, " "1, " "1, " "1, " "1, " "1, " "1, " "1, " "0, " "1, " "1, " "1, " "1, " "1, " "1, " "1, " "1, " "1, " "1, " "1, " "1, " "1, " "1, " "1, " "1, " "1, " "1, " "1, " "1, " "1, " "1, " "1, " "1, " "1, " "1, " "1, " "1, " "1, " "1, " "1, " "1, " "1, " "1, " "1, " "1, " "1, " "1, " "1, " "1, " "1, " "1, " "1, " "1, " "1, " "1, " "1, " "1, " "1, " "1, " "1, " "1, " "1, " "1, " "1, " "1, " "1, " "1, " "1, " "1, " "1, " "1, " "1, " "1, " "1, " "1, " "1, " "1, " "1, " "1, " "1, " "1, " "1, " "1, " "1, " "1, " "1, " "1, " "1, " "1, " "1, " "1, " "1, " "1, " "1, " "1, " "1, " "1, " "1, " "1, " "1, " "1, " "1, " "1, " "1, " "1, " "1, " "1, " "1, " "1, " "1, " "1, " "1, " "1, " "1, " "1, " "1, " "1, " "1, " "1, " "1, " "1, " "1, " "1, " "1, " "1, " "1, " "1, " "1, " "1, " "1, " "1, "0
 "Nei135, 0.191, " "-0.599, " "1, " "1, " "1, " "1, " "1, " "1, " "1, " "1, " "1, " "1, " "1, " "1, " "1, " "1, " "1, " "1, " "1, " "1, " "1, " "1, " "1, " "1, " "1, " "1, " "1, " "1, " "1, " "1, " "1, " "1, " "1, " "1, " "1, " "1, " "1, " "1, " "1, " "1, " "1, " "1, " "1, " "1, " "1, " "1, " "1, " "1, " "1, " "1, " "1, " "1, " "1, " "1, " "1, " "1, " "1, " "1, " "1, " "1, " "1, " "1, " "1, " "1, " "1, " "1, " "1, " "1, " "1, " "1, " "1, " "1, " "1, " "1, " "1, " "1, " "1, " "1, " "1, " "1, " "1, " "1, " "1, " "1, " "1, " "1, " "1, " "1, " "1, " "1, " "1, " "1, " "1, " "1, " "1, " "1, " "1, " "1, " "1, " "1, " "1, " "1, " "1, " "1, " "1, " "1, " "1, " "1, " "1, " "1, " "1, " "1, " "1, " "1, " "1, " "1, " "1, " "1, " "1, " "1, " "1, " "1, " "1, " "1, " "1, " "1, " "1, " "1, " "1, " "1, " "1, " "1, " "1, " "1, " "1, " "1, " "1, " "0, " "1, " "1, " "1, " "1, " "1, " "1, " "1, " "1, " "1, " "1, " "1, " "1, " "1, " "1, " "1, " "1, " "1, " "1, " "1, " "1, " "1, " "1, " "1, " "1, " "1, " "1, " "1, " "1, " "1, " "1, " "1, " "1, " "1, " "1, " "1, " "1, " "1, " "1, " "1, " "1, " "1, " "1, " "1, " "1, " "1, " "1, " "1, " "1, " "1, " "1, " "1, " "1, " "1, " "1, " "1, " "1, " "1, " "1, " "1, " "1, " "1, " "1, " "1, " "1, " "1, " "1, " "1, " "1, " "1, " "1, " "1, " "1, " "1, " "1, " "1, " "1, " "1, " "1, " "1, " "1, " "1, " "1, " "1, " "1, " "1, " "1, " "1, " "1, " "1, " "1, " "1, " "1, " "1, " "1, " "1, " "1, " "1, " "1, " "1, " "1, " "1, " "1, " "1, " "1, " "1, " "1, " "1, " "1, " "1, " "1, " "1, " "1, " "1, " "1, " "1, " "1, " "1, " "1, " "1, " "1, " "1, "0
 "Nei136, 0.169, " "0.756, " "1, " "1, " "1, " "1, " "1, " "1, " "1, " "1, " "1, " "1, " "1, " "1, " "1, " "1, " "1, " "1, " "1, " "1, " "1, " "1, " "1, " "1, " "1, " "1, " "1, " "1, " "1, " "1, " "1, " "1, " "1, " "1, " "1, " "1, " "1, " "1, " "1, " "1, " "1, " "1, " "1, " "1, " "1, " "1, " "1, " "1, " "1, " "1, " "1, " "1, " "1, " "1, " "1, " "1, " "1, " "1, " "1, " "1, " "1, " "1, " "1, " "1, " "1, " "1, " "1, " "1, " "1, " "1, " "1, " "1, " "1, " "1, " "1, " "1, " "1, " "1, " "1, " "1, " "1, " "1, " "1, " "1, " "1, " "1, " "1, " "1, " "1, " "1, " "1, " "1, " "1, " "1, " "1, " "1, " "1, " "1, " "1, " "1, " "1, " "1, " "1, " "1, " "1, " "1, " "1, " "1, " "1, " "1, " "1, " "1, " "1, " "1, " "1, " "1, " "1, " "1, " "1, " "1, " "1, " "1, " "1, " "1, " "1, " "1, " "1, " "1, " "1, " "1, " "1, " "1, " "1, " "1, " "1, " "1, " "1, " "1, " "0, " "1, " "1, " "1, " "1, " "1, " "1, " "1, " "1, " "1, " "1, " "1, " "1, " "1, " "1, " "1, " "1, " "1, " "1, " "1, " "1, " "1, " "1, " "1, " "1, " "1, " "1, " "1, " "1, " "1, " "1, " "1, " "1, " "1, " "1, " "1, " "1, " "1, " "1, " "1, " "1, " "1, " "1, " "1, " "1, " "1, " "1, " "1, " "1, " "1, " "1, " "1, " "1, " "1, " "1, " "1, " "1, " "1, " "1, " "1, " "1, " "1, " "1, " "1, " "1, " "1, " "1, " "1, " "1, " "1, " "1, " "1, " "1, " "1, " "1, " "1, " "1, " "1, " "1, " "1, " "1, " "1, " "1, " "1, " "1, " "1, " "1, " "1, " "1, " "1, " "1, " "1, " "1, " "1, " "1, " "1, " "1, " "1, " "1, " "1, " "1, " "1, " "1, " "1, " "1, " "1, " "1, " "1, " "1, " "1, " "1, " "1, " "1, " "1, " "1, " "1, " "1, " "1, " "1, " "1, " "1, "0
 "Nei137, 0.202, " "0.175, " "1, " "1, " "1, " "1, " "1, " "1, " "1, " "1, " "1, " "1, " "1, " "1, " "1, " "1, " "1, " "1, " "1, " "1, " "1, " "1, " "1, " "1, " "1, " "1, " "1, " "1, " "1, " "1, " "1, " "1, " "1, " "1, " "1, " "1, " "1, " "1, " "1, " "1, " "1, " "1, " "1, " "1, " "1, " "1, " "1, " "1, " "1, " "1, " "1, " "1, " "1, " "1, " "1, " "1, " "1, " "1, " "1, " "1, " "1, " "1, " "1, " "1, " "1, " "1, " "1, " "1, " "1, " "1, " "1, " "1, " "1, " "1, " "1, " "1, " "1, " "1, " "1, " "1, " "1, " "1, " "1, " "1, " "1, " "1, " "1, " "1, " "1, " "1, " "1, " "1, " "1, " "1, " "1, " "1, " "1, " "1, " "1, " "1, " "1, " "1, " "1, " "1, " "1, " "1, " "1, " "1, " "1, " "1, " "1, " "1, " "1, " "1, " "1, " "1, " "1, " "1, " "1, " "1, " "1, " "1, " "1, " "1, " "1, " "1, " "1, " "1, " "1, " "1, " "1, " "1, " "1, " "1, " "1, " "1, " "1, " "1, " "1, " "0, " "1, " "1, " "1, " "1, " "1, " "1, " "1, " "1, " "1, " "1, " "1, " "1, " "1, " "1, " "1, " "1, " "1, " "1, " "1, " "1, " "1, " "1, " "1, " "1, " "1, " "1, " "1, " "1, " "1, " "1, " "1, " "1, " "1, " "1, " "1, " "1, " "1, " "1, " "1, " "1, " "1, " "1, " "1, " "1, " "1, " "1, " "1, " "1, " "1, " "1, " "1, " "1, " "1, " "1, " "1, " "1, " "1, " "1, " "1, " "1, " "1, " "1, " "1, " "1, " "1, " "1, " "1, " "1, " "1, " "1, " "1, " "1, " "1, " "1, " "1, " "1, " "1, " "1, " "1, " "1, " "1, " "1, " "1, " "1, " "1, " "1, " "1, " "1, " "1, " "1, " "1, " "1, " "1, " "1, " "1, " "1, " "1, " "1, " "1, " "1, " "1, " "1, " "1, " "1, " "1, " "1, " "1, " "1, " "1, " "1, " "1, " "1, " "1, " "1, " "1, " "1, " "1, " "1, " "1, "0
 "Nei138, 0.415, " "-0.242, " "1, " "1, " "1, " "1, " "1, " "1, " "1, " "1, " "1, " "1, " "1, " "1, " "1, " "1, " "1, " "1, " "1, " "1, " "1, " "1, " "1, " "1, " "1, " "1, " "1, " "1, " "1, " "1, " "1, " "1, " "1, " "1, " "1, " "1, " "1, " "1, " "1, " "1, " "1, " "1, " "1, " "1, " "1, " "1, " "1, " "1, " "1, " "1, " "1, " "1, " "1, " "1, " "1, " "1, " "1, " "1, " "1, " "1, " "1, " "1, " "1, " "1, " "1, " "1, " "1, " "1, " "1, " "1, " "1, " "1, " "1, " "1, " "1, " "1, " "1, " "1, " "1, " "1, " "1, " "1, " "1, " "1, " "1, " "1, " "1, " "1, " "1, " "1, " "1, " "1, " "1, " "1, " "1, " "1, " "1, " "1, " "1, " "1, " "1, " "1, " "1, " "1, " "1, " "1, " "1, " "1, " "1, " "1, " "1, " "1, " "1, " "1, " "1, " "1, " "1, " "1, " "1, " "1, " "1, " "1, " "1, " "1, " "1, " "1, " "1, " "1, " "1, " "1, " "1, " "1, " "1, " "1, " "1, " "1, " "1, " "1, " "1, " "1, " "0, " "1, " "1, " "1, " "1, " "1, " "1, " "1, " "1, " "1, " "1, " "1, " "1, " "1, " "1, " "1, " "1, " "1, " "1, " "1, " "1, " "1, " "1, " "1, " "1, " "1, " "1, " "1, " "1, " "1, " "1, " "1, " "1, " "1, " "1, " "1, " "1, " "1, " "1, " "1, " "1, " "1, " "1, " "1, " "1, " "1, " "1, " "1, " "1, " "1, " "1, " "1, " "1, " "1, " "1, " "1, " "1, " "1, " "1, " "1, " "1, " "1, " "1, " "1, " "1, " "1, " "1, " "1, " "1, " "1, " "1, " "1, " "1, " "1, " "1, " "1, " "1, " "1, " "1, " "1, " "1, " "1, " "1, " "1, " "1, " "1, " "1, " "1, " "1, " "1, " "1, " "1, " "1, " "1, " "1, " "1, " "1, " "1, " "1, " "1, " "1, " "1, " "1, " "1, " "1, " "1, " "1, " "1, " "1, " "1, " "1, " "1, " "1, " "1, " "1, " "1, " "1, " "1, " "1, "0
 "Nei139, 0.134, " "0.762, " "1, " "1, " "1, " "1, " "1, " "1, " "1, " "1, " "1, " "1, " "1, " "1, " "1, " "1, " "1, " "1, " "1, " "1, " "1, " "1, " "1, " "1, " "1, " "1, " "1, " "1, " "1, " "1, " "1, " "1, " "1, " "1, " "1, " "1, " "1, " "1, " "1, " "1, " "1, " "1, " "1, " "1, " "1, " "1, " "1, " "1, " "1, " "1, " "1, " "1, " "1, " "1, " "1, " "1, " "1, " "1, " "1, " "1, " "1, " "1, " "1, " "1, " "1, " "1, " "1, " "1, " "1, " "1, " "1, " "1, " "1, " "1, " "1, " "1, " "1, " "1, " "1, " "1, " "1, " "1, " "1, " "1, " "1, " "1, " "1, " "1, " "1, " "1, " "1, " "1, " "1, " "1, " "1, " "1, " "1, " "1, " "1, " "1, " "1, " "1, " "1, " "1, " "1, " "1, " "1, " "1, " "1, " "1, " "1, " "1, " "1, " "1, " "1, " "1, " "1, " "1, " "1, " "1, " "1, " "1, " "1, " "1, " "1, " "1, " "1, " "1, " "1, " "1, " "1, " "1, " "1, " "1, " "1, " "1, " "1, " "1, " "1, " "1, " "1, " "0, " "1, " "1, " "1, " "1, " "1, " "1, " "1, " "1, " "1, " "1, " "1, " "1, " "1, " "1, " "1, " "1, " "1, " "1, " "1, " "1, " "1, " "1, " "1, " "1, " "1, " "1, " "1, " "1, " "1, " "1, " "1, " "1, " "1, " "1, " "1, " "1, " "1, " "1, " "1, " "1, " "1, " "1, " "1, " "1, " "1, " "1, " "1, " "1, " "1, " "1, " "1, " "1, " "1, " "1, " "1, " "1, " "1, " "1, " "1, " "1, " "1, " "1, " "1, " "1, " "1, " "1, " "1, " "1, " "1, " "1, " "1, " "1, " "1, " "1, " "1, " "1, " "1, " "1, " "1, " "1, " "1, " "1, " "1, " "1, " "1, " "1, " "1, " "1, " "1, " "1, " "1, " "1, " "1, " "1, " "1, " "1, " "1, " "1, " "1, " "1, " "1, " "1, " "1, " "1, " "1, " "1, " "1, " "1, " "1, " "1, " "1, " "1, " "1, " "1, " "1, " "1, " "1, "0
 "Nei140, 0.472, " "-0.264, " "1, " "1, " "1, " "1, " "1, " "1, " "1, " "1, " "1, " "1, " "1, " "1, " "1, " "1, " "1, " "1, " "1, " "1, " "1, " "1, " "1, " "1, " "1, " "1, " "1, " "1, " "1, " "1, " "1, " "1, " "1, " "1, " "1, " "1, " "1, " "1, " "1, " "1, " "1, " "1, " "1, " "1, " "1, " "1, " "1, " "1, " "1, " "1, " "1, " "1, " "1, " "1, " "1, " "1, " "1, " "1, " "1, " "1, " "1, " "1, " "1, " "1, " "1, " "1, " "1, " "1, " "1, " "1, " "1, " "1, " "1, " "1, " "1, " "1, " "1, " "1, " "1, " "1, " "1, " "1, " "1, " "1, " "1, " "1, " "1, " "1, " "1, " "1, " "1, " "1, " "1, " "1, " "1, " "1, " "1, " "1, " "1, " "1, " "1, " "1, " "1, " "1, " "1, " "1, " "1, " "1, " "1, " "1, " "1, " "1, " "1, " "1, " "1, " "1, " "1, " "1, " "1, " "1, " "1, " "1, " "1, " "1, " "1, " "1, " "1, " "1, " "1, " "1, " "1, " "1, " "1, " "1, " "1, " "1, " "1, " "1, " "1, " "1, " "1, " "1, " "0, " "1, " "1, " "1, " "1, " "1, " "1, " "1, " "1, " "1, " "1, " "1, " "1, " "1, " "1, " "1, " "1, " "1, " "1, " "1, " "1, " "1, " "1, " "1, " "1, " "1, " "1, " "1, " "1, " "1, " "1, " "1, " "1, " "1, " "1, " "1, " "1, " "1, " "1, " "1, " "1, " "1, " "1, " "1, " "1, " "1, " "1, " "1, " "1, " "1, " "1, " "1, " "1, " "1, " "1, " "1, " "1, " "1, " "1, " "1, " "1, " "1, " "1, " "1, " "1, " "1, " "1, " "1, " "1, " "1, " "1, " "1, " "1, " "1, " "1, " "1, " "1, " "1, " "1, " "1, " "1, " "1, " "1, " "1, " "1, " "1, " "1, " "1, " "1, " "1, " "1, " "1, " "1, " "1, " "1, " "1, " "1, " "1, " "1, " "1, " "1, " "1, " "1, " "1, " "1, " "1, " "1, " "1, " "1, " "1, " "1, " "1, " "1, " "1, " "1, " "1, " "1, "0
 "Nei141, 0.384, " "-0.443, " "1, " "1, " "1, " "1, " "1, " "1, " "1, " "1, " "1, " "1, " "1, " "1, " "1, " "1, " "1, " "1, " "1, " "1, " "1, " "1, " "1, " "1, " "1, " "1, " "1, " "1, " "1, " "1, " "1, " "1, " "1, " "1, " "1, " "1, " "1, " "1, " "1, " "1, " "1, " "1, " "1, " "1, " "1, " "1, " "1, " "1, " "1, " "1, " "1, " "1, " "1, " "1, " "1, " "1, " "1, " "1, " "1, " "1, " "1, " "1, " "1, " "1, " "1, " "1, " "1, " "1, " "1, " "1, " "1, " "1, " "1, " "1, " "1, " "1, " "1, " "1, " "1, " "1, " "1, " "1, " "1, " "1, " "1, " "1, " "1, " "1, " "1, " "1, " "1, " "1, " "1, " "1, " "1, " "1, " "1, " "1, " "1, " "1, " "1, " "1, " "1, " "1, " "1, " "1, " "1, " "1, " "1, " "1, " "1, " "1, " "1, " "1, " "1, " "1, " "1, " "1, " "1, " "1, " "1, " "1, " "1, " "1, " "1, " "1, " "1, " "1, " "1, " "1, " "1, " "1, " "1, " "1, " "1, " "1, " "1, " "1, " "1, " "1, " "1, " "1, " "1, " "0, " "1, " "1, " "1, " "1, " "1, " "1, " "1, " "1, " "1, " "1, " "1, " "1, " "1, " "1, " "1, " "1, " "1, " "1, " "1, " "1, " "1, " "1, " "1, " "1, " "1, " "1, " "1, " "1, " "1, " "1, " "1, " "1, " "1, " "1, " "1, " "1, " "1, " "1, " "1, " "1, " "1, " "1, " "1, " "1, " "1, " "1, " "1, " "1, " "1, " "1, " "1, " "1, " "1, " "1, " "1, " "1, " "1, " "1, " "1, " "1, " "1, " "1, " "1, " "1, " "1, " "1, " "1, " "1, " "1, " "1, " "1, " "1, " "1, " "1, " "1, " "1, " "1, " "1, " "1, " "1, " "1, " "1, " "1, " "1, " "1, " "1, " "1, " "1, " "1, " "1, " "1, " "1, " "1, " "1, " "1, " "1, " "1, " "1, " "1, " "1, " "1, " "1, " "1, " "1, " "1, " "1, " "1, " "1, " "1, " "1, " "1, " "1, " "1, " "1, " "1, "0
 "Nei142, 0.264, " "0.627, " "1, " "1, " "1, " "1, " "1, " "1, " "1, " "1, " "1, " "1, " "1, " "1, " "1, " "1, " "1, " "1, " "1, " "1, " "1, " "1, " "1, " "1, " "1, " "1, " "1, " "1, " "1, " "1, " "1, " "1, " "1, " "1, " "1, " "1, " "1, " "1, " "1, " "1, " "1, " "1, " "1, " "1, " "1, " "1, " "1, " "1, " "1, " "1, " "1, " "1, " "1, " "1, " "1, " "1, " "1, " "1, " "1, " "1, " "1, " "1, " "1, " "1, " "1, " "1, " "1, " "1, " "1, " "1, " "1, " "1, " "1, " "1, " "1, " "1, " "1, " "1, " "1, " "1, " "1, " "1, " "1, " "1, " "1, " "1, " "1, " "1, " "1, " "1, " "1, " "1, " "1, " "1, " "1, " "1, " "1, " "1, " "1, " "1, " "1, " "1, " "1, " "1, " "1, " "1, " "1, " "1, " "1, " "1, " "1, " "1, " "1, " "1, " "1, " "1, " "1, " "1, " "1, " "1, " "1, " "1, " "1, " "1, " "1, " "1, " "1, " "1, " "1, " "1, " "1, " "1, " "1, " "1, " "1, " "1, " "1, " "1, " "1, " "1, " "1, " "1, " "1, " "1, " "0, " "1, " "1, " "1, " "1, " "1, " "1, " "1, " "1, " "1, " "1, " "1, " "1, " "1, " "1, " "1, " "1, " "1, " "1, " "1, " "1, " "1, " "1, " "1, " "1, " "1, " "1, " "1, " "1, " "1, " "1, " "1, " "1, " "1, " "1, " "1, " "1, " "1, " "1, " "1, " "1, " "1, " "1, " "1, " "1, " "1, " "1, " "1, " "1, " "1, " "1, " "1, " "1, " "1, " "1, " "1, " "1, " "1, " "1, " "1, " "1, " "1, " "1, " "1, " "1, " "1, " "1, " "1, " "1, " "1, " "1, " "1, " "1, " "1, " "1, " "1, " "1, " "1, " "1, " "1, " "1, " "1, " "1, " "1, " "1, " "1, " "1, " "1, " "1, " "1, " "1, " "1, " "1, " "1, " "1, " "1, " "1, " "1, " "1, " "1, " "1, " "1, " "1, " "1, " "1, " "1, " "1, " "1, " "1, " "1, " "1, " "1, " "1, " "1, " "1, "0
 "Nei143, 0.371, " "-0.075, " "1, " "1, " "1, " "1, " "1, " "1, " "1, " "1, " "1, " "1, " "1, " "1, " "1, " "1, " "1, " "1, " "1, " "1, " "1, " "1, " "1, " "1, " "1, " "1, " "1, " "1, " "1, " "1, " "1, " "1, " "1, " "1, " "1, " "1, " "1, " "1, " "1, " "1, " "1, " "1, " "1, " "1, " "1, " "1, " "1, " "1, " "1, " "1, " "1, " "1, " "1, " "1, " "1, " "1, " "1, " "1, " "1, " "1, " "1, " "1, " "1, " "1, " "1, " "1, " "1, " "1, " "1, " "1, " "1, " "1, " "1, " "1, " "1, " "1, " "1, " "1, " "1, " "1, " "1, " "1, " "1, " "1, " "1, " "1, " "1, " "1, " "1, " "1, " "1, " "1, " "1, " "1, " "1, " "1, " "1, " "1, " "1, " "1, " "1, " "1, " "1, " "1, " "1, " "1, " "1, " "1, " "1, " "1, " "1, " "1, " "1, " "1, " "1, " "1, " "1, " "1, " "1, " "1, " "1, " "1, " "1, " "1, " "1, " "1, " "1, " "1, " "1, " "1, " "1, " "1, " "1, " "1, " "1, " "1, " "1, " "1, " "1, " "1, " "1, " "1, " "1, " "1, " "1, " "0, " "1, " "1, " "1, " "1, " "1, " "1, " "1, " "1, " "1, " "1, " "1, " "1, " "1, " "1, " "1, " "1, " "1, " "1, " "1, " "1, " "1, " "1, " "1, " "1, " "1, " "1, " "1, " "1, " "1, " "1, " "1, " "1, " "1, " "1, " "1, " "1, " "1, " "1, " "1, " "1, " "1, " "1, " "1, " "1, " "1, " "1, " "1, " "1, " "1, " "1, " "1, " "1, " "1, " "1, " "1, " "1, " "1, " "1, " "1, " "1, " "1, " "1, " "1, " "1, " "1, " "1, " "1, " "1, " "1, " "1, " "1, " "1, " "1, " "1, " "1, " "1, " "1, " "1, " "1, " "1, " "1, " "1, " "1, " "1, " "1, " "1, " "1, " "1, " "1, " "1, " "1, " "1, " "1, " "1, " "1, " "1, " "1, " "1, " "1, " "1, " "1, " "1, " "1, " "1, " "1, " "1, " "1, " "1, " "1, " "1, " "1, " "1, " "1, "0
 "Nei144, 0.471, " "-0.07, " "1, " "1, " "1, " "1, " "1, " "1, " "1, " "1, " "1, " "1, " "1, " "1, " "1, " "1, " "1, " "1, " "1, " "1, " "1, " "1, " "1, " "1, " "1, " "1, " "1, " "1, " "1, " "1, " "1, " "1, " "1, " "1, " "1, " "1, " "1, " "1, " "1, " "1, " "1, " "1, " "1, " "1, " "1, " "1, " "1, " "1, " "1, " "1, " "1, " "1, " "1, " "1, " "1, " "1, " "1, " "1, " "1, " "1, " "1, " "1, " "1, " "1, " "1, " "1, " "1, " "1, " "1, " "1, " "1, " "1, " "1, " "1, " "1, " "1, " "1, " "1, " "1, " "1, " "1, " "1, " "1, " "1, " "1, " "1, " "1, " "1, " "1, " "1, " "1, " "1, " "1, " "1, " "1, " "1, " "1, " "1, " "1, " "1, " "1, " "1, " "1, " "1, " "1, " "1, " "1, " "1, " "1, " "1, " "1, " "1, " "1, " "1, " "1, " "1, " "1, " "1, " "1, " "1, " "1, " "1, " "1, " "1, " "1, " "1, " "1, " "1, " "1, " "1, " "1, " "1, " "1, " "1, " "1, " "1, " "1, " "1, " "1, " "1, " "1, " "1, " "1, " "1, " "1, " "1, " "0, " "1, " "1, " "1, " "1, " "1, " "1, " "1, " "1, " "1, " "1, " "1, " "1, " "1, " "1, " "1, " "1, " "1, " "1, " "1, " "1, " "1, " "1, " "1, " "1, " "1, " "1, " "1, " "1, " "1, " "1, " "1, " "1, " "1, " "1, " "1, " "1, " "1, " "1, " "1, " "1, " "1, " "1, " "1, " "1, " "1, " "1, " "1, " "1, " "1, " "1, " "1, " "1, " "1, " "1, " "1, " "1, " "1, " "1, " "1, " "1, " "1, " "1, " "1, " "1, " "1, " "1, " "1, " "1, " "1, " "1, " "1, " "1, " "1, " "1, " "1, " "1, " "1, " "1, " "1, " "1, " "1, " "1, " "1, " "1, " "1, " "1, " "1, " "1, " "1, " "1, " "1, " "1, " "1, " "1, " "1, " "1, " "1, " "1, " "1, " "1, " "1, " "1, " "1, " "1, " "1, " "1, " "1, " "1, " "1, " "1, " "1, " "1, "0
 "Nei145, 0.245, " "-0.454, " "1, " "1, " "1, " "1, " "1, " "1, " "1, " "1, " "1, " "1, " "1, " "1, " "1, " "1, " "1, " "1, " "1, " "1, " "1, " "1, " "1, " "1, " "1, " "1, " "1, " "1, " "1, " "1, " "1, " "1, " "1, " "1, " "1, " "1, " "1, " "1, " "1, " "1, " "1, " "1, " "1, " "1, " "1, " "1, " "1, " "1, " "1, " "1, " "1, " "1, " "1, " "1, " "1, " "1, " "1, " "1, " "1, " "1, " "1, " "1, " "1, " "1, " "1, " "1, " "1, " "1, " "1, " "1, " "1, " "1, " "1, " "1, " "1, " "1, " "1, " "1, " "1, " "1, " "1, " "1, " "1, " "1, " "1, " "1, " "1, " "1, " "1, " "1, " "1, " "1, " "1, " "1, " "1, " "1, " "1, " "1, " "1, " "1, " "1, " "1, " "1, " "1, " "1, " "1, " "1, " "1, " "1, " "1, " "1, " "1, " "1, " "1, " "1, " "1, " "1, " "1, " "1, " "1, " "1, " "1, " "1, " "1, " "1, " "1, " "1, " "1, " "1, " "1, " "1, " "1, " "1, " "1, " "1, " "1, " "1, " "1, " "1, " "1, " "1, " "1, " "1, " "1, " "1, " "1, " "1, " "0, " "1, " "1, " "1, " "1, " "1, " "1, " "1, " "1, " "1, " "1, " "1, " "1, " "1, " "1, " "1, " "1, " "1, " "1, " "1, " "1, " "1, " "1, " "1, " "1, " "1, " "1, " "1, " "1, " "1, " "1, " "1, " "1, " "1, " "1, " "1, " "1, " "1, " "1, " "1, " "1, " "1, " "1, " "1, " "1, " "1, " "1, " "1, " "1, " "1, " "1, " "1, " "1, " "1, " "1, " "1, " "1, " "1, " "1, " "1, " "1, " "1, " "1, " "1, " "1, " "1, " "1, " "1, " "1, " "1, " "1, " "1, " "1, " "1, " "1, " "1, " "1, " "1, " "1, " "1, " "1, " "1, " "1, " "1, " "1, " "1, " "1, " "1, " "1, " "1, " "1, " "1, " "1, " "1, " "1, " "1, " "1, " "1, " "1, " "1, " "1, " "1, " "1, " "1, " "1, " "1, " "1, " "1, " "1, " "1, " "1, " "1, "0
 "Nei146, 0.232, " "0.739, " "1, " "1, " "1, " "1, " "1, " "1, " "1, " "1, " "1, " "1, " "1, " "1, " "1, " "1, " "1, " "1, " "1, " "1, " "1, " "1, " "1, " "1, " "1, " "1, " "1, " "1, " "1, " "1, " "1, " "1, " "1, " "1, " "1, " "1, " "1, " "1, " "1, " "1, " "1, " "1, " "1, " "1, " "1, " "1, " "1, " "1, " "1, " "1, " "1, " "1, " "1, " "1, " "1, " "1, " "1, " "1, " "1, " "1, " "1, " "1, " "1, " "1, " "1, " "1, " "1, " "1, " "1, " "1, " "1, " "1, " "1, " "1, " "1, " "1, " "1, " "1, " "1, " "1, " "1, " "1, " "1, " "1, " "1, " "1, " "1, " "1, " "1, " "1, " "1, " "1, " "1, " "1, " "1, " "1, " "1, " "1, " "1, " "1, " "1, " "1, " "1, " "1, " "1, " "1, " "1, " "1, " "1, " "1, " "1, " "1, " "1, " "1, " "1, " "1, " "1, " "1, " "1, " "1, " "1, " "1, " "1, " "1, " "1, " "1, " "1, " "1, " "1, " "1, " "1, " "1, " "1, " "1, " "1, " "1, " "1, " "1, " "1, " "1, " "1, " "1, " "1, " "1, " "1, " "1, " "1, " "1, " "0, " "1, " "1, " "1, " "1, " "1, " "1, " "1, " "1, " "1, " "1, " "1, " "1, " "1, " "1, " "1, " "1, " "1, " "1, " "1, " "1, " "1, " "1, " "1, " "1, " "1, " "1, " "1, " "1, " "1, " "1, " "1, " "1, " "1, " "1, " "1, " "1, " "1, " "1, " "1, " "1, " "1, " "1, " "1, " "1, " "1, " "1, " "1, " "1, " "1, " "1, " "1, " "1, " "1, " "1, " "1, " "1, " "1, " "1, " "1, " "1, " "1, " "1, " "1, " "1, " "1, " "1, " "1, " "1, " "1, " "1, " "1, " "1, " "1, " "1, " "1, " "1, " "1, " "1, " "1, " "1, " "1, " "1, " "1, " "1, " "1, " "1, " "1, " "1, " "1, " "1, " "1, " "1, " "1, " "1, " "1, " "1, " "1, " "1, " "1, " "1, " "1, " "1, " "1, " "1, " "1, " "1, " "1, " "1, " "1, " "1, "0
 "Nei147, 0.44, " "-0.38, " "1, " "1, " "1, " "1, " "1, " "1, " "1, " "1, " "1, " "1, " "1, " "1, " "1, " "1, " "1, " "1, " "1, " "1, " "1, " "1, " "1, " "1, " "1, " "1, " "1, " "1, " "1, " "1, " "1, " "1, " "1, " "1, " "1, " "1, " "1, " "1, " "1, " "1, " "1, " "1, " "1, " "1, " "1, " "1, " "1, " "1, " "1, " "1, " "1, " "1, " "1, " "1, " "1, " "1, " "1, " "1, " "1, " "1, " "1, " "1, " "1, " "1, " "1, " "1, " "1, " "1, " "1, " "1, " "1, " "1, " "1, " "1, " "1, " "1, " "1, " "1, " "1, " "1, " "1, " "1, " "1, " "1, " "1, " "1, " "1, " "1, " "1, " "1, " "1, " "1, " "1, " "1, " "1, " "1, " "1, " "1, " "1, " "1, " "1, " "1, " "1, " "1, " "1, " "1, " "1, " "1, " "1, " "1, " "1, " "1, " "1, " "1, " "1, " "1, " "1, " "1, " "1, " "1, " "1, " "1, " "1, " "1, " "1, " "1, " "1, " "1, " "1, " "1, " "1, " "1, " "1, " "1, " "1, " "1, " "1, " "1, " "1, " "1, " "1, " "1, " "1, " "1, " "1, " "1, " "1, " "1, " "1, " "0, " "1, " "1, " "1, " "1, " "1, " "1, " "1, " "1, " "1, " "1, " "1, " "1, " "1, " "1, " "1, " "1, " "1, " "1, " "1, " "1, " "1, " "1, " "1, " "1, " "1, " "1, " "1, " "1, " "1, " "1, " "1, " "1, " "1, " "1, " "1, " "1, " "1, " "1, " "1, " "1, " "1, " "1, " "1, " "1, " "1, " "1, " "1, " "1, " "1, " "1, " "1, " "1, " "1, " "1, " "1, " "1, " "1, " "1, " "1, " "1, " "1, " "1, " "1, " "1, " "1, " "1, " "1, " "1, " "1, " "1, " "1, " "1, " "1, " "1, " "1, " "1, " "1, " "1, " "1, " "1, " "1, " "1, " "1, " "1, " "1, " "1, " "1, " "1, " "1, " "1, " "1, " "1, " "1, " "1, " "1, " "1, " "1, " "1, " "1, " "1, " "1, " "1, " "1, " "1, " "1, " "1, " "1, " "1, " "1, "0
 "Nei148, 0.073, " "-0.631, " "1, " "1, " "1, " "1, " "1, " "1, " "1, " "1, " "1, " "1, " "1, " "1, " "1, " "1, " "1, " "1, " "1, " "1, " "1, " "1, " "1, " "1, " "1, " "1, " "1, " "1, " "1, " "1, " "1, " "1, " "1, " "1, " "1, " "1, " "1, " "1, " "1, " "1, " "1, " "1, " "1, " "1, " "1, " "1, " "1, " "1, " "1, " "1, " "1, " "1, " "1, " "1, " "1, " "1, " "1, " "1, " "1, " "1, " "1, " "1, " "1, " "1, " "1, " "1, " "1, " "1, " "1, " "1, " "1, " "1, " "1, " "1, " "1, " "1, " "1, " "1, " "1, " "1, " "1, " "1, " "1, " "1, " "1, " "1, " "1, " "1, " "1, " "1, " "1, " "1, " "1, " "1, " "1, " "1, " "1, " "1, " "1, " "1, " "1, " "1, " "1, " "1, " "1, " "1, " "1, " "1, " "1, " "1, " "1, " "1, " "1, " "1, " "1, " "1, " "1, " "1, " "1, " "1, " "1, " "1, " "1, " "1, " "1, " "1, " "1, " "1, " "1, " "1, " "1, " "1, " "1, " "1, " "1, " "1, " "1, " "1, " "1, " "1, " "1, " "1, " "1, " "1, " "1, " "1, " "1, " "1, " "1, " "1, " "0, " "1, " "1, " "1, " "1, " "1, " "1, " "1, " "1, " "1, " "1, " "1, " "1, " "1, " "1, " "1, " "1, " "1, " "1, " "1, " "1, " "1, " "1, " "1, " "1, " "1, " "1, " "1, " "1, " "1, " "1, " "1, " "1, " "1, " "1, " "1, " "1, " "1, " "1, " "1, " "1, " "1, " "1, " "1, " "1, " "1, " "1, " "1, " "1, " "1, " "1, " "1, " "1, " "1, " "1, " "1, " "1, " "1, " "1, " "1, " "1, " "1, " "1, " "1, " "1, " "1, " "1, " "1, " "1, " "1, " "1, " "1, " "1, " "1, " "1, " "1, " "1, " "1, " "1, " "1, " "1, " "1, " "1, " "1, " "1, " "1, " "1, " "1, " "1, " "1, " "1, " "1, " "1, " "1, " "1, " "1, " "1, " "1, " "1, " "1, " "1, " "1, " "1, " "1, " "1, " "1, " "1, " "1, " "1, "0
 "Nei149, 0.361, " "-0.707, " "1, " "1, " "1, " "1, " "1, " "1, " "1, " "1, " "1, " "1, " "1, " "1, " "1, " "1, " "1, " "1, " "1, " "1, " "1, " "1, " "1, " "1, " "1, " "1, " "1, " "1, " "1, " "1, " "1, " "1, " "1, " "1, " "1, " "1, " "1, " "1, " "1, " "1, " "1, " "1, " "1, " "1, " "1, " "1, " "1, " "1, " "1, " "1, " "1, " "1, " "1, " "1, " "1, " "1, " "1, " "1, " "1, " "1, " "1, " "1, " "1, " "1, " "1, " "1, " "1, " "1, " "1, " "1, " "1, " "1, " "1, " "1, " "1, " "1, " "1, " "1, " "1, " "1, " "1, " "1, " "1, " "1, " "1, " "1, " "1, " "1, " "1, " "1, " "1, " "1, " "1, " "1, " "1, " "1, " "1, " "1, " "1, " "1, " "1, " "1, " "1, " "1, " "1, " "1, " "1, " "1, " "1, " "1, " "1, " "1, " "1, " "1, " "1, " "1, " "1, " "1, " "1, " "1, " "1, " "1, " "1, " "1, " "1, " "1, " "1, " "1, " "1, " "1, " "1, " "1, " "1, " "1, " "1, " "1, " "1, " "1, " "1, " "1, " "1, " "1, " "1, " "1, " "1, " "1, " "1, " "1, " "1, " "1, " "1, " "0, " "1, " "1, " "1, " "1, " "1, " "1, " "1, " "1, " "1, " "1, " "1, " "1, " "1, " "1, " "1, " "1, " "1, " "1, " "1, " "1, " "1, " "1, " "1, " "1, " "1, " "1, " "1, " "1, " "1, " "1, " "1, " "1, " "1, " "1, " "1, " "1, " "1, " "1, " "1, " "1, " "1, " "1, " "1, " "1, " "1, " "1, " "1, " "1, " "1, " "1, " "1, " "1, " "1, " "1, " "1, " "1, " "1, " "1, " "1, " "1, " "1, " "1, " "1, " "1, " "1, " "1, " "1, " "1, " "1, " "1, " "1, " "1, " "1, " "1, " "1, " "1, " "1, " "1, " "1, " "1, " "1, " "1, " "1, " "1, " "1, " "1, " "1, " "1, " "1, " "1, " "1, " "1, " "1, " "1, " "1, " "1, " "1, " "1, " "1, " "1, " "1, " "1, " "1, " "1, " "1, " "1, " "1, "0
 "Nei150, 0.205, " "0.574, " "1, " "1, " "1, " "1, " "1, " "1, " "1, " "1, " "1, " "1, " "1, " "1, " "1, " "1, " "1, " "1, " "1, " "1, " "1, " "1, " "1, " "1, " "1, " "1, " "1, " "1, " "1, " "1, " "1, " "1, " "1, " "1, " "1, " "1, " "1, " "1, " "1, " "1, " "1, " "1, " "1, " "1, " "1, " "1, " "1, " "1, " "1, " "1, " "1, " "1, " "1, " "1, " "1, " "1, " "1, " "1, " "1, " "1, " "1, " "1, " "1, " "1, " "1, " "1, " "1, " "1, " "1, " "1, " "1, " "1, " "1, " "1, " "1, " "1, " "1, " "1, " "1, " "1, " "1, " "1, " "1, " "1, " "1, " "1, " "1, " "1, " "1, " "1, " "1, " "1, " "1, " "1, " "1, " "1, " "1, " "1, " "1, " "1, " "1, " "1, " "1, " "1, " "1, " "1, " "1, " "1, " "1, " "1, " "1, " "1, " "1, " "1, " "1, " "1, " "1, " "1, " "1, " "1, " "1, " "1, " "1, " "1, " "1, " "1, " "1, " "1, " "1, " "1, " "1, " "1, " "1, " "1, " "1, " "1, " "1, " "1, " "1, " "1, " "1, " "1, " "1, " "1, " "1, " "1, " "1, " "1, " "1, " "1, " "1, " "1, " "0, " "1, " "1, " "1, " "1, " "1, " "1, " "1, " "1, " "1, " "1, " "1, " "1, " "1, " "1, " "1, " "1, " "1, " "1, " "1, " "1, " "1, " "1, " "1, " "1, " "1, " "1, " "1, " "1, " "1, " "1, " "1, " "1, " "1, " "1, " "1, " "1, " "1, " "1, " "1, " "1, " "1, " "1, " "1, " "1, " "1, " "1, " "1, " "1, " "1, " "1, " "1, " "1, " "1, " "1, " "1, " "1, " "1, " "1, " "1, " "1, " "1, " "1, " "1, " "1, " "1, " "1, " "1, " "1, " "1, " "1, " "1, " "1, " "1, " "1, " "1, " "1, " "1, " "1, " "1, " "1, " "1, " "1, " "1, " "1, " "1, " "1, " "1, " "1, " "1, " "1, " "1, " "1, " "1, " "1, " "1, " "1, " "1, " "1, " "1, " "1, " "1, " "1, " "1, " "1, " "1, " "1, "0
 "Nei151, 0.342, " "-0.835, " "1, " "1, " "1, " "1, " "1, " "1, " "1, " "1, " "1, " "1, " "1, " "1, " "1, " "1, " "1, " "1, " "1, " "1, " "1, " "1, " "1, " "1, " "1, " "1, " "1, " "1, " "1, " "1, " "1, " "1, " "1, " "1, " "1, " "1, " "1, " "1, " "1, " "1, " "1, " "1, " "1, " "1, " "1, " "1, " "1, " "1, " "1, " "1, " "1, " "1, " "1, " "1, " "1, " "1, " "1, " "1, " "1, " "1, " "1, " "1, " "1, " "1, " "1, " "1, " "1, " "1, " "1, " "1, " "1, " "1, " "1, " "1, " "1, " "1, " "1, " "1, " "1, " "1, " "1, " "1, " "1, " "1, " "1, " "1, " "1, " "1, " "1, " "1, " "1, " "1, " "1, " "1, " "1, " "1, " "1, " "1, " "1, " "1, " "1, " "1, " "1, " "1, " "1, " "1, " "1, " "1, " "1, " "1, " "1, " "1, " "1, " "1, " "1, " "1, " "1, " "1, " "1, " "1, " "1, " "1, " "1, " "1, " "1, " "1, " "1, " "1, " "1, " "1, " "1, " "1, " "1, " "1, " "1, " "1, " "1, " "1, " "1, " "1, " "1, " "1, " "1, " "1, " "1, " "1, " "1, " "1, " "1, " "1, " "1, " "1, " "1, " "0, " "1, " "1, " "1, " "1, " "1, " "1, " "1, " "1, " "1, " "1, " "1, " "1, " "1, " "1, " "1, " "1, " "1, " "1, " "1, " "1, " "1, " "1, " "1, " "1, " "1, " "1, " "1, " "1, " "1, " "1, " "1, " "1, " "1, " "1, " "1, " "1, " "1, " "1, " "1, " "1, " "1, " "1, " "1, " "1, " "1, " "1, " "1, " "1, " "1, " "1, " "1, " "1, " "1, " "1, " "1, " "1, " "1, " "1, " "1, " "1, " "1, " "1, " "1, " "1, " "1, " "1, " "1, " "1, " "1, " "1, " "1, " "1, " "1, " "1, " "1, " "1, " "1, " "1, " "1, " "1, " "1, " "1, " "1, " "1, " "1, " "1, " "1, " "1, " "1, " "1, " "1, " "1, " "1, " "1, " "1, " "1, " "1, " "1, " "1, " "1, " "1, " "1, " "1, " "1, " "1, "0
 "Nei152, 0.313, " "0.088, " "1, " "1, " "1, " "1, " "1, " "1, " "1, " "1, " "1, " "1, " "1, " "1, " "1, " "1, " "1, " "1, " "1, " "1, " "1, " "1, " "1, " "1, " "1, " "1, " "1, " "1, " "1, " "1, " "1, " "1, " "1, " "1, " "1, " "1, " "1, " "1, " "1, " "1, " "1, " "1, " "1, " "1, " "1, " "1, " "1, " "1, " "1, " "1, " "1, " "1, " "1, " "1, " "1, " "1, " "1, " "1, " "1, " "1, " "1, " "1, " "1, " "1, " "1, " "1, " "1, " "1, " "1, " "1, " "1, " "1, " "1, " "1, " "1, " "1, " "1, " "1, " "1, " "1, " "1, " "1, " "1, " "1, " "1, " "1, " "1, " "1, " "1, " "1, " "1, " "1, " "1, " "1, " "1, " "1, " "1, " "1, " "1, " "1, " "1, " "1, " "1, " "1, " "1, " "1, " "1, " "1, " "1, " "1, " "1, " "1, " "1, " "1, " "1, " "1, " "1, " "1, " "1, " "1, " "1, " "1, " "1, " "1, " "1, " "1, " "1, " "1, " "1, " "1, " "1, " "1, " "1, " "1, " "1, " "1, " "1, " "1, " "1, " "1, " "1, " "1, " "1, " "1, " "1, " "1, " "1, " "1, " "1, " "1, " "1, " "1, " "1, " "1, " "0, " "1, " "1, " "1, " "1, " "1, " "1, " "1, " "1, " "1, " "1, " "1, " "1, " "1, " "1, " "1, " "1, " "1, " "1, " "1, " "1, " "1, " "1, " "1, " "1, " "1, " "1, " "1, " "1, " "1, " "1, " "1, " "1, " "1, " "1, " "1, " "1, " "1, " "1, " "1, " "1, " "1, " "1, " "1, " "1, " "1, " "1, " "1, " "1, " "1, " "1, " "1, " "1, " "1, " "1, " "1, " "1, " "1, " "1, " "1, " "1, " "1, " "1, " "1, " "1, " "1, " "1, " "1, " "1, " "1, " "1, " "1, " "1, " "1, " "1, " "1, " "1, " "1, " "1, " "1, " "1, " "1, " "1, " "1, " "1, " "1, " "1, " "1, " "1, " "1, " "1, " "1, " "1, " "1, " "1, " "1, " "1, " "1, " "1, " "1, " "1, " "1, " "1, " "1, " "1, "0
 "Nei153, 0.096, " "-0.697, " "1, " "1, " "1, " "1, " "1, " "1, " "1, " "1, " "1, " "1, " "1, " "1, " "1, " "1, " "1, " "1, " "1, " "1, " "1, " "1, " "1, " "1, " "1, " "1, " "1, " "1, " "1, " "1, " "1, " "1, " "1, " "1, " "1, " "1, " "1, " "1, " "1, " "1, " "1, " "1, " "1, " "1, " "1, " "1, " "1, " "1, " "1, " "1, " "1, " "1, " "1, " "1, " "1, " "1, " "1, " "1, " "1, " "1, " "1, " "1, " "1, " "1, " "1, " "1, " "1, " "1, " "1, " "1, " "1, " "1, " "1, " "1, " "1, " "1, " "1, " "1, " "1, " "1, " "1, " "1, " "1, " "1, " "1, " "1, " "1, " "1, " "1, " "1, " "1, " "1, " "1, " "1, " "1, " "1, " "1, " "1, " "1, " "1, " "1, " "1, " "1, " "1, " "1, " "1, " "1, " "1, " "1, " "1, " "1, " "1, " "1, " "1, " "1, " "1, " "1, " "1, " "1, " "1, " "1, " "1, " "1, " "1, " "1, " "1, " "1, " "1, " "1, " "1, " "1, " "1, " "1, " "1, " "1, " "1, " "1, " "1, " "1, " "1, " "1, " "1, " "1, " "1, " "1, " "1, " "1, " "1, " "1, " "1, " "1, " "1, " "1, " "1, " "1, " "0, " "1, " "1, " "1, " "1, " "1, " "1, " "1, " "1, " "1, " "1, " "1, " "1, " "1, " "1, " "1, " "1, " "1, " "1, " "1, " "1, " "1, " "1, " "1, " "1, " "1, " "1, " "1, " "1, " "1, " "1, " "1, " "1, " "1, " "1, " "1, " "1, " "1, " "1, " "1, " "1, " "1, " "1, " "1, " "1, " "1, " "1, " "1, " "1, " "1, " "1, " "1, " "1, " "1, " "1, " "1, " "1, " "1, " "1, " "1, " "1, " "1, " "1, " "1, " "1, " "1, " "1, " "1, " "1, " "1, " "1, " "1, " "1, " "1, " "1, " "1, " "1, " "1, " "1, " "1, " "1, " "1, " "1, " "1, " "1, " "1, " "1, " "1, " "1, " "1, " "1, " "1, " "1, " "1, " "1, " "1, " "1, " "1, " "1, " "1, " "1, " "1, " "1, " "1, "0
 "Nei154, 0.551, " "0.689, " "1, " "1, " "1, " "1, " "1, " "1, " "1, " "1, " "1, " "1, " "1, " "1, " "1, " "1, " "1, " "1, " "1, " "1, " "1, " "1, " "1, " "1, " "1, " "1, " "1, " "1, " "1, " "1, " "1, " "1, " "1, " "1, " "1, " "1, " "1, " "1, " "1, " "1, " "1, " "1, " "1, " "1, " "1, " "1, " "1, " "1, " "1, " "1, " "1, " "1, " "1, " "1, " "1, " "1, " "1, " "1, " "1, " "1, " "1, " "1, " "1, " "1, " "1, " "1, " "1, " "1, " "1, " "1, " "1, " "1, " "1, " "1, " "1, " "1, " "1, " "1, " "1, " "1, " "1, " "1, " "1, " "1, " "1, " "1, " "1, " "1, " "1, " "1, " "1, " "1, " "1, " "1, " "1, " "1, " "1, " "1, " "1, " "1, " "1, " "1, " "1, " "1, " "1, " "1, " "1, " "1, " "1, " "1, " "1, " "1, " "1, " "1, " "1, " "1, " "1, " "1, " "1, " "1, " "1, " "1, " "1, " "1, " "1, " "1, " "1, " "1, " "1, " "1, " "1, " "1, " "1, " "1, " "1, " "1, " "1, " "1, " "1, " "1, " "1, " "1, " "1, " "1, " "1, " "1, " "1, " "1, " "1, " "1, " "1, " "1, " "1, " "1, " "1, " "1, " "0, " "1, " "1, " "1, " "1, " "1, " "1, " "1, " "1, " "1, " "1, " "1, " "1, " "1, " "1, " "1, " "1, " "1, " "1, " "1, " "1, " "1, " "1, " "1, " "1, " "1, " "1, " "1, " "1, " "1, " "1, " "1, " "1, " "1, " "1, " "1, " "1, " "1, " "1, " "1, " "1, " "1, " "1, " "1, " "1, " "1, " "1, " "1, " "1, " "1, " "1, " "1, " "1, " "1, " "1, " "1, " "1, " "1, " "1, " "1, " "1, " "1, " "1, " "1, " "1, " "1, " "1, " "1, " "1, " "1, " "1, " "1, " "1, " "1, " "1, " "1, " "1, " "1, " "1, " "1, " "1, " "1, " "1, " "1, " "1, " "1, " "1, " "1, " "1, " "1, " "1, " "1, " "1, " "1, " "1, " "1, " "1, " "1, " "1, " "1, " "1, " "1, " "1, "0
 "Nei155, 0.582, " "0.9, " "1, " "1, " "1, " "1, " "1, " "1, " "1, " "1, " "1, " "1, " "1, " "1, " "1, " "1, " "1, " "1, " "1, " "1, " "1, " "1, " "1, " "1, " "1, " "1, " "1, " "1, " "1, " "1, " "1, " "1, " "1, " "1, " "1, " "1, " "1, " "1, " "1, " "1, " "1, " "1, " "1, " "1, " "1, " "1, " "1, " "1, " "1, " "1, " "1, " "1, " "1, " "1, " "1, " "1, " "1, " "1, " "1, " "1, " "1, " "1, " "1, " "1, " "1, " "1, " "1, " "1, " "1, " "1, " "1, " "1, " "1, " "1, " "1, " "1, " "1, " "1, " "1, " "1, " "1, " "1, " "1, " "1, " "1, " "1, " "1, " "1, " "1, " "1, " "1, " "1, " "1, " "1, " "1, " "1, " "1, " "1, " "1, " "1, " "1, " "1, " "1, " "1, " "1, " "1, " "1, " "1, " "1, " "1, " "1, " "1, " "1, " "1, " "1, " "1, " "1, " "1, " "1, " "1, " "1, " "1, " "1, " "1, " "1, " "1, " "1, " "1, " "1, " "1, " "1, " "1, " "1, " "1, " "1, " "1, " "1, " "1, " "1, " "1, " "1, " "1, " "1, " "1, " "1, " "1, " "1, " "1, " "1, " "1, " "1, " "1, " "1, " "1, " "1, " "1, " "1, " "0, " "1, " "1, " "1, " "1, " "1, " "1, " "1, " "1, " "1, " "1, " "1, " "1, " "1, " "1, " "1, " "1, " "1, " "1, " "1, " "1, " "1, " "1, " "1, " "1, " "1, " "1, " "1, " "1, " "1, " "1, " "1, " "1, " "1, " "1, " "1, " "1, " "1, " "1, " "1, " "1, " "1, " "1, " "1, " "1, " "1, " "1, " "1, " "1, " "1, " "1, " "1, " "1, " "1, " "1, " "1, " "1, " "1, " "1, " "1, " "1, " "1, " "1, " "1, " "1, " "1, " "1, " "1, " "1, " "1, " "1, " "1, " "1, " "1, " "1, " "1, " "1, " "1, " "1, " "1, " "1, " "1, " "1, " "1, " "1, " "1, " "1, " "1, " "1, " "1, " "1, " "1, " "1, " "1, " "1, " "1, " "1, " "1, " "1, " "1, " "1, " "1, "0
 "Nei156, 0.492, " "0.318, " "1, " "1, " "1, " "1, " "1, " "1, " "1, " "1, " "1, " "1, " "1, " "1, " "1, " "1, " "1, " "1, " "1, " "1, " "1, " "1, " "1, " "1, " "1, " "1, " "1, " "1, " "1, " "1, " "1, " "1, " "1, " "1, " "1, " "1, " "1, " "1, " "1, " "1, " "1, " "1, " "1, " "1, " "1, " "1, " "1, " "1, " "1, " "1, " "1, " "1, " "1, " "1, " "1, " "1, " "1, " "1, " "1, " "1, " "1, " "1, " "1, " "1, " "1, " "1, " "1, " "1, " "1, " "1, " "1, " "1, " "1, " "1, " "1, " "1, " "1, " "1, " "1, " "1, " "1, " "1, " "1, " "1, " "1, " "1, " "1, " "1, " "1, " "1, " "1, " "1, " "1, " "1, " "1, " "1, " "1, " "1, " "1, " "1, " "1, " "1, " "1, " "1, " "1, " "1, " "1, " "1, " "1, " "1, " "1, " "1, " "1, " "1, " "1, " "1, " "1, " "1, " "1, " "1, " "1, " "1, " "1, " "1, " "1, " "1, " "1, " "1, " "1, " "1, " "1, " "1, " "1, " "1, " "1, " "1, " "1, " "1, " "1, " "1, " "1, " "1, " "1, " "1, " "1, " "1, " "1, " "1, " "1, " "1, " "1, " "1, " "1, " "1, " "1, " "1, " "1, " "1, " "0, " "1, " "1, " "1, " "1, " "1, " "1, " "1, " "1, " "1, " "1, " "1, " "1, " "1, " "1, " "1, " "1, " "1, " "1, " "1, " "1, " "1, " "1, " "1, " "1, " "1, " "1, " "1, " "1, " "1, " "1, " "1, " "1, " "1, " "1, " "1, " "1, " "1, " "1, " "1, " "1, " "1, " "1, " "1, " "1, " "1, " "1, " "1, " "1, " "1, " "1, " "1, " "1, " "1, " "1, " "1, " "1, " "1, " "1, " "1, " "1, " "1, " "1, " "1, " "1, " "1, " "1, " "1, " "1, " "1, " "1, " "1, " "1, " "1, " "1, " "1, " "1, " "1, " "1, " "1, " "1, " "1, " "1, " "1, " "1, " "1, " "1, " "1, " "1, " "1, " "1, " "1, " "1, " "1, " "1, " "1, " "1, " "1, " "1, " "1, " "1, "0
 "Nei157, 0.059, " "0.264, " "1, " "1, " "1, " "1, " "1, " "1, " "1, " "1, " "1, " "1, " "1, " "1, " "1, " "1, " "1, " "1, " "1, " "1, " "1, " "1, " "1, " "1, " "1, " "1, " "1, " "1, " "1, " "1, " "1, " "1, " "1, " "1, " "1, " "1, " "1, " "1, " "1, " "1, " "1, " "1, " "1, " "1, " "1, " "1, " "1, " "1, " "1, " "1, " "1, " "1, " "1, " "1, " "1, " "1, " "1, " "1, " "1, " "1, " "1, " "1, " "1, " "1, " "1, " "1, " "1, " "1, " "1, " "1, " "1, " "1, " "1, " "1, " "1, " "1, " "1, " "1, " "1, " "1, " "1, " "1, " "1, " "1, " "1, " "1, " "1, " "1, " "1, " "1, " "1, " "1, " "1, " "1, " "1, " "1, " "1, " "1, " "1, " "1, " "1, " "1, " "1, " "1, " "1, " "1, " "1, " "1, " "1, " "1, " "1, " "1, " "1, " "1, " "1, " "1, " "1, " "1, " "1, " "1, " "1, " "1, " "1, " "1, " "1, " "1, " "1, " "1, " "1, " "1, " "1, " "1, " "1, " "1, " "1, " "1, " "1, " "1, " "1, " "1, " "1, " "1, " "1, " "1, " "1, " "1, " "1, " "1, " "1, " "1, " "1, " "1, " "1, " "1, " "1, " "1, " "1, " "1, " "1, " "0, " "1, " "1, " "1, " "1, " "1, " "1, " "1, " "1, " "1, " "1, " "1, " "1, " "1, " "1, " "1, " "1, " "1, " "1, " "1, " "1, " "1, " "1, " "1, " "1, " "1, " "1, " "1, " "1, " "1, " "1, " "1, " "1, " "1, " "1, " "1, " "1, " "1, " "1, " "1, " "1, " "1, " "1, " "1, " "1, " "1, " "1, " "1, " "1, " "1, " "1, " "1, " "1, " "1, " "1, " "1, " "1, " "1, " "1, " "1, " "1, " "1, " "1, " "1, " "1, " "1, " "1, " "1, " "1, " "1, " "1, " "1, " "1, " "1, " "1, " "1, " "1, " "1, " "1, " "1, " "1, " "1, " "1, " "1, " "1, " "1, " "1, " "1, " "1, " "1, " "1, " "1, " "1, " "1, " "1, " "1, " "1, " "1, " "1, " "1, "0
 "Nei158, 0.362, " "-0.403, " "1, " "1, " "1, " "1, " "1, " "1, " "1, " "1, " "1, " "1, " "1, " "1, " "1, " "1, " "1, " "1, " "1, " "1, " "1, " "1, " "1, " "1, " "1, " "1, " "1, " "1, " "1, " "1, " "1, " "1, " "1, " "1, " "1, " "1, " "1, " "1, " "1, " "1, " "1, " "1, " "1, " "1, " "1, " "1, " "1, " "1, " "1, " "1, " "1, " "1, " "1, " "1, " "1, " "1, " "1, " "1, " "1, " "1, " "1, " "1, " "1, " "1, " "1, " "1, " "1, " "1, " "1, " "1, " "1, " "1, " "1, " "1, " "1, " "1, " "1, " "1, " "1, " "1, " "1, " "1, " "1, " "1, " "1, " "1, " "1, " "1, " "1, " "1, " "1, " "1, " "1, " "1, " "1, " "1, " "1, " "1, " "1, " "1, " "1, " "1, " "1, " "1, " "1, " "1, " "1, " "1, " "1, " "1, " "1, " "1, " "1, " "1, " "1, " "1, " "1, " "1, " "1, " "1, " "1, " "1, " "1, " "1, " "1, " "1, " "1, " "1, " "1, " "1, " "1, " "1, " "1, " "1, " "1, " "1, " "1, " "1, " "1, " "1, " "1, " "1, " "1, " "1, " "1, " "1, " "1, " "1, " "1, " "1, " "1, " "1, " "1, " "1, " "1, " "1, " "1, " "1, " "1, " "1, " "0, " "1, " "1, " "1, " "1, " "1, " "1, " "1, " "1, " "1, " "1, " "1, " "1, " "1, " "1, " "1, " "1, " "1, " "1, " "1, " "1, " "1, " "1, " "1, " "1, " "1, " "1, " "1, " "1, " "1, " "1, " "1, " "1, " "1, " "1, " "1, " "1, " "1, " "1, " "1, " "1, " "1, " "1, " "1, " "1, " "1, " "1, " "1, " "1, " "1, " "1, " "1, " "1, " "1, " "1, " "1, " "1, " "1, " "1, " "1, " "1, " "1, " "1, " "1, " "1, " "1, " "1, " "1, " "1, " "1, " "1, " "1, " "1, " "1, " "1, " "1, " "1, " "1, " "1, " "1, " "1, " "1, " "1, " "1, " "1, " "1, " "1, " "1, " "1, " "1, " "1, " "1, " "1, " "1, " "1, " "1, " "1, " "1, " "1, "0
 "Nei159, 0.182, " "-0.037, " "1, " "1, " "1, " "1, " "1, " "1, " "1, " "1, " "1, " "1, " "1, " "1, " "1, " "1, " "1, " "1, " "1, " "1, " "1, " "1, " "1, " "1, " "1, " "1, " "1, " "1, " "1, " "1, " "1, " "1, " "1, " "1, " "1, " "1, " "1, " "1, " "1, " "1, " "1, " "1, " "1, " "1, " "1, " "1, " "1, " "1, " "1, " "1, " "1, " "1, " "1, " "1, " "1, " "1, " "1, " "1, " "1, " "1, " "1, " "1, " "1, " "1, " "1, " "1, " "1, " "1, " "1, " "1, " "1, " "1, " "1, " "1, " "1, " "1, " "1, " "1, " "1, " "1, " "1, " "1, " "1, " "1, " "1, " "1, " "1, " "1, " "1, " "1, " "1, " "1, " "1, " "1, " "1, " "1, " "1, " "1, " "1, " "1, " "1, " "1, " "1, " "1, " "1, " "1, " "1, " "1, " "1, " "1, " "1, " "1, " "1, " "1, " "1, " "1, " "1, " "1, " "1, " "1, " "1, " "1, " "1, " "1, " "1, " "1, " "1, " "1, " "1, " "1, " "1, " "1, " "1, " "1, " "1, " "1, " "1, " "1, " "1, " "1, " "1, " "1, " "1, " "1, " "1, " "1, " "1, " "1, " "1, " "1, " "1, " "1, " "1, " "1, " "1, " "1, " "1, " "1, " "1, " "1, " "1, " "0, " "1, " "1, " "1, " "1, " "1, " "1, " "1, " "1, " "1, " "1, " "1, " "1, " "1, " "1, " "1, " "1, " "1, " "1, " "1, " "1, " "1, " "1, " "1, " "1, " "1, " "1, " "1, " "1, " "1, " "1, " "1, " "1, " "1, " "1, " "1, " "1, " "1, " "1, " "1, " "1, " "1, " "1, " "1, " "1, " "1, " "1, " "1, " "1, " "1, " "1, " "1, " "1, " "1, " "1, " "1, " "1, " "1, " "1, " "1, " "1, " "1, " "1, " "1, " "1, " "1, " "1, " "1, " "1, " "1, " "1, " "1, " "1, " "1, " "1, " "1, " "1, " "1, " "1, " "1, " "1, " "1, " "1, " "1, " "1, " "1, " "1, " "1, " "1, " "1, " "1, " "1, " "1, " "1, " "1, " "1, " "1, " "1, "0
 "Nei160, 0.367, " "-0.223, " "1, " "1, " "1, " "1, " "1, " "1, " "1, " "1, " "1, " "1, " "1, " "1, " "1, " "1, " "1, " "1, " "1, " "1, " "1, " "1, " "1, " "1, " "1, " "1, " "1, " "1, " "1, " "1, " "1, " "1, " "1, " "1, " "1, " "1, " "1, " "1, " "1, " "1, " "1, " "1, " "1, " "1, " "1, " "1, " "1, " "1, " "1, " "1, " "1, " "1, " "1, " "1, " "1, " "1, " "1, " "1, " "1, " "1, " "1, " "1, " "1, " "1, " "1, " "1, " "1, " "1, " "1, " "1, " "1, " "1, " "1, " "1, " "1, " "1, " "1, " "1, " "1, " "1, " "1, " "1, " "1, " "1, " "1, " "1, " "1, " "1, " "1, " "1, " "1, " "1, " "1, " "1, " "1, " "1, " "1, " "1, " "1, " "1, " "1, " "1, " "1, " "1, " "1, " "1, " "1, " "1, " "1, " "1, " "1, " "1, " "1, " "1, " "1, " "1, " "1, " "1, " "1, " "1, " "1, " "1, " "1, " "1, " "1, " "1, " "1, " "1, " "1, " "1, " "1, " "1, " "1, " "1, " "1, " "1, " "1, " "1, " "1, " "1, " "1, " "1, " "1, " "1, " "1, " "1, " "1, " "1, " "1, " "1, " "1, " "1, " "1, " "1, " "1, " "1, " "1, " "1, " "1, " "1, " "1, " "1, " "0, " "1, " "1, " "1, " "1, " "1, " "1, " "1, " "1, " "1, " "1, " "1, " "1, " "1, " "1, " "1, " "1, " "1, " "1, " "1, " "1, " "1, " "1, " "1, " "1, " "1, " "1, " "1, " "1, " "1, " "1, " "1, " "1, " "1, " "1, " "1, " "1, " "1, " "1, " "1, " "1, " "1, " "1, " "1, " "1, " "1, " "1, " "1, " "1, " "1, " "1, " "1, " "1, " "1, " "1, " "1, " "1, " "1, " "1, " "1, " "1, " "1, " "1, " "1, " "1, " "1, " "1, " "1, " "1, " "1, " "1, " "1, " "1, " "1, " "1, " "1, " "1, " "1, " "1, " "1, " "1, " "1, " "1, " "1, " "1, " "1, " "1, " "1, " "1, " "1, " "1, " "1, " "1, " "1, " "1, " "1, " "1, "0
 "Nei161, 0.269, " "0.755, " "1, " "1, " "1, " "1, " "1, " "1, " "1, " "1, " "1, " "1, " "1, " "1, " "1, " "1, " "1, " "1, " "1, " "1, " "1, " "1, " "1, " "1, " "1, " "1, " "1, " "1, " "1, " "1, " "1, " "1, " "1, " "1, " "1, " "1, " "1, " "1, " "1, " "1, " "1, " "1, " "1, " "1, " "1, " "1, " "1, " "1, " "1, " "1, " "1, " "1, " "1, " "1, " "1, " "1, " "1, " "1, " "1, " "1, " "1, " "1, " "1, " "1, " "1, " "1, " "1, " "1, " "1, " "1, " "1, " "1, " "1, " "1, " "1, " "1, " "1, " "1, " "1, " "1, " "1, " "1, " "1, " "1, " "1, " "1, " "1, " "1, " "1, " "1, " "1, " "1, " "1, " "1, " "1, " "1, " "1, " "1, " "1, " "1, " "1, " "1, " "1, " "1, " "1, " "1, " "1, " "1, " "1, " "1, " "1, " "1, " "1, " "1, " "1, " "1, " "1, " "1, " "1, " "1, " "1, " "1, " "1, " "1, " "1, " "1, " "1, " "1, " "1, " "1, " "1, " "1, " "1, " "1, " "1, " "1, " "1, " "1, " "1, " "1, " "1, " "1, " "1, " "1, " "1, " "1, " "1, " "1, " "1, " "1, " "1, " "1, " "1, " "1, " "1, " "1, " "1, " "1, " "1, " "1, " "1, " "1, " "1, " "0, " "1, " "1, " "1, " "1, " "1, " "1, " "1, " "1, " "1, " "1, " "1, " "1, " "1, " "1, " "1, " "1, " "1, " "1, " "1, " "1, " "1, " "1, " "1, " "1, " "1, " "1, " "1, " "1, " "1, " "1, " "1, " "1, " "1, " "1, " "1, " "1, " "1, " "1, " "1, " "1, " "1, " "1, " "1, " "1, " "1, " "1, " "1, " "1, " "1, " "1, " "1, " "1, " "1, " "1, " "1, " "1, " "1, " "1, " "1, " "1, " "1, " "1, " "1, " "1, " "1, " "1, " "1, " "1, " "1, " "1, " "1, " "1, " "1, " "1, " "1, " "1, " "1, " "1, " "1, " "1, " "1, " "1, " "1, " "1, " "1, " "1, " "1, " "1, " "1, " "1, " "1, " "1, " "1, " "1, " "1, "0
 "Nei162, 0.155, " "-0.68, " "1, " "1, " "1, " "1, " "1, " "1, " "1, " "1, " "1, " "1, " "1, " "1, " "1, " "1, " "1, " "1, " "1, " "1, " "1, " "1, " "1, " "1, " "1, " "1, " "1, " "1, " "1, " "1, " "1, " "1, " "1, " "1, " "1, " "1, " "1, " "1, " "1, " "1, " "1, " "1, " "1, " "1, " "1, " "1, " "1, " "1, " "1, " "1, " "1, " "1, " "1, " "1, " "1, " "1, " "1, " "1, " "1, " "1, " "1, " "1, " "1, " "1, " "1, " "1, " "1, " "1, " "1, " "1, " "1, " "1, " "1, " "1, " "1, " "1, " "1, " "1, " "1, " "1, " "1, " "1, " "1, " "1, " "1, " "1, " "1, " "1, " "1, " "1, " "1, " "1, " "1, " "1, " "1, " "1, " "1, " "1, " "1, " "1, " "1, " "1, " "1, " "1, " "1, " "1, " "1, " "1, " "1, " "1, " "1, " "1, " "1, " "1, " "1, " "1, " "1, " "1, " "1, " "1, " "1, " "1, " "1, " "1, " "1, " "1, " "1, " "1, " "1, " "1, " "1, " "1, " "1, " "1, " "1, " "1, " "1, " "1, " "1, " "1, " "1, " "1, " "1, " "1, " "1, " "1, " "1, " "1, " "1, " "1, " "1, " "1, " "1, " "1, " "1, " "1, " "1, " "1, " "1, " "1, " "1, " "1, " "1, " "1, " "0, " "1, " "1, " "1, " "1, " "1, " "1, " "1, " "1, " "1, " "1, " "1, " "1, " "1, " "1, " "1, " "1, " "1, " "1, " "1, " "1, " "1, " "1, " "1, " "1, " "1, " "1, " "1, " "1, " "1, " "1, " "1, " "1, " "1, " "1, " "1, " "1, " "1, " "1, " "1, " "1, " "1, " "1, " "1, " "1, " "1, " "1, " "1, " "1, " "1, " "1, " "1, " "1, " "1, " "1, " "1, " "1, " "1, " "1, " "1, " "1, " "1, " "1, " "1, " "1, " "1, " "1, " "1, " "1, " "1, " "1, " "1, " "1, " "1, " "1, " "1, " "1, " "1, " "1, " "1, " "1, " "1, " "1, " "1, " "1, " "1, " "1, " "1, " "1, " "1, " "1, " "1, " "1, " "1, " "1, "0
 "Nei163, 0.317, " "-0.173, " "1, " "1, " "1, " "1, " "1, " "1, " "1, " "1, " "1, " "1, " "1, " "1, " "1, " "1, " "1, " "1, " "1, " "1, " "1, " "1, " "1, " "1, " "1, " "1, " "1, " "1, " "1, " "1, " "1, " "1, " "1, " "1, " "1, " "1, " "1, " "1, " "1, " "1, " "1, " "1, " "1, " "1, " "1, " "1, " "1, " "1, " "1, " "1, " "1, " "1, " "1, " "1, " "1, " "1, " "1, " "1, " "1, " "1, " "1, " "1, " "1, " "1, " "1, " "1, " "1, " "1, " "1, " "1, " "1, " "1, " "1, " "1, " "1, " "1, " "1, " "1, " "1, " "1, " "1, " "1, " "1, " "1, " "1, " "1, " "1, " "1, " "1, " "1, " "1, " "1, " "1, " "1, " "1, " "1, " "1, " "1, " "1, " "1, " "1, " "1, " "1, " "1, " "1, " "1, " "1, " "1, " "1, " "1, " "1, " "1, " "1, " "1, " "1, " "1, " "1, " "1, " "1, " "1, " "1, " "1, " "1, " "1, " "1, " "1, " "1, " "1, " "1, " "1, " "1, " "1, " "1, " "1, " "1, " "1, " "1, " "1, " "1, " "1, " "1, " "1, " "1, " "1, " "1, " "1, " "1, " "1, " "1, " "1, " "1, " "1, " "1, " "1, " "1, " "1, " "1, " "1, " "1, " "1, " "1, " "1, " "1, " "1, " "1, " "0, " "1, " "1, " "1, " "1, " "1, " "1, " "1, " "1, " "1, " "1, " "1, " "1, " "1, " "1, " "1, " "1, " "1, " "1, " "1, " "1, " "1, " "1, " "1, " "1, " "1, " "1, " "1, " "1, " "1, " "1, " "1, " "1, " "1, " "1, " "1, " "1, " "1, " "1, " "1, " "1, " "1, " "1, " "1, " "1, " "1, " "1, " "1, " "1, " "1, " "1, " "1, " "1, " "1, " "1, " "1, " "1, " "1, " "1, " "1, " "1, " "1, " "1, " "1, " "1, " "1, " "1, " "1, " "1, " "1, " "1, " "1, " "1, " "1, " "1, " "1, " "1, " "1, " "1, " "1, " "1, " "1, " "1, " "1, " "1, " "1, " "1, " "1, " "1, " "1, " "1, " "1, " "1, " "1, "0
 "Nei164, 0.102, " "-0.26, " "1, " "1, " "1, " "1, " "1, " "1, " "1, " "1, " "1, " "1, " "1, " "1, " "1, " "1, " "1, " "1, " "1, " "1, " "1, " "1, " "1, " "1, " "1, " "1, " "1, " "1, " "1, " "1, " "1, " "1, " "1, " "1, " "1, " "1, " "1, " "1, " "1, " "1, " "1, " "1, " "1, " "1, " "1, " "1, " "1, " "1, " "1, " "1, " "1, " "1, " "1, " "1, " "1, " "1, " "1, " "1, " "1, " "1, " "1, " "1, " "1, " "1, " "1, " "1, " "1, " "1, " "1, " "1, " "1, " "1, " "1, " "1, " "1, " "1, " "1, " "1, " "1, " "1, " "1, " "1, " "1, " "1, " "1, " "1, " "1, " "1, " "1, " "1, " "1, " "1, " "1, " "1, " "1, " "1, " "1, " "1, " "1, " "1, " "1, " "1, " "1, " "1, " "1, " "1, " "1, " "1, " "1, " "1, " "1, " "1, " "1, " "1, " "1, " "1, " "1, " "1, " "1, " "1, " "1, " "1, " "1, " "1, " "1, " "1, " "1, " "1, " "1, " "1, " "1, " "1, " "1, " "1, " "1, " "1, " "1, " "1, " "1, " "1, " "1, " "1, " "1, " "1, " "1, " "1, " "1, " "1, " "1, " "1, " "1, " "1, " "1, " "1, " "1, " "1, " "1, " "1, " "1, " "1, " "1, " "1, " "1, " "1, " "1, " "1, " "0, " "1, " "1, " "1, " "1, " "1, " "1, " "1, " "1, " "1, " "1, " "1, " "1, " "1, " "1, " "1, " "1, " "1, " "1, " "1, " "1, " "1, " "1, " "1, " "1, " "1, " "1, " "1, " "1, " "1, " "1, " "1, " "1, " "1, " "1, " "1, " "1, " "1, " "1, " "1, " "1, " "1, " "1, " "1, " "1, " "1, " "1, " "1, " "1, " "1, " "1, " "1, " "1, " "1, " "1, " "1, " "1, " "1, " "1, " "1, " "1, " "1, " "1, " "1, " "1, " "1, " "1, " "1, " "1, " "1, " "1, " "1, " "1, " "1, " "1, " "1, " "1, " "1, " "1, " "1, " "1, " "1, " "1, " "1, " "1, " "1, " "1, " "1, " "1, " "1, " "1, " "1, " "1, "0
 "Nei165, 0.08, " "-0.93, " "1, " "1, " "1, " "1, " "1, " "1, " "1, " "1, " "1, " "1, " "1, " "1, " "1, " "1, " "1, " "1, " "1, " "1, " "1, " "1, " "1, " "1, " "1, " "1, " "1, " "1, " "1, " "1, " "1, " "1, " "1, " "1, " "1, " "1, " "1, " "1, " "1, " "1, " "1, " "1, " "1, " "1, " "1, " "1, " "1, " "1, " "1, " "1, " "1, " "1, " "1, " "1, " "1, " "1, " "1, " "1, " "1, " "1, " "1, " "1, " "1, " "1, " "1, " "1, " "1, " "1, " "1, " "1, " "1, " "1, " "1, " "1, " "1, " "1, " "1, " "1, " "1, " "1, " "1, " "1, " "1, " "1, " "1, " "1, " "1, " "1, " "1, " "1, " "1, " "1, " "1, " "1, " "1, " "1, " "1, " "1, " "1, " "1, " "1, " "1, " "1, " "1, " "1, " "1, " "1, " "1, " "1, " "1, " "1, " "1, " "1, " "1, " "1, " "1, " "1, " "1, " "1, " "1, " "1, " "1, " "1, " "1, " "1, " "1, " "1, " "1, " "1, " "1, " "1, " "1, " "1, " "1, " "1, " "1, " "1, " "1, " "1, " "1, " "1, " "1, " "1, " "1, " "1, " "1, " "1, " "1, " "1, " "1, " "1, " "1, " "1, " "1, " "1, " "1, " "1, " "1, " "1, " "1, " "1, " "1, " "1, " "1, " "1, " "1, " "1, " "0, " "1, " "1, " "1, " "1, " "1, " "1, " "1, " "1, " "1, " "1, " "1, " "1, " "1, " "1, " "1, " "1, " "1, " "1, " "1, " "1, " "1, " "1, " "1, " "1, " "1, " "1, " "1, " "1, " "1, " "1, " "1, " "1, " "1, " "1, " "1, " "1, " "1, " "1, " "1, " "1, " "1, " "1, " "1, " "1, " "1, " "1, " "1, " "1, " "1, " "1, " "1, " "1, " "1, " "1, " "1, " "1, " "1, " "1, " "1, " "1, " "1, " "1, " "1, " "1, " "1, " "1, " "1, " "1, " "1, " "1, " "1, " "1, " "1, " "1, " "1, " "1, " "1, " "1, " "1, " "1, " "1, " "1, " "1, " "1, " "1, " "1, " "1, " "1, " "1, " "1, " "1, "0
 "Nei166, 0.544, " "0.849, " "1, " "1, " "1, " "1, " "1, " "1, " "1, " "1, " "1, " "1, " "1, " "1, " "1, " "1, " "1, " "1, " "1, " "1, " "1, " "1, " "1, " "1, " "1, " "1, " "1, " "1, " "1, " "1, " "1, " "1, " "1, " "1, " "1, " "1, " "1, " "1, " "1, " "1, " "1, " "1, " "1, " "1, " "1, " "1, " "1, " "1, " "1, " "1, " "1, " "1, " "1, " "1, " "1, " "1, " "1, " "1, " "1, " "1, " "1, " "1, " "1, " "1, " "1, " "1, " "1, " "1, " "1, " "1, " "1, " "1, " "1, " "1, " "1, " "1, " "1, " "1, " "1, " "1, " "1, " "1, " "1, " "1, " "1, " "1, " "1, " "1, " "1, " "1, " "1, " "1, " "1, " "1, " "1, " "1, " "1, " "1, " "1, " "1, " "1, " "1, " "1, " "1, " "1, " "1, " "1, " "1, " "1, " "1, " "1, " "1, " "1, " "1, " "1, " "1, " "1, " "1, " "1, " "1, " "1, " "1, " "1, " "1, " "1, " "1, " "1, " "1, " "1, " "1, " "1, " "1, " "1, " "1, " "1, " "1, " "1, " "1, " "1, " "1, " "1, " "1, " "1, " "1, " "1, " "1, " "1, " "1, " "1, " "1, " "1, " "1, " "1, " "1, " "1, " "1, " "1, " "1, " "1, " "1, " "1, " "1, " "1, " "1, " "1, " "1, " "1, " "1, " "0, " "1, " "1, " "1, " "1, " "1, " "1, " "1, " "1, " "1, " "1, " "1, " "1, " "1, " "1, " "1, " "1, " "1, " "1, " "1, " "1, " "1, " "1, " "1, " "1, " "1, " "1, " "1, " "1, " "1, " "1, " "1, " "1, " "1, " "1, " "1, " "1, " "1, " "1, " "1, " "1, " "1, " "1, " "1, " "1, " "1, " "1, " "1, " "1, " "1, " "1, " "1, " "1, " "1, " "1, " "1, " "1, " "1, " "1, " "1, " "1, " "1, " "1, " "1, " "1, " "1, " "1, " "1, " "1, " "1, " "1, " "1, " "1, " "1, " "1, " "1, " "1, " "1, " "1, " "1, " "1, " "1, " "1, " "1, " "1, " "1, " "1, " "1, " "1, " "1, " "1, "0
 "Nei167, 0.003, " "0.574, " "1, " "1, " "1, " "1, " "1, " "1, " "1, " "1, " "1, " "1, " "1, " "1, " "1, " "1, " "1, " "1, " "1, " "1, " "1, " "1, " "1, " "1, " "1, " "1, " "1, " "1, " "1, " "1, " "1, " "1, " "1, " "1, " "1, " "1, " "1, " "1, " "1, " "1, " "1, " "1, " "1, " "1, " "1, " "1, " "1, " "1, " "1, " "1, " "1, " "1, " "1, " "1, " "1, " "1, " "1, " "1, " "1, " "1, " "1, " "1, " "1, " "1, " "1, " "1, " "1, " "1, " "1, " "1, " "1, " "1, " "1, " "1, " "1, " "1, " "1, " "1, " "1, " "1, " "1, " "1, " "1, " "1, " "1, " "1, " "1, " "1, " "1, " "1, " "1, " "1, " "1, " "1, " "1, " "1, " "1, " "1, " "1, " "1, " "1, " "1, " "1, " "1, " "1, " "1, " "1, " "1, " "1, " "1, " "1, " "1, " "1, " "1, " "1, " "1, " "1, " "1, " "1, " "1, " "1, " "1, " "1, " "1, " "1, " "1, " "1, " "1, " "1, " "1, " "1, " "1, " "1, " "1, " "1, " "1, " "1, " "1, " "1, " "1, " "1, " "1, " "1, " "1, " "1, " "1, " "1, " "1, " "1, " "1, " "1, " "1, " "1, " "1, " "1, " "1, " "1, " "1, " "1, " "1, " "1, " "1, " "1, " "1, " "1, " "1, " "1, " "1, " "1, " "0, " "1, " "1, " "1, " "1, " "1, " "1, " "1, " "1, " "1, " "1, " "1, " "1, " "1, " "1, " "1, " "1, " "1, " "1, " "1, " "1, " "1, " "1, " "1, " "1, " "1, " "1, " "1, " "1, " "1, " "1, " "1, " "1, " "1, " "1, " "1, " "1, " "1, " "1, " "1, " "1, " "1, " "1, " "1, " "1, " "1, " "1, " "1, " "1, " "1, " "1, " "1, " "1, " "1, " "1, " "1, " "1, " "1, " "1, " "1, " "1, " "1, " "1, " "1, " "1, " "1, " "1, " "1, " "1, " "1, " "1, " "1, " "1, " "1, " "1, " "1, " "1, " "1, " "1, " "1, " "1, " "1, " "1, " "1, " "1, " "1, " "1, " "1, " "1, " "1, "0
 "Nei168, 0.496, " "0.038, " "1, " "1, " "1, " "1, " "1, " "1, " "1, " "1, " "1, " "1, " "1, " "1, " "1, " "1, " "1, " "1, " "1, " "1, " "1, " "1, " "1, " "1, " "1, " "1, " "1, " "1, " "1, " "1, " "1, " "1, " "1, " "1, " "1, " "1, " "1, " "1, " "1, " "1, " "1, " "1, " "1, " "1, " "1, " "1, " "1, " "1, " "1, " "1, " "1, " "1, " "1, " "1, " "1, " "1, " "1, " "1, " "1, " "1, " "1, " "1, " "1, " "1, " "1, " "1, " "1, " "1, " "1, " "1, " "1, " "1, " "1, " "1, " "1, " "1, " "1, " "1, " "1, " "1, " "1, " "1, " "1, " "1, " "1, " "1, " "1, " "1, " "1, " "1, " "1, " "1, " "1, " "1, " "1, " "1, " "1, " "1, " "1, " "1, " "1, " "1, " "1, " "1, " "1, " "1, " "1, " "1, " "1, " "1, " "1, " "1, " "1, " "1, " "1, " "1, " "1, " "1, " "1, " "1, " "1, " "1, " "1, " "1, " "1, " "1, " "1, " "1, " "1, " "1, " "1, " "1, " "1, " "1, " "1, " "1, " "1, " "1, " "1, " "1, " "1, " "1, " "1, " "1, " "1, " "1, " "1, " "1, " "1, " "1, " "1, " "1, " "1, " "1, " "1, " "1, " "1, " "1, " "1, " "1, " "1, " "1, " "1, " "1, " "1, " "1, " "1, " "1, " "1, " "1, " "0, " "1, " "1, " "1, " "1, " "1, " "1, " "1, " "1, " "1, " "1, " "1, " "1, " "1, " "1, " "1, " "1, " "1, " "1, " "1, " "1, " "1, " "1, " "1, " "1, " "1, " "1, " "1, " "1, " "1, " "1, " "1, " "1, " "1, " "1, " "1, " "1, " "1, " "1, " "1, " "1, " "1, " "1, " "1, " "1, " "1, " "1, " "1, " "1, " "1, " "1, " "1, " "1, " "1, " "1, " "1, " "1, " "1, " "1, " "1, " "1, " "1, " "1, " "1, " "1, " "1, " "1, " "1, " "1, " "1, " "1, " "1, " "1, " "1, " "1, " "1, " "1, " "1, " "1, " "1, " "1, " "1, " "1, " "1, " "1, " "1, " "1, " "1, " "1, "0
 "Nei169, 0.582, " "0.659, " "1, " "1, " "1, " "1, " "1, " "1, " "1, " "1, " "1, " "1, " "1, " "1, " "1, " "1, " "1, " "1, " "1, " "1, " "1, " "1, " "1, " "1, " "1, " "1, " "1, " "1, " "1, " "1, " "1, " "1, " "1, " "1, " "1, " "1, " "1, " "1, " "1, " "1, " "1, " "1, " "1, " "1, " "1, " "1, " "1, " "1, " "1, " "1, " "1, " "1, " "1, " "1, " "1, " "1, " "1, " "1, " "1, " "1, " "1, " "1, " "1, " "1, " "1, " "1, " "1, " "1, " "1, " "1, " "1, " "1, " "1, " "1, " "1, " "1, " "1, " "1, " "1, " "1, " "1, " "1, " "1, " "1, " "1, " "1, " "1, " "1, " "1, " "1, " "1, " "1, " "1, " "1, " "1, " "1, " "1, " "1, " "1, " "1, " "1, " "1, " "1, " "1, " "1, " "1, " "1, " "1, " "1, " "1, " "1, " "1, " "1, " "1, " "1, " "1, " "1, " "1, " "1, " "1, " "1, " "1, " "1, " "1, " "1, " "1, " "1, " "1, " "1, " "1, " "1, " "1, " "1, " "1, " "1, " "1, " "1, " "1, " "1, " "1, " "1, " "1, " "1, " "1, " "1, " "1, " "1, " "1, " "1, " "1, " "1, " "1, " "1, " "1, " "1, " "1, " "1, " "1, " "1, " "1, " "1, " "1, " "1, " "1, " "1, " "1, " "1, " "1, " "1, " "1, " "1, " "0, " "1, " "1, " "1, " "1, " "1, " "1, " "1, " "1, " "1, " "1, " "1, " "1, " "1, " "1, " "1, " "1, " "1, " "1, " "1, " "1, " "1, " "1, " "1, " "1, " "1, " "1, " "1, " "1, " "1, " "1, " "1, " "1, " "1, " "1, " "1, " "1, " "1, " "1, " "1, " "1, " "1, " "1, " "1, " "1, " "1, " "1, " "1, " "1, " "1, " "1, " "1, " "1, " "1, " "1, " "1, " "1, " "1, " "1, " "1, " "1, " "1, " "1, " "1, " "1, " "1, " "1, " "1, " "1, " "1, " "1, " "1, " "1, " "1, " "1, " "1, " "1, " "1, " "1, " "1, " "1, " "1, " "1, " "1, " "1, " "1, " "1, " "1, "0
 "Nei170, 0.07, " "0.524, " "1, " "1, " "1, " "1, " "1, " "1, " "1, " "1, " "1, " "1, " "1, " "1, " "1, " "1, " "1, " "1, " "1, " "1, " "1, " "1, " "1, " "1, " "1, " "1, " "1, " "1, " "1, " "1, " "1, " "1, " "1, " "1, " "1, " "1, " "1, " "1, " "1, " "1, " "1, " "1, " "1, " "1, " "1, " "1, " "1, " "1, " "1, " "1, " "1, " "1, " "1, " "1, " "1, " "1, " "1, " "1, " "1, " "1, " "1, " "1, " "1, " "1, " "1, " "1, " "1, " "1, " "1, " "1, " "1, " "1, " "1, " "1, " "1, " "1, " "1, " "1, " "1, " "1, " "1, " "1, " "1, " "1, " "1, " "1, " "1, " "1, " "1, " "1, " "1, " "1, " "1, " "1, " "1, " "1, " "1, " "1, " "1, " "1, " "1, " "1, " "1, " "1, " "1, " "1, " "1, " "1, " "1, " "1, " "1, " "1, " "1, " "1, " "1, " "1, " "1, " "1, " "1, " "1, " "1, " "1, " "1, " "1, " "1, " "1, " "1, " "1, " "1, " "1, " "1, " "1, " "1, " "1, " "1, " "1, " "1, " "1, " "1, " "1, " "1, " "1, " "1, " "1, " "1, " "1, " "1, " "1, " "1, " "1, " "1, " "1, " "1, " "1, " "1, " "1, " "1, " "1, " "1, " "1, " "1, " "1, " "1, " "1, " "1, " "1, " "1, " "1, " "1, " "1, " "1, " "1, " "0, " "1, " "1, " "1, " "1, " "1, " "1, " "1, " "1, " "1, " "1, " "1, " "1, " "1, " "1, " "1, " "1, " "1, " "1, " "1, " "1, " "1, " "1, " "1, " "1, " "1, " "1, " "1, " "1, " "1, " "1, " "1, " "1, " "1, " "1, " "1, " "1, " "1, " "1, " "1, " "1, " "1, " "1, " "1, " "1, " "1, " "1, " "1, " "1, " "1, " "1, " "1, " "1, " "1, " "1, " "1, " "1, " "1, " "1, " "1, " "1, " "1, " "1, " "1, " "1, " "1, " "1, " "1, " "1, " "1, " "1, " "1, " "1, " "1, " "1, " "1, " "1, " "1, " "1, " "1, " "1, " "1, " "1, " "1, " "1, " "1, " "1, "0
 "Nei171, 0.1, " "-0.108, " "1, " "1, " "1, " "1, " "1, " "1, " "1, " "1, " "1, " "1, " "1, " "1, " "1, " "1, " "1, " "1, " "1, " "1, " "1, " "1, " "1, " "1, " "1, " "1, " "1, " "1, " "1, " "1, " "1, " "1, " "1, " "1, " "1, " "1, " "1, " "1, " "1, " "1, " "1, " "1, " "1, " "1, " "1, " "1, " "1, " "1, " "1, " "1, " "1, " "1, " "1, " "1, " "1, " "1, " "1, " "1, " "1, " "1, " "1, " "1, " "1, " "1, " "1, " "1, " "1, " "1, " "1, " "1, " "1, " "1, " "1, " "1, " "1, " "1, " "1, " "1, " "1, " "1, " "1, " "1, " "1, " "1, " "1, " "1, " "1, " "1, " "1, " "1, " "1, " "1, " "1, " "1, " "1, " "1, " "1, " "1, " "1, " "1, " "1, " "1, " "1, " "1, " "1, " "1, " "1, " "1, " "1, " "1, " "1, " "1, " "1, " "1, " "1, " "1, " "1, " "1, " "1, " "1, " "1, " "1, " "1, " "1, " "1, " "1, " "1, " "1, " "1, " "1, " "1, " "1, " "1, " "1, " "1, " "1, " "1, " "1, " "1, " "1, " "1, " "1, " "1, " "1, " "1, " "1, " "1, " "1, " "1, " "1, " "1, " "1, " "1, " "1, " "1, " "1, " "1, " "1, " "1, " "1, " "1, " "1, " "1, " "1, " "1, " "1, " "1, " "1, " "1, " "1, " "1, " "1, " "1, " "0, " "1, " "1, " "1, " "1, " "1, " "1, " "1, " "1, " "1, " "1, " "1, " "1, " "1, " "1, " "1, " "1, " "1, " "1, " "1, " "1, " "1, " "1, " "1, " "1, " "1, " "1, " "1, " "1, " "1, " "1, " "1, " "1, " "1, " "1, " "1, " "1, " "1, " "1, " "1, " "1, " "1, " "1, " "1, " "1, " "1, " "1, " "1, " "1, " "1, " "1, " "1, " "1, " "1, " "1, " "1, " "1, " "1, " "1, " "1, " "1, " "1, " "1, " "1, " "1, " "1, " "1, " "1, " "1, " "1, " "1, " "1, " "1, " "1, " "1, " "1, " "1, " "1, " "1, " "1, " "1, " "1, " "1, " "1, " "1, " "1, "0
 "Nei172, 0.339, " "0.07, " "1, " "1, " "1, " "1, " "1, " "1, " "1, " "1, " "1, " "1, " "1, " "1, " "1, " "1, " "1, " "1, " "1, " "1, " "1, " "1, " "1, " "1, " "1, " "1, " "1, " "1, " "1, " "1, " "1, " "1, " "1, " "1, " "1, " "1, " "1, " "1, " "1, " "1, " "1, " "1, " "1, " "1, " "1, " "1, " "1, " "1, " "1, " "1, " "1, " "1, " "1, " "1, " "1, " "1, " "1, " "1, " "1, " "1, " "1, " "1, " "1, " "1, " "1, " "1, " "1, " "1, " "1, " "1, " "1, " "1, " "1, " "1, " "1, " "1, " "1, " "1, " "1, " "1, " "1, " "1, " "1, " "1, " "1, " "1, " "1, " "1, " "1, " "1, " "1, " "1, " "1, " "1, " "1, " "1, " "1, " "1, " "1, " "1, " "1, " "1, " "1, " "1, " "1, " "1, " "1, " "1, " "1, " "1, " "1, " "1, " "1, " "1, " "1, " "1, " "1, " "1, " "1, " "1, " "1, " "1, " "1, " "1, " "1, " "1, " "1, " "1, " "1, " "1, " "1, " "1, " "1, " "1, " "1, " "1, " "1, " "1, " "1, " "1, " "1, " "1, " "1, " "1, " "1, " "1, " "1, " "1, " "1, " "1, " "1, " "1, " "1, " "1, " "1, " "1, " "1, " "1, " "1, " "1, " "1, " "1, " "1, " "1, " "1, " "1, " "1, " "1, " "1, " "1, " "1, " "1, " "1, " "1, " "0, " "1, " "1, " "1, " "1, " "1, " "1, " "1, " "1, " "1, " "1, " "1, " "1, " "1, " "1, " "1, " "1, " "1, " "1, " "1, " "1, " "1, " "1, " "1, " "1, " "1, " "1, " "1, " "1, " "1, " "1, " "1, " "1, " "1, " "1, " "1, " "1, " "1, " "1, " "1, " "1, " "1, " "1, " "1, " "1, " "1, " "1, " "1, " "1, " "1, " "1, " "1, " "1, " "1, " "1, " "1, " "1, " "1, " "1, " "1, " "1, " "1, " "1, " "1, " "1, " "1, " "1, " "1, " "1, " "1, " "1, " "1, " "1, " "1, " "1, " "1, " "1, " "1, " "1, " "1, " "1, " "1, " "1, " "1, " "1, "0
 "Nei173, 0.541, " "-0.976, " "1, " "1, " "1, " "1, " "1, " "1, " "1, " "1, " "1, " "1, " "1, " "1, " "1, " "1, " "1, " "1, " "1, " "1, " "1, " "1, " "1, " "1, " "1, " "1, " "1, " "1, " "1, " "1, " "1, " "1, " "1, " "1, " "1, " "1, " "1, " "1, " "1, " "1, " "1, " "1, " "1, " "1, " "1, " "1, " "1, " "1, " "1, " "1, " "1, " "1, " "1, " "1, " "1, " "1, " "1, " "1, " "1, " "1, " "1, " "1, " "1, " "1, " "1, " "1, " "1, " "1, " "1, " "1, " "1, " "1, " "1, " "1, " "1, " "1, " "1, " "1, " "1, " "1, " "1, " "1, " "1, " "1, " "1, " "1, " "1, " "1, " "1, " "1, " "1, " "1, " "1, " "1, " "1, " "1, " "1, " "1, " "1, " "1, " "1, " "1, " "1, " "1, " "1, " "1, " "1, " "1, " "1, " "1, " "1, " "1, " "1, " "1, " "1, " "1, " "1, " "1, " "1, " "1, " "1, " "1, " "1, " "1, " "1, " "1, " "1, " "1, " "1, " "1, " "1, " "1, " "1, " "1, " "1, " "1, " "1, " "1, " "1, " "1, " "1, " "1, " "1, " "1, " "1, " "1, " "1, " "1, " "1, " "1, " "1, " "1, " "1, " "1, " "1, " "1, " "1, " "1, " "1, " "1, " "1, " "1, " "1, " "1, " "1, " "1, " "1, " "1, " "1, " "1, " "1, " "1, " "1, " "1, " "1, " "0, " "1, " "1, " "1, " "1, " "1, " "1, " "1, " "1, " "1, " "1, " "1, " "1, " "1, " "1, " "1, " "1, " "1, " "1, " "1, " "1, " "1, " "1, " "1, " "1, " "1, " "1, " "1, " "1, " "1, " "1, " "1, " "1, " "1, " "1, " "1, " "1, " "1, " "1, " "1, " "1, " "1, " "1, " "1, " "1, " "1, " "1, " "1, " "1, " "1, " "1, " "1, " "1, " "1, " "1, " "1, " "1, " "1, " "1, " "1, " "1, " "1, " "1, " "1, " "1, " "1, " "1, " "1, " "1, " "1, " "1, " "1, " "1, " "1, " "1, " "1, " "1, " "1, " "1, " "1, " "1, " "1, " "1, " "1, "0
 "Nei174, 0.068, " "-0.473, " "1, " "1, " "1, " "1, " "1, " "1, " "1, " "1, " "1, " "1, " "1, " "1, " "1, " "1, " "1, " "1, " "1, " "1, " "1, " "1, " "1, " "1, " "1, " "1, " "1, " "1, " "1, " "1, " "1, " "1, " "1, " "1, " "1, " "1, " "1, " "1, " "1, " "1, " "1, " "1, " "1, " "1, " "1, " "1, " "1, " "1, " "1, " "1, " "1, " "1, " "1, " "1, " "1, " "1, " "1, " "1, " "1, " "1, " "1, " "1, " "1, " "1, " "1, " "1, " "1, " "1, " "1, " "1, " "1, " "1, " "1, " "1, " "1, " "1, " "1, " "1, " "1, " "1, " "1, " "1, " "1, " "1, " "1, " "1, " "1, " "1, " "1, " "1, " "1, " "1, " "1, " "1, " "1, " "1, " "1, " "1, " "1, " "1, " "1, " "1, " "1, " "1, " "1, " "1, " "1, " "1, " "1, " "1, " "1, " "1, " "1, " "1, " "1, " "1, " "1, " "1, " "1, " "1, " "1, " "1, " "1, " "1, " "1, " "1, " "1, " "1, " "1, " "1, " "1, " "1, " "1, " "1, " "1, " "1, " "1, " "1, " "1, " "1, " "1, " "1, " "1, " "1, " "1, " "1, " "1, " "1, " "1, " "1, " "1, " "1, " "1, " "1, " "1, " "1, " "1, " "1, " "1, " "1, " "1, " "1, " "1, " "1, " "1, " "1, " "1, " "1, " "1, " "1, " "1, " "1, " "1, " "1, " "1, " "1, " "0, " "1, " "1, " "1, " "1, " "1, " "1, " "1, " "1, " "1, " "1, " "1, " "1, " "1, " "1, " "1, " "1, " "1, " "1, " "1, " "1, " "1, " "1, " "1, " "1, " "1, " "1, " "1, " "1, " "1, " "1, " "1, " "1, " "1, " "1, " "1, " "1, " "1, " "1, " "1, " "1, " "1, " "1, " "1, " "1, " "1, " "1, " "1, " "1, " "1, " "1, " "1, " "1, " "1, " "1, " "1, " "1, " "1, " "1, " "1, " "1, " "1, " "1, " "1, " "1, " "1, " "1, " "1, " "1, " "1, " "1, " "1, " "1, " "1, " "1, " "1, " "1, " "1, " "1, " "1, " "1, " "1, " "1, "0
 "Nei175, 0.39, " "-0.602, " "1, " "1, " "1, " "1, " "1, " "1, " "1, " "1, " "1, " "1, " "1, " "1, " "1, " "1, " "1, " "1, " "1, " "1, " "1, " "1, " "1, " "1, " "1, " "1, " "1, " "1, " "1, " "1, " "1, " "1, " "1, " "1, " "1, " "1, " "1, " "1, " "1, " "1, " "1, " "1, " "1, " "1, " "1, " "1, " "1, " "1, " "1, " "1, " "1, " "1, " "1, " "1, " "1, " "1, " "1, " "1, " "1, " "1, " "1, " "1, " "1, " "1, " "1, " "1, " "1, " "1, " "1, " "1, " "1, " "1, " "1, " "1, " "1, " "1, " "1, " "1, " "1, " "1, " "1, " "1, " "1, " "1, " "1, " "1, " "1, " "1, " "1, " "1, " "1, " "1, " "1, " "1, " "1, " "1, " "1, " "1, " "1, " "1, " "1, " "1, " "1, " "1, " "1, " "1, " "1, " "1, " "1, " "1, " "1, " "1, " "1, " "1, " "1, " "1, " "1, " "1, " "1, " "1, " "1, " "1, " "1, " "1, " "1, " "1, " "1, " "1, " "1, " "1, " "1, " "1, " "1, " "1, " "1, " "1, " "1, " "1, " "1, " "1, " "1, " "1, " "1, " "1, " "1, " "1, " "1, " "1, " "1, " "1, " "1, " "1, " "1, " "1, " "1, " "1, " "1, " "1, " "1, " "1, " "1, " "1, " "1, " "1, " "1, " "1, " "1, " "1, " "1, " "1, " "1, " "1, " "1, " "1, " "1, " "1, " "1, " "0, " "1, " "1, " "1, " "1, " "1, " "1, " "1, " "1, " "1, " "1, " "1, " "1, " "1, " "1, " "1, " "1, " "1, " "1, " "1, " "1, " "1, " "1, " "1, " "1, " "1, " "1, " "1, " "1, " "1, " "1, " "1, " "1, " "1, " "1, " "1, " "1, " "1, " "1, " "1, " "1, " "1, " "1, " "1, " "1, " "1, " "1, " "1, " "1, " "1, " "1, " "1, " "1, " "1, " "1, " "1, " "1, " "1, " "1, " "1, " "1, " "1, " "1, " "1, " "1, " "1, " "1, " "1, " "1, " "1, " "1, " "1, " "1, " "1, " "1, " "1, " "1, " "1, " "1, " "1, " "1, " "1, "0
 "Nei176, 0.471, " "-0.936, " "1, " "1, " "1, " "1, " "1, " "1, " "1, " "1, " "1, " "1, " "1, " "1, " "1, " "1, " "1, " "1, " "1, " "1, " "1, " "1, " "1, " "1, " "1, " "1, " "1, " "1, " "1, " "1, " "1, " "1, " "1, " "1, " "1, " "1, " "1, " "1, " "1, " "1, " "1, " "1, " "1, " "1, " "1, " "1, " "1, " "1, " "1, " "1, " "1, " "1, " "1, " "1, " "1, " "1, " "1, " "1, " "1, " "1, " "1, " "1, " "1, " "1, " "1, " "1, " "1, " "1, " "1, " "1, " "1, " "1, " "1, " "1, " "1, " "1, " "1, " "1, " "1, " "1, " "1, " "1, " "1, " "1, " "1, " "1, " "1, " "1, " "1, " "1, " "1, " "1, " "1, " "1, " "1, " "1, " "1, " "1, " "1, " "1, " "1, " "1, " "1, " "1, " "1, " "1, " "1, " "1, " "1, " "1, " "1, " "1, " "1, " "1, " "1, " "1, " "1, " "1, " "1, " "1, " "1, " "1, " "1, " "1, " "1, " "1, " "1, " "1, " "1, " "1, " "1, " "1, " "1, " "1, " "1, " "1, " "1, " "1, " "1, " "1, " "1, " "1, " "1, " "1, " "1, " "1, " "1, " "1, " "1, " "1, " "1, " "1, " "1, " "1, " "1, " "1, " "1, " "1, " "1, " "1, " "1, " "1, " "1, " "1, " "1, " "1, " "1, " "1, " "1, " "1, " "1, " "1, " "1, " "1, " "1, " "1, " "1, " "1, " "0, " "1, " "1, " "1, " "1, " "1, " "1, " "1, " "1, " "1, " "1, " "1, " "1, " "1, " "1, " "1, " "1, " "1, " "1, " "1, " "1, " "1, " "1, " "1, " "1, " "1, " "1, " "1, " "1, " "1, " "1, " "1, " "1, " "1, " "1, " "1, " "1, " "1, " "1, " "1, " "1, " "1, " "1, " "1, " "1, " "1, " "1, " "1, " "1, " "1, " "1, " "1, " "1, " "1, " "1, " "1, " "1, " "1, " "1, " "1, " "1, " "1, " "1, " "1, " "1, " "1, " "1, " "1, " "1, " "1, " "1, " "1, " "1, " "1, " "1, " "1, " "1, " "1, " "1, " "1, " "1, "0
 "Nei177, 0.499, " "-0.83, " "1, " "1, " "1, " "1, " "1, " "1, " "1, " "1, " "1, " "1, " "1, " "1, " "1, " "1, " "1, " "1, " "1, " "1, " "1, " "1, " "1, " "1, " "1, " "1, " "1, " "1, " "1, " "1, " "1, " "1, " "1, " "1, " "1, " "1, " "1, " "1, " "1, " "1, " "1, " "1, " "1, " "1, " "1, " "1, " "1, " "1, " "1, " "1, " "1, " "1, " "1, " "1, " "1, " "1, " "1, " "1, " "1, " "1, " "1, " "1, " "1, " "1, " "1, " "1, " "1, " "1, " "1, " "1, " "1, " "1, " "1, " "1, " "1, " "1, " "1, " "1, " "1, " "1, " "1, " "1, " "1, " "1, " "1, " "1, " "1, " "1, " "1, " "1, " "1, " "1, " "1, " "1, " "1, " "1, " "1, " "1, " "1, " "1, " "1, " "1, " "1, " "1, " "1, " "1, " "1, " "1, " "1, " "1, " "1, " "1, " "1, " "1, " "1, " "1, " "1, " "1, " "1, " "1, " "1, " "1, " "1, " "1, " "1, " "1, " "1, " "1, " "1, " "1, " "1, " "1, " "1, " "1, " "1, " "1, " "1, " "1, " "1, " "1, " "1, " "1, " "1, " "1, " "1, " "1, " "1, " "1, " "1, " "1, " "1, " "1, " "1, " "1, " "1, " "1, " "1, " "1, " "1, " "1, " "1, " "1, " "1, " "1, " "1, " "1, " "1, " "1, " "1, " "1, " "1, " "1, " "1, " "1, " "1, " "1, " "1, " "1, " "1, " "0, " "1, " "1, " "1, " "1, " "1, " "1, " "1, " "1, " "1, " "1, " "1, " "1, " "1, " "1, " "1, " "1, " "1, " "1, " "1, " "1, " "1, " "1, " "1, " "1, " "1, " "1, " "1, " "1, " "1, " "1, " "1, " "1, " "1, " "1, " "1, " "1, " "1, " "1, " "1, " "1, " "1, " "1, " "1, " "1, " "1, " "1, " "1, " "1, " "1, " "1, " "1, " "1, " "1, " "1, " "1, " "1, " "1, " "1, " "1, " "1, " "1, " "1, " "1, " "1, " "1, " "1, " "1, " "1, " "1, " "1, " "1, " "1, " "1, " "1, " "1, " "1, " "1, " "1, " "1, "0
 "Nei178, 0.363, " "-0.708, " "1, " "1, " "1, " "1, " "1, " "1, " "1, " "1, " "1, " "1, " "1, " "1, " "1, " "1, " "1, " "1, " "1, " "1, " "1, " "1, " "1, " "1, " "1, " "1, " "1, " "1, " "1, " "1, " "1, " "1, " "1, " "1, " "1, " "1, " "1, " "1, " "1, " "1, " "1, " "1, " "1, " "1, " "1, " "1, " "1, " "1, " "1, " "1, " "1, " "1, " "1, " "1, " "1, " "1, " "1, " "1, " "1, " "1, " "1, " "1, " "1, " "1, " "1, " "1, " "1, " "1, " "1, " "1, " "1, " "1, " "1, " "1, " "1, " "1, " "1, " "1, " "1, " "1, " "1, " "1, " "1, " "1, " "1, " "1, " "1, " "1, " "1, " "1, " "1, " "1, " "1, " "1, " "1, " "1, " "1, " "1, " "1, " "1, " "1, " "1, " "1, " "1, " "1, " "1, " "1, " "1, " "1, " "1, " "1, " "1, " "1, " "1, " "1, " "1, " "1, " "1, " "1, " "1, " "1, " "1, " "1, " "1, " "1, " "1, " "1, " "1, " "1, " "1, " "1, " "1, " "1, " "1, " "1, " "1, " "1, " "1, " "1, " "1, " "1, " "1, " "1, " "1, " "1, " "1, " "1, " "1, " "1, " "1, " "1, " "1, " "1, " "1, " "1, " "1, " "1, " "1, " "1, " "1, " "1, " "1, " "1, " "1, " "1, " "1, " "1, " "1, " "1, " "1, " "1, " "1, " "1, " "1, " "1, " "1, " "1, " "1, " "1, " "1, " "0, " "1, " "1, " "1, " "1, " "1, " "1, " "1, " "1, " "1, " "1, " "1, " "1, " "1, " "1, " "1, " "1, " "1, " "1, " "1, " "1, " "1, " "1, " "1, " "1, " "1, " "1, " "1, " "1, " "1, " "1, " "1, " "1, " "1, " "1, " "1, " "1, " "1, " "1, " "1, " "1, " "1, " "1, " "1, " "1, " "1, " "1, " "1, " "1, " "1, " "1, " "1, " "1, " "1, " "1, " "1, " "1, " "1, " "1, " "1, " "1, " "1, " "1, " "1, " "1, " "1, " "1, " "1, " "1, " "1, " "1, " "1, " "1, " "1, " "1, " "1, " "1, " "1, " "1, "0
 "Nei179, 0.269, " "0.364, " "1, " "1, " "1, " "1, " "1, " "1, " "1, " "1, " "1, " "1, " "1, " "1, " "1, " "1, " "1, " "1, " "1, " "1, " "1, " "1, " "1, " "1, " "1, " "1, " "1, " "1, " "1, " "1, " "1, " "1, " "1, " "1, " "1, " "1, " "1, " "1, " "1, " "1, " "1, " "1, " "1, " "1, " "1, " "1, " "1, " "1, " "1, " "1, " "1, " "1, " "1, " "1, " "1, " "1, " "1, " "1, " "1, " "1, " "1, " "1, " "1, " "1, " "1, " "1, " "1, " "1, " "1, " "1, " "1, " "1, " "1, " "1, " "1, " "1, " "1, " "1, " "1, " "1, " "1, " "1, " "1, " "1, " "1, " "1, " "1, " "1, " "1, " "1, " "1, " "1, " "1, " "1, " "1, " "1, " "1, " "1, " "1, " "1, " "1, " "1, " "1, " "1, " "1, " "1, " "1, " "1, " "1, " "1, " "1, " "1, " "1, " "1, " "1, " "1, " "1, " "1, " "1, " "1, " "1, " "1, " "1, " "1, " "1, " "1, " "1, " "1, " "1, " "1, " "1, " "1, " "1, " "1, " "1, " "1, " "1, " "1, " "1, " "1, " "1, " "1, " "1, " "1, " "1, " "1, " "1, " "1, " "1, " "1, " "1, " "1, " "1, " "1, " "1, " "1, " "1, " "1, " "1, " "1, " "1, " "1, " "1, " "1, " "1, " "1, " "1, " "1, " "1, " "1, " "1, " "1, " "1, " "1, " "1, " "1, " "1, " "1, " "1, " "1, " "1, " "0, " "1, " "1, " "1, " "1, " "1, " "1, " "1, " "1, " "1, " "1, " "1, " "1, " "1, " "1, " "1, " "1, " "1, " "1, " "1, " "1, " "1, " "1, " "1, " "1, " "1, " "1, " "1, " "1, " "1, " "1, " "1, " "1, " "1, " "1, " "1, " "1, " "1, " "1, " "1, " "1, " "1, " "1, " "1, " "1, " "1, " "1, " "1, " "1, " "1, " "1, " "1, " "1, " "1, " "1, " "1, " "1, " "1, " "1, " "1, " "1, " "1, " "1, " "1, " "1, " "1, " "1, " "1, " "1, " "1, " "1, " "1, " "1, " "1, " "1, " "1, " "1, " "1, "0
 "Nei180, 0.445, " "-0.463, " "1, " "1, " "1, " "1, " "1, " "1, " "1, " "1, " "1, " "1, " "1, " "1, " "1, " "1, " "1, " "1, " "1, " "1, " "1, " "1, " "1, " "1, " "1, " "1, " "1, " "1, " "1, " "1, " "1, " "1, " "1, " "1, " "1, " "1, " "1, " "1, " "1, " "1, " "1, " "1, " "1, " "1, " "1, " "1, " "1, " "1, " "1, " "1, " "1, " "1, " "1, " "1, " "1, " "1, " "1, " "1, " "1, " "1, " "1, " "1, " "1, " "1, " "1, " "1, " "1, " "1, " "1, " "1, " "1, " "1, " "1, " "1, " "1, " "1, " "1, " "1, " "1, " "1, " "1, " "1, " "1, " "1, " "1, " "1, " "1, " "1, " "1, " "1, " "1, " "1, " "1, " "1, " "1, " "1, " "1, " "1, " "1, " "1, " "1, " "1, " "1, " "1, " "1, " "1, " "1, " "1, " "1, " "1, " "1, " "1, " "1, " "1, " "1, " "1, " "1, " "1, " "1, " "1, " "1, " "1, " "1, " "1, " "1, " "1, " "1, " "1, " "1, " "1, " "1, " "1, " "1, " "1, " "1, " "1, " "1, " "1, " "1, " "1, " "1, " "1, " "1, " "1, " "1, " "1, " "1, " "1, " "1, " "1, " "1, " "1, " "1, " "1, " "1, " "1, " "1, " "1, " "1, " "1, " "1, " "1, " "1, " "1, " "1, " "1, " "1, " "1, " "1, " "1, " "1, " "1, " "1, " "1, " "1, " "1, " "1, " "1, " "1, " "1, " "1, " "1, " "0, " "1, " "1, " "1, " "1, " "1, " "1, " "1, " "1, " "1, " "1, " "1, " "1, " "1, " "1, " "1, " "1, " "1, " "1, " "1, " "1, " "1, " "1, " "1, " "1, " "1, " "1, " "1, " "1, " "1, " "1, " "1, " "1, " "1, " "1, " "1, " "1, " "1, " "1, " "1, " "1, " "1, " "1, " "1, " "1, " "1, " "1, " "1, " "1, " "1, " "1, " "1, " "1, " "1, " "1, " "1, " "1, " "1, " "1, " "1, " "1, " "1, " "1, " "1, " "1, " "1, " "1, " "1, " "1, " "1, " "1, " "1, " "1, " "1, " "1, " "1, " "1, "0
 "Nei181, 0.403, " "0.508, " "1, " "1, " "1, " "1, " "1, " "1, " "1, " "1, " "1, " "1, " "1, " "1, " "1, " "1, " "1, " "1, " "1, " "1, " "1, " "1, " "1, " "1, " "1, " "1, " "1, " "1, " "1, " "1, " "1, " "1, " "1, " "1, " "1, " "1, " "1, " "1, " "1, " "1, " "1, " "1, " "1, " "1, " "1, " "1, " "1, " "1, " "1, " "1, " "1, " "1, " "1, " "1, " "1, " "1, " "1, " "1, " "1, " "1, " "1, " "1, " "1, " "1, " "1, " "1, " "1, " "1, " "1, " "1, " "1, " "1, " "1, " "1, " "1, " "1, " "1, " "1, " "1, " "1, " "1, " "1, " "1, " "1, " "1, " "1, " "1, " "1, " "1, " "1, " "1, " "1, " "1, " "1, " "1, " "1, " "1, " "1, " "1, " "1, " "1, " "1, " "1, " "1, " "1, " "1, " "1, " "1, " "1, " "1, " "1, " "1, " "1, " "1, " "1, " "1, " "1, " "1, " "1, " "1, " "1, " "1, " "1, " "1, " "1, " "1, " "1, " "1, " "1, " "1, " "1, " "1, " "1, " "1, " "1, " "1, " "1, " "1, " "1, " "1, " "1, " "1, " "1, " "1, " "1, " "1, " "1, " "1, " "1, " "1, " "1, " "1, " "1, " "1, " "1, " "1, " "1, " "1, " "1, " "1, " "1, " "1, " "1, " "1, " "1, " "1, " "1, " "1, " "1, " "1, " "1, " "1, " "1, " "1, " "1, " "1, " "1, " "1, " "1, " "1, " "1, " "1, " "1, " "0, " "1, " "1, " "1, " "1, " "1, " "1, " "1, " "1, " "1, " "1, " "1, " "1, " "1, " "1, " "1, " "1, " "1, " "1, " "1, " "1, " "1, " "1, " "1, " "1, " "1, " "1, " "1, " "1, " "1, " "1, " "1, " "1, " "1, " "1, " "1, " "1, " "1, " "1, " "1, " "1, " "1, " "1, " "1, " "1, " "1, " "1, " "1, " "1, " "1, " "1, " "1, " "1, " "1, " "1, " "1, " "1, " "1, " "1, " "1, " "1, " "1, " "1, " "1, " "1, " "1, " "1, " "1, " "1, " "1, " "1, " "1, " "1, " "1, " "1, " "1, "0
 "Nei182, 0.533, " "-0.862, " "1, " "1, " "1, " "1, " "1, " "1, " "1, " "1, " "1, " "1, " "1, " "1, " "1, " "1, " "1, " "1, " "1, " "1, " "1, " "1, " "1, " "1, " "1, " "1, " "1, " "1, " "1, " "1, " "1, " "1, " "1, " "1, " "1, " "1, " "1, " "1, " "1, " "1, " "1, " "1, " "1, " "1, " "1, " "1, " "1, " "1, " "1, " "1, " "1, " "1, " "1, " "1, " "1, " "1, " "1, " "1, " "1, " "1, " "1, " "1, " "1, " "1, " "1, " "1, " "1, " "1, " "1, " "1, " "1, " "1, " "1, " "1, " "1, " "1, " "1, " "1, " "1, " "1, " "1, " "1, " "1, " "1, " "1, " "1, " "1, " "1, " "1, " "1, " "1, " "1, " "1, " "1, " "1, " "1, " "1, " "1, " "1, " "1, " "1, " "1, " "1, " "1, " "1, " "1, " "1, " "1, " "1, " "1, " "1, " "1, " "1, " "1, " "1, " "1, " "1, " "1, " "1, " "1, " "1, " "1, " "1, " "1, " "1, " "1, " "1, " "1, " "1, " "1, " "1, " "1, " "1, " "1, " "1, " "1, " "1, " "1, " "1, " "1, " "1, " "1, " "1, " "1, " "1, " "1, " "1, " "1, " "1, " "1, " "1, " "1, " "1, " "1, " "1, " "1, " "1, " "1, " "1, " "1, " "1, " "1, " "1, " "1, " "1, " "1, " "1, " "1, " "1, " "1, " "1, " "1, " "1, " "1, " "1, " "1, " "1, " "1, " "1, " "1, " "1, " "1, " "1, " "1, " "0, " "1, " "1, " "1, " "1, " "1, " "1, " "1, " "1, " "1, " "1, " "1, " "1, " "1, " "1, " "1, " "1, " "1, " "1, " "1, " "1, " "1, " "1, " "1, " "1, " "1, " "1, " "1, " "1, " "1, " "1, " "1, " "1, " "1, " "1, " "1, " "1, " "1, " "1, " "1, " "1, " "1, " "1, " "1, " "1, " "1, " "1, " "1, " "1, " "1, " "1, " "1, " "1, " "1, " "1, " "1, " "1, " "1, " "1, " "1, " "1, " "1, " "1, " "1, " "1, " "1, " "1, " "1, " "1, " "1, " "1, " "1, " "1, " "1, " "1, "0
 "Nei183, 0.376, " "-0.455, " "1, " "1, " "1, " "1, " "1, " "1, " "1, " "1, " "1, " "1, " "1, " "1, " "1, " "1, " "1, " "1, " "1, " "1, " "1, " "1, " "1, " "1, " "1, " "1, " "1, " "1, " "1, " "1, " "1, " "1, " "1, " "1, " "1, " "1, " "1, " "1, " "1, " "1, " "1, " "1, " "1, " "1, " "1, " "1, " "1, " "1, " "1, " "1, " "1, " "1, " "1, " "1, " "1, " "1, " "1, " "1, " "1, " "1, " "1, " "1, " "1, " "1, " "1, " "1, " "1, " "1, " "1, " "1, " "1, " "1, " "1, " "1, " "1, " "1, " "1, " "1, " "1, " "1, " "1, " "1, " "1, " "1, " "1, " "1, " "1, " "1, " "1, " "1, " "1, " "1, " "1, " "1, " "1, " "1, " "1, " "1, " "1, " "1, " "1, " "1, " "1, " "1, " "1, " "1, " "1, " "1, " "1, " "1, " "1, " "1, " "1, " "1, " "1, " "1, " "1, " "1, " "1, " "1, " "1, " "1, " "1, " "1, " "1, " "1, " "1, " "1, " "1, " "1, " "1, " "1, " "1, " "1, " "1, " "1, " "1, " "1, " "1, " "1, " "1, " "1, " "1, " "1, " "1, " "1, " "1, " "1, " "1, " "1, " "1, " "1, " "1, " "1, " "1, " "1, " "1, " "1, " "1, " "1, " "1, " "1, " "1, " "1, " "1, " "1, " "1, " "1, " "1, " "1, " "1, " "1, " "1, " "1, " "1, " "1, " "1, " "1, " "1, " "1, " "1, " "1, " "1, " "1, " "1, " "0, " "1, " "1, " "1, " "1, " "1, " "1, " "1, " "1, " "1, " "1, " "1, " "1, " "1, " "1, " "1, " "1, " "1, " "1, " "1, " "1, " "1, " "1, " "1, " "1, " "1, " "1, " "1, " "1, " "1, " "1, " "1, " "1, " "1, " "1, " "1, " "1, " "1, " "1, " "1, " "1, " "1, " "1, " "1, " "1, " "1, " "1, " "1, " "1, " "1, " "1, " "1, " "1, " "1, " "1, " "1, " "1, " "1, " "1, " "1, " "1, " "1, " "1, " "1, " "1, " "1, " "1, " "1, " "1, " "1, " "1, " "1, " "1, " "1, "0
 "Nei184, 0.098, " "0.397, " "1, " "1, " "1, " "1, " "1, " "1, " "1, " "1, " "1, " "1, " "1, " "1, " "1, " "1, " "1, " "1, " "1, " "1, " "1, " "1, " "1, " "1, " "1, " "1, " "1, " "1, " "1, " "1, " "1, " "1, " "1, " "1, " "1, " "1, " "1, " "1, " "1, " "1, " "1, " "1, " "1, " "1, " "1, " "1, " "1, " "1, " "1, " "1, " "1, " "1, " "1, " "1, " "1, " "1, " "1, " "1, " "1, " "1, " "1, " "1, " "1, " "1, " "1, " "1, " "1, " "1, " "1, " "1, " "1, " "1, " "1, " "1, " "1, " "1, " "1, " "1, " "1, " "1, " "1, " "1, " "1, " "1, " "1, " "1, " "1, " "1, " "1, " "1, " "1, " "1, " "1, " "1, " "1, " "1, " "1, " "1, " "1, " "1, " "1, " "1, " "1, " "1, " "1, " "1, " "1, " "1, " "1, " "1, " "1, " "1, " "1, " "1, " "1, " "1, " "1, " "1, " "1, " "1, " "1, " "1, " "1, " "1, " "1, " "1, " "1, " "1, " "1, " "1, " "1, " "1, " "1, " "1, " "1, " "1, " "1, " "1, " "1, " "1, " "1, " "1, " "1, " "1, " "1, " "1, " "1, " "1, " "1, " "1, " "1, " "1, " "1, " "1, " "1, " "1, " "1, " "1, " "1, " "1, " "1, " "1, " "1, " "1, " "1, " "1, " "1, " "1, " "1, " "1, " "1, " "1, " "1, " "1, " "1, " "1, " "1, " "1, " "1, " "1, " "1, " "1, " "1, " "1, " "1, " "1, " "0, " "1, " "1, " "1, " "1, " "1, " "1, " "1, " "1, " "1, " "1, " "1, " "1, " "1, " "1, " "1, " "1, " "1, " "1, " "1, " "1, " "1, " "1, " "1, " "1, " "1, " "1, " "1, " "1, " "1, " "1, " "1, " "1, " "1, " "1, " "1, " "1, " "1, " "1, " "1, " "1, " "1, " "1, " "1, " "1, " "1, " "1, " "1, " "1, " "1, " "1, " "1, " "1, " "1, " "1, " "1, " "1, " "1, " "1, " "1, " "1, " "1, " "1, " "1, " "1, " "1, " "1, " "1, " "1, " "1, " "1, " "1, " "1, "0
 "Nei185, 0.329, " "-0.508, " "1, " "1, " "1, " "1, " "1, " "1, " "1, " "1, " "1, " "1, " "1, " "1, " "1, " "1, " "1, " "1, " "1, " "1, " "1, " "1, " "1, " "1, " "1, " "1, " "1, " "1, " "1, " "1, " "1, " "1, " "1, " "1, " "1, " "1, " "1, " "1, " "1, " "1, " "1, " "1, " "1, " "1, " "1, " "1, " "1, " "1, " "1, " "1, " "1, " "1, " "1, " "1, " "1, " "1, " "1, " "1, " "1, " "1, " "1, " "1, " "1, " "1, " "1, " "1, " "1, " "1, " "1, " "1, " "1, " "1, " "1, " "1, " "1, " "1, " "1, " "1, " "1, " "1, " "1, " "1, " "1, " "1, " "1, " "1, " "1, " "1, " "1, " "1, " "1, " "1, " "1, " "1, " "1, " "1, " "1, " "1, " "1, " "1, " "1, " "1, " "1, " "1, " "1, " "1, " "1, " "1, " "1, " "1, " "1, " "1, " "1, " "1, " "1, " "1, " "1, " "1, " "1, " "1, " "1, " "1, " "1, " "1, " "1, " "1, " "1, " "1, " "1, " "1, " "1, " "1, " "1, " "1, " "1, " "1, " "1, " "1, " "1, " "1, " "1, " "1, " "1, " "1, " "1, " "1, " "1, " "1, " "1, " "1, " "1, " "1, " "1, " "1, " "1, " "1, " "1, " "1, " "1, " "1, " "1, " "1, " "1, " "1, " "1, " "1, " "1, " "1, " "1, " "1, " "1, " "1, " "1, " "1, " "1, " "1, " "1, " "1, " "1, " "1, " "1, " "1, " "1, " "1, " "1, " "1, " "1, " "0, " "1, " "1, " "1, " "1, " "1, " "1, " "1, " "1, " "1, " "1, " "1, " "1, " "1, " "1, " "1, " "1, " "1, " "1, " "1, " "1, " "1, " "1, " "1, " "1, " "1, " "1, " "1, " "1, " "1, " "1, " "1, " "1, " "1, " "1, " "1, " "1, " "1, " "1, " "1, " "1, " "1, " "1, " "1, " "1, " "1, " "1, " "1, " "1, " "1, " "1, " "1, " "1, " "1, " "1, " "1, " "1, " "1, " "1, " "1, " "1, " "1, " "1, " "1, " "1, " "1, " "1, " "1, " "1, " "1, " "1, " "1, "0
 "Nei186, 0.417, " "0.314, " "1, " "1, " "1, " "1, " "1, " "1, " "1, " "1, " "1, " "1, " "1, " "1, " "1, " "1, " "1, " "1, " "1, " "1, " "1, " "1, " "1, " "1, " "1, " "1, " "1, " "1, " "1, " "1, " "1, " "1, " "1, " "1, " "1, " "1, " "1, " "1, " "1, " "1, " "1, " "1, " "1, " "1, " "1, " "1, " "1, " "1, " "1, " "1, " "1, " "1, " "1, " "1, " "1, " "1, " "1, " "1, " "1, " "1, " "1, " "1, " "1, " "1, " "1, " "1, " "1, " "1, " "1, " "1, " "1, " "1, " "1, " "1, " "1, " "1, " "1, " "1, " "1, " "1, " "1, " "1, " "1, " "1, " "1, " "1, " "1, " "1, " "1, " "1, " "1, " "1, " "1, " "1, " "1, " "1, " "1, " "1, " "1, " "1, " "1, " "1, " "1, " "1, " "1, " "1, " "1, " "1, " "1, " "1, " "1, " "1, " "1, " "1, " "1, " "1, " "1, " "1, " "1, " "1, " "1, " "1, " "1, " "1, " "1, " "1, " "1, " "1, " "1, " "1, " "1, " "1, " "1, " "1, " "1, " "1, " "1, " "1, " "1, " "1, " "1, " "1, " "1, " "1, " "1, " "1, " "1, " "1, " "1, " "1, " "1, " "1, " "1, " "1, " "1, " "1, " "1, " "1, " "1, " "1, " "1, " "1, " "1, " "1, " "1, " "1, " "1, " "1, " "1, " "1, " "1, " "1, " "1, " "1, " "1, " "1, " "1, " "1, " "1, " "1, " "1, " "1, " "1, " "1, " "1, " "1, " "1, " "1, " "0, " "1, " "1, " "1, " "1, " "1, " "1, " "1, " "1, " "1, " "1, " "1, " "1, " "1, " "1, " "1, " "1, " "1, " "1, " "1, " "1, " "1, " "1, " "1, " "1, " "1, " "1, " "1, " "1, " "1, " "1, " "1, " "1, " "1, " "1, " "1, " "1, " "1, " "1, " "1, " "1, " "1, " "1, " "1, " "1, " "1, " "1, " "1, " "1, " "1, " "1, " "1, " "1, " "1, " "1, " "1, " "1, " "1, " "1, " "1, " "1, " "1, " "1, " "1, " "1, " "1, " "1, " "1, " "1, " "1, " "1, "0
 "Nei187, 0.276, " "0.603, " "1, " "1, " "1, " "1, " "1, " "1, " "1, " "1, " "1, " "1, " "1, " "1, " "1, " "1, " "1, " "1, " "1, " "1, " "1, " "1, " "1, " "1, " "1, " "1, " "1, " "1, " "1, " "1, " "1, " "1, " "1, " "1, " "1, " "1, " "1, " "1, " "1, " "1, " "1, " "1, " "1, " "1, " "1, " "1, " "1, " "1, " "1, " "1, " "1, " "1, " "1, " "1, " "1, " "1, " "1, " "1, " "1, " "1, " "1, " "1, " "1, " "1, " "1, " "1, " "1, " "1, " "1, " "1, " "1, " "1, " "1, " "1, " "1, " "1, " "1, " "1, " "1, " "1, " "1, " "1, " "1, " "1, " "1, " "1, " "1, " "1, " "1, " "1, " "1, " "1, " "1, " "1, " "1, " "1, " "1, " "1, " "1, " "1, " "1, " "1, " "1, " "1, " "1, " "1, " "1, " "1, " "1, " "1, " "1, " "1, " "1, " "1, " "1, " "1, " "1, " "1, " "1, " "1, " "1, " "1, " "1, " "1, " "1, " "1, " "1, " "1, " "1, " "1, " "1, " "1, " "1, " "1, " "1, " "1, " "1, " "1, " "1, " "1, " "1, " "1, " "1, " "1, " "1, " "1, " "1, " "1, " "1, " "1, " "1, " "1, " "1, " "1, " "1, " "1, " "1, " "1, " "1, " "1, " "1, " "1, " "1, " "1, " "1, " "1, " "1, " "1, " "1, " "1, " "1, " "1, " "1, " "1, " "1, " "1, " "1, " "1, " "1, " "1, " "1, " "1, " "1, " "1, " "1, " "1, " "1, " "1, " "1, " "0, " "1, " "1, " "1, " "1, " "1, " "1, " "1, " "1, " "1, " "1, " "1, " "1, " "1, " "1, " "1, " "1, " "1, " "1, " "1, " "1, " "1, " "1, " "1, " "1, " "1, " "1, " "1, " "1, " "1, " "1, " "1, " "1, " "1, " "1, " "1, " "1, " "1, " "1, " "1, " "1, " "1, " "1, " "1, " "1, " "1, " "1, " "1, " "1, " "1, " "1, " "1, " "1, " "1, " "1, " "1, " "1, " "1, " "1, " "1, " "1, " "1, " "1, " "1, " "1, " "1, " "1, " "1, " "1, " "1, "0
 "Nei188, 0.424, " "0.443, " "1, " "1, " "1, " "1, " "1, " "1, " "1, " "1, " "1, " "1, " "1, " "1, " "1, " "1, " "1, " "1, " "1, " "1, " "1, " "1, " "1, " "1, " "1, " "1, " "1, " "1, " "1, " "1, " "1, " "1, " "1, " "1, " "1, " "1, " "1, " "1, " "1, " "1, " "1, " "1, " "1, " "1, " "1, " "1, " "1, " "1, " "1, " "1, " "1, " "1, " "1, " "1, " "1, " "1, " "1, " "1, " "1, " "1, " "1, " "1, " "1, " "1, " "1, " "1, " "1, " "1, " "1, " "1, " "1, " "1, " "1, " "1, " "1, " "1, " "1, " "1, " "1, " "1, " "1, " "1, " "1, " "1, " "1, " "1, " "1, " "1, " "1, " "1, " "1, " "1, " "1, " "1, " "1, " "1, " "1, " "1, " "1, " "1, " "1, " "1, " "1, " "1, " "1, " "1, " "1, " "1, " "1, " "1, " "1, " "1, " "1, " "1, " "1, " "1, " "1, " "1, " "1, " "1, " "1, " "1, " "1, " "1, " "1, " "1, " "1, " "1, " "1, " "1, " "1, " "1, " "1, " "1, " "1, " "1, " "1, " "1, " "1, " "1, " "1, " "1, " "1, " "1, " "1, " "1, " "1, " "1, " "1, " "1, " "1, " "1, " "1, " "1, " "1, " "1, " "1, " "1, " "1, " "1, " "1, " "1, " "1, " "1, " "1, " "1, " "1, " "1, " "1, " "1, " "1, " "1, " "1, " "1, " "1, " "1, " "1, " "1, " "1, " "1, " "1, " "1, " "1, " "1, " "1, " "1, " "1, " "1, " "1, " "1, " "0, " "1, " "1, " "1, " "1, " "1, " "1, " "1, " "1, " "1, " "1, " "1, " "1, " "1, " "1, " "1, " "1, " "1, " "1, " "1, " "1, " "1, " "1, " "1, " "1, " "1, " "1, " "1, " "1, " "1, " "1, " "1, " "1, " "1, " "1, " "1, " "1, " "1, " "1, " "1, " "1, " "1, " "1, " "1, " "1, " "1, " "1, " "1, " "1, " "1, " "1, " "1, " "1, " "1, " "1, " "1, " "1, " "1, " "1, " "1, " "1, " "1, " "1, " "1, " "1, " "1, " "1, " "1, " "1, "0
 "Nei189, 0.263, " "0.594, " "1, " "1, " "1, " "1, " "1, " "1, " "1, " "1, " "1, " "1, " "1, " "1, " "1, " "1, " "1, " "1, " "1, " "1, " "1, " "1, " "1, " "1, " "1, " "1, " "1, " "1, " "1, " "1, " "1, " "1, " "1, " "1, " "1, " "1, " "1, " "1, " "1, " "1, " "1, " "1, " "1, " "1, " "1, " "1, " "1, " "1, " "1, " "1, " "1, " "1, " "1, " "1, " "1, " "1, " "1, " "1, " "1, " "1, " "1, " "1, " "1, " "1, " "1, " "1, " "1, " "1, " "1, " "1, " "1, " "1, " "1, " "1, " "1, " "1, " "1, " "1, " "1, " "1, " "1, " "1, " "1, " "1, " "1, " "1, " "1, " "1, " "1, " "1, " "1, " "1, " "1, " "1, " "1, " "1, " "1, " "1, " "1, " "1, " "1, " "1, " "1, " "1, " "1, " "1, " "1, " "1, " "1, " "1, " "1, " "1, " "1, " "1, " "1, " "1, " "1, " "1, " "1, " "1, " "1, " "1, " "1, " "1, " "1, " "1, " "1, " "1, " "1, " "1, " "1, " "1, " "1, " "1, " "1, " "1, " "1, " "1, " "1, " "1, " "1, " "1, " "1, " "1, " "1, " "1, " "1, " "1, " "1, " "1, " "1, " "1, " "1, " "1, " "1, " "1, " "1, " "1, " "1, " "1, " "1, " "1, " "1, " "1, " "1, " "1, " "1, " "1, " "1, " "1, " "1, " "1, " "1, " "1, " "1, " "1, " "1, " "1, " "1, " "1, " "1, " "1, " "1, " "1, " "1, " "1, " "1, " "1, " "1, " "1, " "1, " "0, " "1, " "1, " "1, " "1, " "1, " "1, " "1, " "1, " "1, " "1, " "1, " "1, " "1, " "1, " "1, " "1, " "1, " "1, " "1, " "1, " "1, " "1, " "1, " "1, " "1, " "1, " "1, " "1, " "1, " "1, " "1, " "1, " "1, " "1, " "1, " "1, " "1, " "1, " "1, " "1, " "1, " "1, " "1, " "1, " "1, " "1, " "1, " "1, " "1, " "1, " "1, " "1, " "1, " "1, " "1, " "1, " "1, " "1, " "1, " "1, " "1, " "1, " "1, " "1, " "1, " "1, " "1, "0
 "Nei190, 0.106, " "-0.29, " "1, " "1, " "1, " "1, " "1, " "1, " "1, " "1, " "1, " "1, " "1, " "1, " "1, " "1, " "1, " "1, " "1, " "1, " "1, " "1, " "1, " "1, " "1, " "1, " "1, " "1, " "1, " "1, " "1, " "1, " "1, " "1, " "1, " "1, " "1, " "1, " "1, " "1, " "1, " "1, " "1, " "1, " "1, " "1, " "1, " "1, " "1, " "1, " "1, " "1, " "1, " "1, " "1, " "1, " "1, " "1, " "1, " "1, " "1, " "1, " "1, " "1, " "1, " "1, " "1, " "1, " "1, " "1, " "1, " "1, " "1, " "1, " "1, " "1, " "1, " "1, " "1, " "1, " "1, " "1, " "1, " "1, " "1, " "1, " "1, " "1, " "1, " "1, " "1, " "1, " "1, " "1, " "1, " "1, " "1, " "1, " "1, " "1, " "1, " "1, " "1, " "1, " "1, " "1, " "1, " "1, " "1, " "1, " "1, " "1, " "1, " "1, " "1, " "1, " "1, " "1, " "1, " "1, " "1, " "1, " "1, " "1, " "1, " "1, " "1, " "1, " "1, " "1, " "1, " "1, " "1, " "1, " "1, " "1, " "1, " "1, " "1, " "1, " "1, " "1, " "1, " "1, " "1, " "1, " "1, " "1, " "1, " "1, " "1, " "1, " "1, " "1, " "1, " "1, " "1, " "1, " "1, " "1, " "1, " "1, " "1, " "1, " "1, " "1, " "1, " "1, " "1, " "1, " "1, " "1, " "1, " "1, " "1, " "1, " "1, " "1, " "1, " "1, " "1, " "1, " "1, " "1, " "1, " "1, " "1, " "1, " "1, " "1, " "1, " "1, " "0, " "1, " "1, " "1, " "1, " "1, " "1, " "1, " "1, " "1, " "1, " "1, " "1, " "1, " "1, " "1, " "1, " "1, " "1, " "1, " "1, " "1, " "1, " "1, " "1, " "1, " "1, " "1, " "1, " "1, " "1, " "1, " "1, " "1, " "1, " "1, " "1, " "1, " "1, " "1, " "1, " "1, " "1, " "1, " "1, " "1, " "1, " "1, " "1, " "1, " "1, " "1, " "1, " "1, " "1, " "1, " "1, " "1, " "1, " "1, " "1, " "1, " "1, " "1, " "1, " "1, " "1, "0
 "Nei191, 0.167, " "-0.901, " "1, " "1, " "1, " "1, " "1, " "1, " "1, " "1, " "1, " "1, " "1, " "1, " "1, " "1, " "1, " "1, " "1, " "1, " "1, " "1, " "1, " "1, " "1, " "1, " "1, " "1, " "1, " "1, " "1, " "1, " "1, " "1, " "1, " "1, " "1, " "1, " "1, " "1, " "1, " "1, " "1, " "1, " "1, " "1, " "1, " "1, " "1, " "1, " "1, " "1, " "1, " "1, " "1, " "1, " "1, " "1, " "1, " "1, " "1, " "1, " "1, " "1, " "1, " "1, " "1, " "1, " "1, " "1, " "1, " "1, " "1, " "1, " "1, " "1, " "1, " "1, " "1, " "1, " "1, " "1, " "1, " "1, " "1, " "1, " "1, " "1, " "1, " "1, " "1, " "1, " "1, " "1, " "1, " "1, " "1, " "1, " "1, " "1, " "1, " "1, " "1, " "1, " "1, " "1, " "1, " "1, " "1, " "1, " "1, " "1, " "1, " "1, " "1, " "1, " "1, " "1, " "1, " "1, " "1, " "1, " "1, " "1, " "1, " "1, " "1, " "1, " "1, " "1, " "1, " "1, " "1, " "1, " "1, " "1, " "1, " "1, " "1, " "1, " "1, " "1, " "1, " "1, " "1, " "1, " "1, " "1, " "1, " "1, " "1, " "1, " "1, " "1, " "1, " "1, " "1, " "1, " "1, " "1, " "1, " "1, " "1, " "1, " "1, " "1, " "1, " "1, " "1, " "1, " "1, " "1, " "1, " "1, " "1, " "1, " "1, " "1, " "1, " "1, " "1, " "1, " "1, " "1, " "1, " "1, " "1, " "1, " "1, " "1, " "1, " "1, " "1, " "0, " "1, " "1, " "1, " "1, " "1, " "1, " "1, " "1, " "1, " "1, " "1, " "1, " "1, " "1, " "1, " "1, " "1, " "1, " "1, " "1, " "1, " "1, " "1, " "1, " "1, " "1, " "1, " "1, " "1, " "1, " "1, " "1, " "1, " "1, " "1, " "1, " "1, " "1, " "1, " "1, " "1, " "1, " "1, " "1, " "1, " "1, " "1, " "1, " "1, " "1, " "1, " "1, " "1, " "1, " "1, " "1, " "1, " "1, " "1, " "1, " "1, " "1, " "1, " "1, " "1, "0
 "Nei192, 0.413, " "-0.072, " "1, " "1, " "1, " "1, " "1, " "1, " "1, " "1, " "1, " "1, " "1, " "1, " "1, " "1, " "1, " "1, " "1, " "1, " "1, " "1, " "1, " "1, " "1, " "1, " "1, " "1, " "1, " "1, " "1, " "1, " "1, " "1, " "1, " "1, " "1, " "1, " "1, " "1, " "1, " "1, " "1, " "1, " "1, " "1, " "1, " "1, " "1, " "1, " "1, " "1, " "1, " "1, " "1, " "1, " "1, " "1, " "1, " "1, " "1, " "1, " "1, " "1, " "1, " "1, " "1, " "1, " "1, " "1, " "1, " "1, " "1, " "1, " "1, " "1, " "1, " "1, " "1, " "1, " "1, " "1, " "1, " "1, " "1, " "1, " "1, " "1, " "1, " "1, " "1, " "1, " "1, " "1, " "1, " "1, " "1, " "1, " "1, " "1, " "1, " "1, " "1, " "1, " "1, " "1, " "1, " "1, " "1, " "1, " "1, " "1, " "1, " "1, " "1, " "1, " "1, " "1, " "1, " "1, " "1, " "1, " "1, " "1, " "1, " "1, " "1, " "1, " "1, " "1, " "1, " "1, " "1, " "1, " "1, " "1, " "1, " "1, " "1, " "1, " "1, " "1, " "1, " "1, " "1, " "1, " "1, " "1, " "1, " "1, " "1, " "1, " "1, " "1, " "1, " "1, " "1, " "1, " "1, " "1, " "1, " "1, " "1, " "1, " "1, " "1, " "1, " "1, " "1, " "1, " "1, " "1, " "1, " "1, " "1, " "1, " "1, " "1, " "1, " "1, " "1, " "1, " "1, " "1, " "1, " "1, " "1, " "1, " "1, " "1, " "1, " "1, " "1, " "1, " "0, " "1, " "1, " "1, " "1, " "1, " "1, " "1, " "1, " "1, " "1, " "1, " "1, " "1, " "1, " "1, " "1, " "1, " "1, " "1, " "1, " "1, " "1, " "1, " "1, " "1, " "1, " "1, " "1, " "1, " "1, " "1, " "1, " "1, " "1, " "1, " "1, " "1, " "1, " "1, " "1, " "1, " "1, " "1, " "1, " "1, " "1, " "1, " "1, " "1, " "1, " "1, " "1, " "1, " "1, " "1, " "1, " "1, " "1, " "1, " "1, " "1, " "1, " "1, " "1, "0
 "Nei193, 0.04, " "-0.155, " "1, " "1, " "1, " "1, " "1, " "1, " "1, " "1, " "1, " "1, " "1, " "1, " "1, " "1, " "1, " "1, " "1, " "1, " "1, " "1, " "1, " "1, " "1, " "1, " "1, " "1, " "1, " "1, " "1, " "1, " "1, " "1, " "1, " "1, " "1, " "1, " "1, " "1, " "1, " "1, " "1, " "1, " "1, " "1, " "1, " "1, " "1, " "1, " "1, " "1, " "1, " "1, " "1, " "1, " "1, " "1, " "1, " "1, " "1, " "1, " "1, " "1, " "1, " "1, " "1, " "1, " "1, " "1, " "1, " "1, " "1, " "1, " "1, " "1, " "1, " "1, " "1, " "1, " "1, " "1, " "1, " "1, " "1, " "1, " "1, " "1, " "1, " "1, " "1, " "1, " "1, " "1, " "1, " "1, " "1, " "1, " "1, " "1, " "1, " "1, " "1, " "1, " "1, " "1, " "1, " "1, " "1, " "1, " "1, " "1, " "1, " "1, " "1, " "1, " "1, " "1, " "1, " "1, " "1, " "1, " "1, " "1, " "1, " "1, " "1, " "1, " "1, " "1, " "1, " "1, " "1, " "1, " "1, " "1, " "1, " "1, " "1, " "1, " "1, " "1, " "1, " "1, " "1, " "1, " "1, " "1, " "1, " "1, " "1, " "1, " "1, " "1, " "1, " "1, " "1, " "1, " "1, " "1, " "1, " "1, " "1, " "1, " "1, " "1, " "1, " "1, " "1, " "1, " "1, " "1, " "1, " "1, " "1, " "1, " "1, " "1, " "1, " "1, " "1, " "1, " "1, " "1, " "1, " "1, " "1, " "1, " "1, " "1, " "1, " "1, " "1, " "1, " "1, " "0, " "1, " "1, " "1, " "1, " "1, " "1, " "1, " "1, " "1, " "1, " "1, " "1, " "1, " "1, " "1, " "1, " "1, " "1, " "1, " "1, " "1, " "1, " "1, " "1, " "1, " "1, " "1, " "1, " "1, " "1, " "1, " "1, " "1, " "1, " "1, " "1, " "1, " "1, " "1, " "1, " "1, " "1, " "1, " "1, " "1, " "1, " "1, " "1, " "1, " "1, " "1, " "1, " "1, " "1, " "1, " "1, " "1, " "1, " "1, " "1, " "1, " "1, " "1, "0
 "Nei194, 0.3, " "0.957, " "1, " "1, " "1, " "1, " "1, " "1, " "1, " "1, " "1, " "1, " "1, " "1, " "1, " "1, " "1, " "1, " "1, " "1, " "1, " "1, " "1, " "1, " "1, " "1, " "1, " "1, " "1, " "1, " "1, " "1, " "1, " "1, " "1, " "1, " "1, " "1, " "1, " "1, " "1, " "1, " "1, " "1, " "1, " "1, " "1, " "1, " "1, " "1, " "1, " "1, " "1, " "1, " "1, " "1, " "1, " "1, " "1, " "1, " "1, " "1, " "1, " "1, " "1, " "1, " "1, " "1, " "1, " "1, " "1, " "1, " "1, " "1, " "1, " "1, " "1, " "1, " "1, " "1, " "1, " "1, " "1, " "1, " "1, " "1, " "1, " "1, " "1, " "1, " "1, " "1, " "1, " "1, " "1, " "1, " "1, " "1, " "1, " "1, " "1, " "1, " "1, " "1, " "1, " "1, " "1, " "1, " "1, " "1, " "1, " "1, " "1, " "1, " "1, " "1, " "1, " "1, " "1, " "1, " "1, " "1, " "1, " "1, " "1, " "1, " "1, " "1, " "1, " "1, " "1, " "1, " "1, " "1, " "1, " "1, " "1, " "1, " "1, " "1, " "1, " "1, " "1, " "1, " "1, " "1, " "1, " "1, " "1, " "1, " "1, " "1, " "1, " "1, " "1, " "1, " "1, " "1, " "1, " "1, " "1, " "1, " "1, " "1, " "1, " "1, " "1, " "1, " "1, " "1, " "1, " "1, " "1, " "1, " "1, " "1, " "1, " "1, " "1, " "1, " "1, " "1, " "1, " "1, " "1, " "1, " "1, " "1, " "1, " "1, " "1, " "1, " "1, " "1, " "1, " "1, " "0, " "1, " "1, " "1, " "1, " "1, " "1, " "1, " "1, " "1, " "1, " "1, " "1, " "1, " "1, " "1, " "1, " "1, " "1, " "1, " "1, " "1, " "1, " "1, " "1, " "1, " "1, " "1, " "1, " "1, " "1, " "1, " "1, " "1, " "1, " "1, " "1, " "1, " "1, " "1, " "1, " "1, " "1, " "1, " "1, " "1, " "1, " "1, " "1, " "1, " "1, " "1, " "1, " "1, " "1, " "1, " "1, " "1, " "1, " "1, " "1, " "1, " "1, "0
 "Nei195, 0.163, " "-0.816, " "1, " "1, " "1, " "1, " "1, " "1, " "1, " "1, " "1, " "1, " "1, " "1, " "1, " "1, " "1, " "1, " "1, " "1, " "1, " "1, " "1, " "1, " "1, " "1, " "1, " "1, " "1, " "1, " "1, " "1, " "1, " "1, " "1, " "1, " "1, " "1, " "1, " "1, " "1, " "1, " "1, " "1, " "1, " "1, " "1, " "1, " "1, " "1, " "1, " "1, " "1, " "1, " "1, " "1, " "1, " "1, " "1, " "1, " "1, " "1, " "1, " "1, " "1, " "1, " "1, " "1, " "1, " "1, " "1, " "1, " "1, " "1, " "1, " "1, " "1, " "1, " "1, " "1, " "1, " "1, " "1, " "1, " "1, " "1, " "1, " "1, " "1, " "1, " "1, " "1, " "1, " "1, " "1, " "1, " "1, " "1, " "1, " "1, " "1, " "1, " "1, " "1, " "1, " "1, " "1, " "1, " "1, " "1, " "1, " "1, " "1, " "1, " "1, " "1, " "1, " "1, " "1, " "1, " "1, " "1, " "1, " "1, " "1, " "1, " "1, " "1, " "1, " "1, " "1, " "1, " "1, " "1, " "1, " "1, " "1, " "1, " "1, " "1, " "1, " "1, " "1, " "1, " "1, " "1, " "1, " "1, " "1, " "1, " "1, " "1, " "1, " "1, " "1, " "1, " "1, " "1, " "1, " "1, " "1, " "1, " "1, " "1, " "1, " "1, " "1, " "1, " "1, " "1, " "1, " "1, " "1, " "1, " "1, " "1, " "1, " "1, " "1, " "1, " "1, " "1, " "1, " "1, " "1, " "1, " "1, " "1, " "1, " "1, " "1, " "1, " "1, " "1, " "1, " "1, " "1, " "0, " "1, " "1, " "1, " "1, " "1, " "1, " "1, " "1, " "1, " "1, " "1, " "1, " "1, " "1, " "1, " "1, " "1, " "1, " "1, " "1, " "1, " "1, " "1, " "1, " "1, " "1, " "1, " "1, " "1, " "1, " "1, " "1, " "1, " "1, " "1, " "1, " "1, " "1, " "1, " "1, " "1, " "1, " "1, " "1, " "1, " "1, " "1, " "1, " "1, " "1, " "1, " "1, " "1, " "1, " "1, " "1, " "1, " "1, " "1, " "1, " "1, "0
 "Nei196, 0.374, " "0.219, " "1, " "1, " "1, " "1, " "1, " "1, " "1, " "1, " "1, " "1, " "1, " "1, " "1, " "1, " "1, " "1, " "1, " "1, " "1, " "1, " "1, " "1, " "1, " "1, " "1, " "1, " "1, " "1, " "1, " "1, " "1, " "1, " "1, " "1, " "1, " "1, " "1, " "1, " "1, " "1, " "1, " "1, " "1, " "1, " "1, " "1, " "1, " "1, " "1, " "1, " "1, " "1, " "1, " "1, " "1, " "1, " "1, " "1, " "1, " "1, " "1, " "1, " "1, " "1, " "1, " "1, " "1, " "1, " "1, " "1, " "1, " "1, " "1, " "1, " "1, " "1, " "1, " "1, " "1, " "1, " "1, " "1, " "1, " "1, " "1, " "1, " "1, " "1, " "1, " "1, " "1, " "1, " "1, " "1, " "1, " "1, " "1, " "1, " "1, " "1, " "1, " "1, " "1, " "1, " "1, " "1, " "1, " "1, " "1, " "1, " "1, " "1, " "1, " "1, " "1, " "1, " "1, " "1, " "1, " "1, " "1, " "1, " "1, " "1, " "1, " "1, " "1, " "1, " "1, " "1, " "1, " "1, " "1, " "1, " "1, " "1, " "1, " "1, " "1, " "1, " "1, " "1, " "1, " "1, " "1, " "1, " "1, " "1, " "1, " "1, " "1, " "1, " "1, " "1, " "1, " "1, " "1, " "1, " "1, " "1, " "1, " "1, " "1, " "1, " "1, " "1, " "1, " "1, " "1, " "1, " "1, " "1, " "1, " "1, " "1, " "1, " "1, " "1, " "1, " "1, " "1, " "1, " "1, " "1, " "1, " "1, " "1, " "1, " "1, " "1, " "1, " "1, " "1, " "1, " "1, " "1, " "0, " "1, " "1, " "1, " "1, " "1, " "1, " "1, " "1, " "1, " "1, " "1, " "1, " "1, " "1, " "1, " "1, " "1, " "1, " "1, " "1, " "1, " "1, " "1, " "1, " "1, " "1, " "1, " "1, " "1, " "1, " "1, " "1, " "1, " "1, " "1, " "1, " "1, " "1, " "1, " "1, " "1, " "1, " "1, " "1, " "1, " "1, " "1, " "1, " "1, " "1, " "1, " "1, " "1, " "1, " "1, " "1, " "1, " "1, " "1, " "1, "0
 "Nei197, 0.158, " "-0.077, " "1, " "1, " "1, " "1, " "1, " "1, " "1, " "1, " "1, " "1, " "1, " "1, " "1, " "1, " "1, " "1, " "1, " "1, " "1, " "1, " "1, " "1, " "1, " "1, " "1, " "1, " "1, " "1, " "1, " "1, " "1, " "1, " "1, " "1, " "1, " "1, " "1, " "1, " "1, " "1, " "1, " "1, " "1, " "1, " "1, " "1, " "1, " "1, " "1, " "1, " "1, " "1, " "1, " "1, " "1, " "1, " "1, " "1, " "1, " "1, " "1, " "1, " "1, " "1, " "1, " "1, " "1, " "1, " "1, " "1, " "1, " "1, " "1, " "1, " "1, " "1, " "1, " "1, " "1, " "1, " "1, " "1, " "1, " "1, " "1, " "1, " "1, " "1, " "1, " "1, " "1, " "1, " "1, " "1, " "1, " "1, " "1, " "1, " "1, " "1, " "1, " "1, " "1, " "1, " "1, " "1, " "1, " "1, " "1, " "1, " "1, " "1, " "1, " "1, " "1, " "1, " "1, " "1, " "1, " "1, " "1, " "1, " "1, " "1, " "1, " "1, " "1, " "1, " "1, " "1, " "1, " "1, " "1, " "1, " "1, " "1, " "1, " "1, " "1, " "1, " "1, " "1, " "1, " "1, " "1, " "1, " "1, " "1, " "1, " "1, " "1, " "1, " "1, " "1, " "1, " "1, " "1, " "1, " "1, " "1, " "1, " "1, " "1, " "1, " "1, " "1, " "1, " "1, " "1, " "1, " "1, " "1, " "1, " "1, " "1, " "1, " "1, " "1, " "1, " "1, " "1, " "1, " "1, " "1, " "1, " "1, " "1, " "1, " "1, " "1, " "1, " "1, " "1, " "1, " "1, " "1, " "1, " "0, " "1, " "1, " "1, " "1, " "1, " "1, " "1, " "1, " "1, " "1, " "1, " "1, " "1, " "1, " "1, " "1, " "1, " "1, " "1, " "1, " "1, " "1, " "1, " "1, " "1, " "1, " "1, " "1, " "1, " "1, " "1, " "1, " "1, " "1, " "1, " "1, " "1, " "1, " "1, " "1, " "1, " "1, " "1, " "1, " "1, " "1, " "1, " "1, " "1, " "1, " "1, " "1, " "1, " "1, " "1, " "1, " "1, " "1, " "1, "0
 "Nei198, 0.312, " "0.804, " "1, " "1, " "1, " "1, " "1, " "1, " "1, " "1, " "1, " "1, " "1, " "1, " "1, " "1, " "1, " "1, " "1, " "1, " "1, " "1, " "1, " "1, " "1, " "1, " "1, " "1, " "1, " "1, " "1, " "1, " "1, " "1, " "1, " "1, " "1, " "1, " "1, " "1, " "1, " "1, " "1, " "1, " "1, " "1, " "1, " "1, " "1, " "1, " "1, " "1, " "1, " "1, " "1, " "1, " "1, " "1, " "1, " "1, " "1, " "1, " "1, " "1, " "1, " "1, " "1, " "1, " "1, " "1, " "1, " "1, " "1, " "1, " "1, " "1, " "1, " "1, " "1, " "1, " "1, " "1, " "1, " "1, " "1, " "1, " "1, " "1, " "1, " "1, " "1, " "1, " "1, " "1, " "1, " "1, " "1, " "1, " "1, " "1, " "1, " "1, " "1, " "1, " "1, " "1, " "1, " "1, " "1, " "1, " "1, " "1, " "1, " "1, " "1, " "1, " "1, " "1, " "1, " "1, " "1, " "1, " "1, " "1, " "1, " "1, " "1, " "1, " "1, " "1, " "1, " "1, " "1, " "1, " "1, " "1, " "1, " "1, " "1, " "1, " "1, " "1, " "1, " "1, " "1, " "1, " "1, " "1, " "1, " "1, " "1, " "1, " "1, " "1, " "1, " "1, " "1, " "1, " "1, " "1, " "1, " "1, " "1, " "1, " "1, " "1, " "1, " "1, " "1, " "1, " "1, " "1, " "1, " "1, " "1, " "1, " "1, " "1, " "1, " "1, " "1, " "1, " "1, " "1, " "1, " "1, " "1, " "1, " "1, " "1, " "1, " "1, " "1, " "1, " "1, " "1, " "1, " "1, " "1, " "1, " "0, " "1, " "1, " "1, " "1, " "1, " "1, " "1, " "1, " "1, " "1, " "1, " "1, " "1, " "1, " "1, " "1, " "1, " "1, " "1, " "1, " "1, " "1, " "1, " "1, " "1, " "1, " "1, " "1, " "1, " "1, " "1, " "1, " "1, " "1, " "1, " "1, " "1, " "1, " "1, " "1, " "1, " "1, " "1, " "1, " "1, " "1, " "1, " "1, " "1, " "1, " "1, " "1, " "1, " "1, " "1, " "1, " "1, " "1, "0
 "Nei199, 0.392, " "-0.746, " "1, " "1, " "1, " "1, " "1, " "1, " "1, " "1, " "1, " "1, " "1, " "1, " "1, " "1, " "1, " "1, " "1, " "1, " "1, " "1, " "1, " "1, " "1, " "1, " "1, " "1, " "1, " "1, " "1, " "1, " "1, " "1, " "1, " "1, " "1, " "1, " "1, " "1, " "1, " "1, " "1, " "1, " "1, " "1, " "1, " "1, " "1, " "1, " "1, " "1, " "1, " "1, " "1, " "1, " "1, " "1, " "1, " "1, " "1, " "1, " "1, " "1, " "1, " "1, " "1, " "1, " "1, " "1, " "1, " "1, " "1, " "1, " "1, " "1, " "1, " "1, " "1, " "1, " "1, " "1, " "1, " "1, " "1, " "1, " "1, " "1, " "1, " "1, " "1, " "1, " "1, " "1, " "1, " "1, " "1, " "1, " "1, " "1, " "1, " "1, " "1, " "1, " "1, " "1, " "1, " "1, " "1, " "1, " "1, " "1, " "1, " "1, " "1, " "1, " "1, " "1, " "1, " "1, " "1, " "1, " "1, " "1, " "1, " "1, " "1, " "1, " "1, " "1, " "1, " "1, " "1, " "1, " "1, " "1, " "1, " "1, " "1, " "1, " "1, " "1, " "1, " "1, " "1, " "1, " "1, " "1, " "1, " "1, " "1, " "1, " "1, " "1, " "1, " "1, " "1, " "1, " "1, " "1, " "1, " "1, " "1, " "1, " "1, " "1, " "1, " "1, " "1, " "1, " "1, " "1, " "1, " "1, " "1, " "1, " "1, " "1, " "1, " "1, " "1, " "1, " "1, " "1, " "1, " "1, " "1, " "1, " "1, " "1, " "1, " "1, " "1, " "1, " "1, " "1, " "1, " "1, " "1, " "1, " "1, " "0, " "1, " "1, " "1, " "1, " "1, " "1, " "1, " "1, " "1, " "1, " "1, " "1, " "1, " "1, " "1, " "1, " "1, " "1, " "1, " "1, " "1, " "1, " "1, " "1, " "1, " "1, " "1, " "1, " "1, " "1, " "1, " "1, " "1, " "1, " "1, " "1, " "1, " "1, " "1, " "1, " "1, " "1, " "1, " "1, " "1, " "1, " "1, " "1, " "1, " "1, " "1, " "1, " "1, " "1, " "1, " "1, " "1, "0
 "Nei200, 0.357, " "0.006, " "1, " "1, " "1, " "1, " "1, " "1, " "1, " "1, " "1, " "1, " "1, " "1, " "1, " "1, " "1, " "1, " "1, " "1, " "1, " "1, " "1, " "1, " "1, " "1, " "1, " "1, " "1, " "1, " "1, " "1, " "1, " "1, " "1, " "1, " "1, " "1, " "1, " "1, " "1, " "1, " "1, " "1, " "1, " "1, " "1, " "1, " "1, " "1, " "1, " "1, " "1, " "1, " "1, " "1, " "1, " "1, " "1, " "1, " "1, " "1, " "1, " "1, " "1, " "1, " "1, " "1, " "1, " "1, " "1, " "1, " "1, " "1, " "1, " "1, " "1, " "1, " "1, " "1, " "1, " "1, " "1, " "1, " "1, " "1, " "1, " "1, " "1, " "1, " "1, " "1, " "1, " "1, " "1, " "1, " "1, " "1, " "1, " "1, " "1, " "1, " "1, " "1, " "1, " "1, " "1, " "1, " "1, " "1, " "1, " "1, " "1, " "1, " "1, " "1, " "1, " "1, " "1, " "1, " "1, " "1, " "1, " "1, " "1, " "1, " "1, " "1, " "1, " "1, " "1, " "1, " "1, " "1, " "1, " "1, " "1, " "1, " "1, " "1, " "1, " "1, " "1, " "1, " "1, " "1, " "1, " "1, " "1, " "1, " "1, " "1, " "1, " "1, " "1, " "1, " "1, " "1, " "1, " "1, " "1, " "1, " "1, " "1, " "1, " "1, " "1, " "1, " "1, " "1, " "1, " "1, " "1, " "1, " "1, " "1, " "1, " "1, " "1, " "1, " "1, " "1, " "1, " "1, " "1, " "1, " "1, " "1, " "1, " "1, " "1, " "1, " "1, " "1, " "1, " "1, " "1, " "1, " "1, " "1, " "1, " "1, " "0, " "1, " "1, " "1, " "1, " "1, " "1, " "1, " "1, " "1, " "1, " "1, " "1, " "1, " "1, " "1, " "1, " "1, " "1, " "1, " "1, " "1, " "1, " "1, " "1, " "1, " "1, " "1, " "1, " "1, " "1, " "1, " "1, " "1, " "1, " "1, " "1, " "1, " "1, " "1, " "1, " "1, " "1, " "1, " "1, " "1, " "1, " "1, " "1, " "1, " "1, " "1, " "1, " "1, " "1, " "1, " "1, "0
 "Nei201, 0.333, " "0.739, " "1, " "1, " "1, " "1, " "1, " "1, " "1, " "1, " "1, " "1, " "1, " "1, " "1, " "1, " "1, " "1, " "1, " "1, " "1, " "1, " "1, " "1, " "1, " "1, " "1, " "1, " "1, " "1, " "1, " "1, " "1, " "1, " "1, " "1, " "1, " "1, " "1, " "1, " "1, " "1, " "1, " "1, " "1, " "1, " "1, " "1, " "1, " "1, " "1, " "1, " "1, " "1, " "1, " "1, " "1, " "1, " "1, " "1, " "1, " "1, " "1, " "1, " "1, " "1, " "1, " "1, " "1, " "1, " "1, " "1, " "1, " "1, " "1, " "1, " "1, " "1, " "1, " "1, " "1, " "1, " "1, " "1, " "1, " "1, " "1, " "1, " "1, " "1, " "1, " "1, " "1, " "1, " "1, " "1, " "1, " "1, " "1, " "1, " "1, " "1, " "1, " "1, " "1, " "1, " "1, " "1, " "1, " "1, " "1, " "1, " "1, " "1, " "1, " "1, " "1, " "1, " "1, " "1, " "1, " "1, " "1, " "1, " "1, " "1, " "1, " "1, " "1, " "1, " "1, " "1, " "1, " "1, " "1, " "1, " "1, " "1, " "1, " "1, " "1, " "1, " "1, " "1, " "1, " "1, " "1, " "1, " "1, " "1, " "1, " "1, " "1, " "1, " "1, " "1, " "1, " "1, " "1, " "1, " "1, " "1, " "1, " "1, " "1, " "1, " "1, " "1, " "1, " "1, " "1, " "1, " "1, " "1, " "1, " "1, " "1, " "1, " "1, " "1, " "1, " "1, " "1, " "1, " "1, " "1, " "1, " "1, " "1, " "1, " "1, " "1, " "1, " "1, " "1, " "1, " "1, " "1, " "1, " "1, " "1, " "1, " "1, " "0, " "1, " "1, " "1, " "1, " "1, " "1, " "1, " "1, " "1, " "1, " "1, " "1, " "1, " "1, " "1, " "1, " "1, " "1, " "1, " "1, " "1, " "1, " "1, " "1, " "1, " "1, " "1, " "1, " "1, " "1, " "1, " "1, " "1, " "1, " "1, " "1, " "1, " "1, " "1, " "1, " "1, " "1, " "1, " "1, " "1, " "1, " "1, " "1, " "1, " "1, " "1, " "1, " "1, " "1, " "1, "0
 "Nei202, 0.129, " "-0.117, " "1, " "1, " "1, " "1, " "1, " "1, " "1, " "1, " "1, " "1, " "1, " "1, " "1, " "1, " "1, " "1, " "1, " "1, " "1, " "1, " "1, " "1, " "1, " "1, " "1, " "1, " "1, " "1, " "1, " "1, " "1, " "1, " "1, " "1, " "1, " "1, " "1, " "1, " "1, " "1, " "1, " "1, " "1, " "1, " "1, " "1, " "1, " "1, " "1, " "1, " "1, " "1, " "1, " "1, " "1, " "1, " "1, " "1, " "1, " "1, " "1, " "1, " "1, " "1, " "1, " "1, " "1, " "1, " "1, " "1, " "1, " "1, " "1, " "1, " "1, " "1, " "1, " "1, " "1, " "1, " "1, " "1, " "1, " "1, " "1, " "1, " "1, " "1, " "1, " "1, " "1, " "1, " "1, " "1, " "1, " "1, " "1, " "1, " "1, " "1, " "1, " "1, " "1, " "1, " "1, " "1, " "1, " "1, " "1, " "1, " "1, " "1, " "1, " "1, " "1, " "1, " "1, " "1, " "1, " "1, " "1, " "1, " "1, " "1, " "1, " "1, " "1, " "1, " "1, " "1, " "1, " "1, " "1, " "1, " "1, " "1, " "1, " "1, " "1, " "1, " "1, " "1, " "1, " "1, " "1, " "1, " "1, " "1, " "1, " "1, " "1, " "1, " "1, " "1, " "1, " "1, " "1, " "1, " "1, " "1, " "1, " "1, " "1, " "1, " "1, " "1, " "1, " "1, " "1, " "1, " "1, " "1, " "1, " "1, " "1, " "1, " "1, " "1, " "1, " "1, " "1, " "1, " "1, " "1, " "1, " "1, " "1, " "1, " "1, " "1, " "1, " "1, " "1, " "1, " "1, " "1, " "1, " "1, " "1, " "1, " "1, " "1, " "0, " "1, " "1, " "1, " "1, " "1, " "1, " "1, " "1, " "1, " "1, " "1, " "1, " "1, " "1, " "1, " "1, " "1, " "1, " "1, " "1, " "1, " "1, " "1, " "1, " "1, " "1, " "1, " "1, " "1, " "1, " "1, " "1, " "1, " "1, " "1, " "1, " "1, " "1, " "1, " "1, " "1, " "1, " "1, " "1, " "1, " "1, " "1, " "1, " "1, " "1, " "1, " "1, " "1, " "1, "0
 "Nei203, 0.242, " "-0.487, " "1, " "1, " "1, " "1, " "1, " "1, " "1, " "1, " "1, " "1, " "1, " "1, " "1, " "1, " "1, " "1, " "1, " "1, " "1, " "1, " "1, " "1, " "1, " "1, " "1, " "1, " "1, " "1, " "1, " "1, " "1, " "1, " "1, " "1, " "1, " "1, " "1, " "1, " "1, " "1, " "1, " "1, " "1, " "1, " "1, " "1, " "1, " "1, " "1, " "1, " "1, " "1, " "1, " "1, " "1, " "1, " "1, " "1, " "1, " "1, " "1, " "1, " "1, " "1, " "1, " "1, " "1, " "1, " "1, " "1, " "1, " "1, " "1, " "1, " "1, " "1, " "1, " "1, " "1, " "1, " "1, " "1, " "1, " "1, " "1, " "1, " "1, " "1, " "1, " "1, " "1, " "1, " "1, " "1, " "1, " "1, " "1, " "1, " "1, " "1, " "1, " "1, " "1, " "1, " "1, " "1, " "1, " "1, " "1, " "1, " "1, " "1, " "1, " "1, " "1, " "1, " "1, " "1, " "1, " "1, " "1, " "1, " "1, " "1, " "1, " "1, " "1, " "1, " "1, " "1, " "1, " "1, " "1, " "1, " "1, " "1, " "1, " "1, " "1, " "1, " "1, " "1, " "1, " "1, " "1, " "1, " "1, " "1, " "1, " "1, " "1, " "1, " "1, " "1, " "1, " "1, " "1, " "1, " "1, " "1, " "1, " "1, " "1, " "1, " "1, " "1, " "1, " "1, " "1, " "1, " "1, " "1, " "1, " "1, " "1, " "1, " "1, " "1, " "1, " "1, " "1, " "1, " "1, " "1, " "1, " "1, " "1, " "1, " "1, " "1, " "1, " "1, " "1, " "1, " "1, " "1, " "1, " "1, " "1, " "1, " "1, " "1, " "1, " "0, " "1, " "1, " "1, " "1, " "1, " "1, " "1, " "1, " "1, " "1, " "1, " "1, " "1, " "1, " "1, " "1, " "1, " "1, " "1, " "1, " "1, " "1, " "1, " "1, " "1, " "1, " "1, " "1, " "1, " "1, " "1, " "1, " "1, " "1, " "1, " "1, " "1, " "1, " "1, " "1, " "1, " "1, " "1, " "1, " "1, " "1, " "1, " "1, " "1, " "1, " "1, " "1, " "1, "0
 "Nei204, 0.003, " "-0.401, " "1, " "1, " "1, " "1, " "1, " "1, " "1, " "1, " "1, " "1, " "1, " "1, " "1, " "1, " "1, " "1, " "1, " "1, " "1, " "1, " "1, " "1, " "1, " "1, " "1, " "1, " "1, " "1, " "1, " "1, " "1, " "1, " "1, " "1, " "1, " "1, " "1, " "1, " "1, " "1, " "1, " "1, " "1, " "1, " "1, " "1, " "1, " "1, " "1, " "1, " "1, " "1, " "1, " "1, " "1, " "1, " "1, " "1, " "1, " "1, " "1, " "1, " "1, " "1, " "1, " "1, " "1, " "1, " "1, " "1, " "1, " "1, " "1, " "1, " "1, " "1, " "1, " "1, " "1, " "1, " "1, " "1, " "1, " "1, " "1, " "1, " "1, " "1, " "1, " "1, " "1, " "1, " "1, " "1, " "1, " "1, " "1, " "1, " "1, " "1, " "1, " "1, " "1, " "1, " "1, " "1, " "1, " "1, " "1, " "1, " "1, " "1, " "1, " "1, " "1, " "1, " "1, " "1, " "1, " "1, " "1, " "1, " "1, " "1, " "1, " "1, " "1, " "1, " "1, " "1, " "1, " "1, " "1, " "1, " "1, " "1, " "1, " "1, " "1, " "1, " "1, " "1, " "1, " "1, " "1, " "1, " "1, " "1, " "1, " "1, " "1, " "1, " "1, " "1, " "1, " "1, " "1, " "1, " "1, " "1, " "1, " "1, " "1, " "1, " "1, " "1, " "1, " "1, " "1, " "1, " "1, " "1, " "1, " "1, " "1, " "1, " "1, " "1, " "1, " "1, " "1, " "1, " "1, " "1, " "1, " "1, " "1, " "1, " "1, " "1, " "1, " "1, " "1, " "1, " "1, " "1, " "1, " "1, " "1, " "1, " "1, " "1, " "1, " "1, " "0, " "1, " "1, " "1, " "1, " "1, " "1, " "1, " "1, " "1, " "1, " "1, " "1, " "1, " "1, " "1, " "1, " "1, " "1, " "1, " "1, " "1, " "1, " "1, " "1, " "1, " "1, " "1, " "1, " "1, " "1, " "1, " "1, " "1, " "1, " "1, " "1, " "1, " "1, " "1, " "1, " "1, " "1, " "1, " "1, " "1, " "1, " "1, " "1, " "1, " "1, " "1, " "1, "0
 "Nei205, 0.539, " "-0.609, " "1, " "1, " "1, " "1, " "1, " "1, " "1, " "1, " "1, " "1, " "1, " "1, " "1, " "1, " "1, " "1, " "1, " "1, " "1, " "1, " "1, " "1, " "1, " "1, " "1, " "1, " "1, " "1, " "1, " "1, " "1, " "1, " "1, " "1, " "1, " "1, " "1, " "1, " "1, " "1, " "1, " "1, " "1, " "1, " "1, " "1, " "1, " "1, " "1, " "1, " "1, " "1, " "1, " "1, " "1, " "1, " "1, " "1, " "1, " "1, " "1, " "1, " "1, " "1, " "1, " "1, " "1, " "1, " "1, " "1, " "1, " "1, " "1, " "1, " "1, " "1, " "1, " "1, " "1, " "1, " "1, " "1, " "1, " "1, " "1, " "1, " "1, " "1, " "1, " "1, " "1, " "1, " "1, " "1, " "1, " "1, " "1, " "1, " "1, " "1, " "1, " "1, " "1, " "1, " "1, " "1, " "1, " "1, " "1, " "1, " "1, " "1, " "1, " "1, " "1, " "1, " "1, " "1, " "1, " "1, " "1, " "1, " "1, " "1, " "1, " "1, " "1, " "1, " "1, " "1, " "1, " "1, " "1, " "1, " "1, " "1, " "1, " "1, " "1, " "1, " "1, " "1, " "1, " "1, " "1, " "1, " "1, " "1, " "1, " "1, " "1, " "1, " "1, " "1, " "1, " "1, " "1, " "1, " "1, " "1, " "1, " "1, " "1, " "1, " "1, " "1, " "1, " "1, " "1, " "1, " "1, " "1, " "1, " "1, " "1, " "1, " "1, " "1, " "1, " "1, " "1, " "1, " "1, " "1, " "1, " "1, " "1, " "1, " "1, " "1, " "1, " "1, " "1, " "1, " "1, " "1, " "1, " "1, " "1, " "1, " "1, " "1, " "1, " "1, " "1, " "0, " "1, " "1, " "1, " "1, " "1, " "1, " "1, " "1, " "1, " "1, " "1, " "1, " "1, " "1, " "1, " "1, " "1, " "1, " "1, " "1, " "1, " "1, " "1, " "1, " "1, " "1, " "1, " "1, " "1, " "1, " "1, " "1, " "1, " "1, " "1, " "1, " "1, " "1, " "1, " "1, " "1, " "1, " "1, " "1, " "1, " "1, " "1, " "1, " "1, " "1, " "1, "0
 "Nei206, 0.267, " "-0.881, " "1, " "1, " "1, " "1, " "1, " "1, " "1, " "1, " "1, " "1, " "1, " "1, " "1, " "1, " "1, " "1, " "1, " "1, " "1, " "1, " "1, " "1, " "1, " "1, " "1, " "1, " "1, " "1, " "1, " "1, " "1, " "1, " "1, " "1, " "1, " "1, " "1, " "1, " "1, " "1, " "1, " "1, " "1, " "1, " "1, " "1, " "1, " "1, " "1, " "1, " "1, " "1, " "1, " "1, " "1, " "1, " "1, " "1, " "1, " "1, " "1, " "1, " "1, " "1, " "1, " "1, " "1, " "1, " "1, " "1, " "1, " "1, " "1, " "1, " "1, " "1, " "1, " "1, " "1, " "1, " "1, " "1, " "1, " "1, " "1, " "1, " "1, " "1, " "1, " "1, " "1, " "1, " "1, " "1, " "1, " "1, " "1, " "1, " "1, " "1, " "1, " "1, " "1, " "1, " "1, " "1, " "1, " "1, " "1, " "1, " "1, " "1, " "1, " "1, " "1, " "1, " "1, " "1, " "1, " "1, " "1, " "1, " "1, " "1, " "1, " "1, " "1, " "1, " "1, " "1, " "1, " "1, " "1, " "1, " "1, " "1, " "1, " "1, " "1, " "1, " "1, " "1, " "1, " "1, " "1, " "1, " "1, " "1, " "1, " "1, " "1, " "1, " "1, " "1, " "1, " "1, " "1, " "1, " "1, " "1, " "1, " "1, " "1, " "1, " "1, " "1, " "1, " "1, " "1, " "1, " "1, " "1, " "1, " "1, " "1, " "1, " "1, " "1, " "1, " "1, " "1, " "1, " "1, " "1, " "1, " "1, " "1, " "1, " "1, " "1, " "1, " "1, " "1, " "1, " "1, " "1, " "1, " "1, " "1, " "1, " "1, " "1, " "1, " "1, " "1, " "1, " "0, " "1, " "1, " "1, " "1, " "1, " "1, " "1, " "1, " "1, " "1, " "1, " "1, " "1, " "1, " "1, " "1, " "1, " "1, " "1, " "1, " "1, " "1, " "1, " "1, " "1, " "1, " "1, " "1, " "1, " "1, " "1, " "1, " "1, " "1, " "1, " "1, " "1, " "1, " "1, " "1, " "1, " "1, " "1, " "1, " "1, " "1, " "1, " "1, " "1, " "1, "0
 "Nei207, 0.386, " "0.598, " "1, " "1, " "1, " "1, " "1, " "1, " "1, " "1, " "1, " "1, " "1, " "1, " "1, " "1, " "1, " "1, " "1, " "1, " "1, " "1, " "1, " "1, " "1, " "1, " "1, " "1, " "1, " "1, " "1, " "1, " "1, " "1, " "1, " "1, " "1, " "1, " "1, " "1, " "1, " "1, " "1, " "1, " "1, " "1, " "1, " "1, " "1, " "1, " "1, " "1, " "1, " "1, " "1, " "1, " "1, " "1, " "1, " "1, " "1, " "1, " "1, " "1, " "1, " "1, " "1, " "1, " "1, " "1, " "1, " "1, " "1, " "1, " "1, " "1, " "1, " "1, " "1, " "1, " "1, " "1, " "1, " "1, " "1, " "1, " "1, " "1, " "1, " "1, " "1, " "1, " "1, " "1, " "1, " "1, " "1, " "1, " "1, " "1, " "1, " "1, " "1, " "1, " "1, " "1, " "1, " "1, " "1, " "1, " "1, " "1, " "1, " "1, " "1, " "1, " "1, " "1, " "1, " "1, " "1, " "1, " "1, " "1, " "1, " "1, " "1, " "1, " "1, " "1, " "1, " "1, " "1, " "1, " "1, " "1, " "1, " "1, " "1, " "1, " "1, " "1, " "1, " "1, " "1, " "1, " "1, " "1, " "1, " "1, " "1, " "1, " "1, " "1, " "1, " "1, " "1, " "1, " "1, " "1, " "1, " "1, " "1, " "1, " "1, " "1, " "1, " "1, " "1, " "1, " "1, " "1, " "1, " "1, " "1, " "1, " "1, " "1, " "1, " "1, " "1, " "1, " "1, " "1, " "1, " "1, " "1, " "1, " "1, " "1, " "1, " "1, " "1, " "1, " "1, " "1, " "1, " "1, " "1, " "1, " "1, " "1, " "1, " "1, " "1, " "1, " "1, " "1, " "1, " "0, " "1, " "1, " "1, " "1, " "1, " "1, " "1, " "1, " "1, " "1, " "1, " "1, " "1, " "1, " "1, " "1, " "1, " "1, " "1, " "1, " "1, " "1, " "1, " "1, " "1, " "1, " "1, " "1, " "1, " "1, " "1, " "1, " "1, " "1, " "1, " "1, " "1, " "1, " "1, " "1, " "1, " "1, " "1, " "1, " "1, " "1, " "1, " "1, " "1, "0
 "Nei208, 0.557, " "0.651, " "1, " "1, " "1, " "1, " "1, " "1, " "1, " "1, " "1, " "1, " "1, " "1, " "1, " "1, " "1, " "1, " "1, " "1, " "1, " "1, " "1, " "1, " "1, " "1, " "1, " "1, " "1, " "1, " "1, " "1, " "1, " "1, " "1, " "1, " "1, " "1, " "1, " "1, " "1, " "1, " "1, " "1, " "1, " "1, " "1, " "1, " "1, " "1, " "1, " "1, " "1, " "1, " "1, " "1, " "1, " "1, " "1, " "1, " "1, " "1, " "1, " "1, " "1, " "1, " "1, " "1, " "1, " "1, " "1, " "1, " "1, " "1, " "1, " "1, " "1, " "1, " "1, " "1, " "1, " "1, " "1, " "1, " "1, " "1, " "1, " "1, " "1, " "1, " "1, " "1, " "1, " "1, " "1, " "1, " "1, " "1, " "1, " "1, " "1, " "1, " "1, " "1, " "1, " "1, " "1, " "1, " "1, " "1, " "1, " "1, " "1, " "1, " "1, " "1, " "1, " "1, " "1, " "1, " "1, " "1, " "1, " "1, " "1, " "1, " "1, " "1, " "1, " "1, " "1, " "1, " "1, " "1, " "1, " "1, " "1, " "1, " "1, " "1, " "1, " "1, " "1, " "1, " "1, " "1, " "1, " "1, " "1, " "1, " "1, " "1, " "1, " "1, " "1, " "1, " "1, " "1, " "1, " "1, " "1, " "1, " "1, " "1, " "1, " "1, " "1, " "1, " "1, " "1, " "1, " "1, " "1, " "1, " "1, " "1, " "1, " "1, " "1, " "1, " "1, " "1, " "1, " "1, " "1, " "1, " "1, " "1, " "1, " "1, " "1, " "1, " "1, " "1, " "1, " "1, " "1, " "1, " "1, " "1, " "1, " "1, " "1, " "1, " "1, " "1, " "1, " "1, " "1, " "1, " "0, " "1, " "1, " "1, " "1, " "1, " "1, " "1, " "1, " "1, " "1, " "1, " "1, " "1, " "1, " "1, " "1, " "1, " "1, " "1, " "1, " "1, " "1, " "1, " "1, " "1, " "1, " "1, " "1, " "1, " "1, " "1, " "1, " "1, " "1, " "1, " "1, " "1, " "1, " "1, " "1, " "1, " "1, " "1, " "1, " "1, " "1, " "1, " "1, "0
 "Nei209, 0.45, " "0.177, " "1, " "1, " "1, " "1, " "1, " "1, " "1, " "1, " "1, " "1, " "1, " "1, " "1, " "1, " "1, " "1, " "1, " "1, " "1, " "1, " "1, " "1, " "1, " "1, " "1, " "1, " "1, " "1, " "1, " "1, " "1, " "1, " "1, " "1, " "1, " "1, " "1, " "1, " "1, " "1, " "1, " "1, " "1, " "1, " "1, " "1, " "1, " "1, " "1, " "1, " "1, " "1, " "1, " "1, " "1, " "1, " "1, " "1, " "1, " "1, " "1, " "1, " "1, " "1, " "1, " "1, " "1, " "1, " "1, " "1, " "1, " "1, " "1, " "1, " "1, " "1, " "1, " "1, " "1, " "1, " "1, " "1, " "1, " "1, " "1, " "1, " "1, " "1, " "1, " "1, " "1, " "1, " "1, " "1, " "1, " "1, " "1, " "1, " "1, " "1, " "1, " "1, " "1, " "1, " "1, " "1, " "1, " "1, " "1, " "1, " "1, " "1, " "1, " "1, " "1, " "1, " "1, " "1, " "1, " "1, " "1, " "1, " "1, " "1, " "1, " "1, " "1, " "1, " "1, " "1, " "1, " "1, " "1, " "1, " "1, " "1, " "1, " "1, " "1, " "1, " "1, " "1, " "1, " "1, " "1, " "1, " "1, " "1, " "1, " "1, " "1, " "1, " "1, " "1, " "1, " "1, " "1, " "1, " "1, " "1, " "1, " "1, " "1, " "1, " "1, " "1, " "1, " "1, " "1, " "1, " "1, " "1, " "1, " "1, " "1, " "1, " "1, " "1, " "1, " "1, " "1, " "1, " "1, " "1, " "1, " "1, " "1, " "1, " "1, " "1, " "1, " "1, " "1, " "1, " "1, " "1, " "1, " "1, " "1, " "1, " "1, " "1, " "1, " "1, " "1, " "1, " "1, " "1, " "1, " "0, " "1, " "1, " "1, " "1, " "1, " "1, " "1, " "1, " "1, " "1, " "1, " "1, " "1, " "1, " "1, " "1, " "1, " "1, " "1, " "1, " "1, " "1, " "1, " "1, " "1, " "1, " "1, " "1, " "1, " "1, " "1, " "1, " "1, " "1, " "1, " "1, " "1, " "1, " "1, " "1, " "1, " "1, " "1, " "1, " "1, " "1, " "1, "0
 "Nei210, 0.554, " "0.184, " "1, " "1, " "1, " "1, " "1, " "1, " "1, " "1, " "1, " "1, " "1, " "1, " "1, " "1, " "1, " "1, " "1, " "1, " "1, " "1, " "1, " "1, " "1, " "1, " "1, " "1, " "1, " "1, " "1, " "1, " "1, " "1, " "1, " "1, " "1, " "1, " "1, " "1, " "1, " "1, " "1, " "1, " "1, " "1, " "1, " "1, " "1, " "1, " "1, " "1, " "1, " "1, " "1, " "1, " "1, " "1, " "1, " "1, " "1, " "1, " "1, " "1, " "1, " "1, " "1, " "1, " "1, " "1, " "1, " "1, " "1, " "1, " "1, " "1, " "1, " "1, " "1, " "1, " "1, " "1, " "1, " "1, " "1, " "1, " "1, " "1, " "1, " "1, " "1, " "1, " "1, " "1, " "1, " "1, " "1, " "1, " "1, " "1, " "1, " "1, " "1, " "1, " "1, " "1, " "1, " "1, " "1, " "1, " "1, " "1, " "1, " "1, " "1, " "1, " "1, " "1, " "1, " "1, " "1, " "1, " "1, " "1, " "1, " "1, " "1, " "1, " "1, " "1, " "1, " "1, " "1, " "1, " "1, " "1, " "1, " "1, " "1, " "1, " "1, " "1, " "1, " "1, " "1, " "1, " "1, " "1, " "1, " "1, " "1, " "1, " "1, " "1, " "1, " "1, " "1, " "1, " "1, " "1, " "1, " "1, " "1, " "1, " "1, " "1, " "1, " "1, " "1, " "1, " "1, " "1, " "1, " "1, " "1, " "1, " "1, " "1, " "1, " "1, " "1, " "1, " "1, " "1, " "1, " "1, " "1, " "1, " "1, " "1, " "1, " "1, " "1, " "1, " "1, " "1, " "1, " "1, " "1, " "1, " "1, " "1, " "1, " "1, " "1, " "1, " "1, " "1, " "1, " "1, " "1, " "1, " "0, " "1, " "1, " "1, " "1, " "1, " "1, " "1, " "1, " "1, " "1, " "1, " "1, " "1, " "1, " "1, " "1, " "1, " "1, " "1, " "1, " "1, " "1, " "1, " "1, " "1, " "1, " "1, " "1, " "1, " "1, " "1, " "1, " "1, " "1, " "1, " "1, " "1, " "1, " "1, " "1, " "1, " "1, " "1, " "1, " "1, " "1, "0
 "Nei211, 0.534, " "0.46, " "1, " "1, " "1, " "1, " "1, " "1, " "1, " "1, " "1, " "1, " "1, " "1, " "1, " "1, " "1, " "1, " "1, " "1, " "1, " "1, " "1, " "1, " "1, " "1, " "1, " "1, " "1, " "1, " "1, " "1, " "1, " "1, " "1, " "1, " "1, " "1, " "1, " "1, " "1, " "1, " "1, " "1, " "1, " "1, " "1, " "1, " "1, " "1, " "1, " "1, " "1, " "1, " "1, " "1, " "1, " "1, " "1, " "1, " "1, " "1, " "1, " "1, " "1, " "1, " "1, " "1, " "1, " "1, " "1, " "1, " "1, " "1, " "1, " "1, " "1, " "1, " "1, " "1, " "1, " "1, " "1, " "1, " "1, " "1, " "1, " "1, " "1, " "1, " "1, " "1, " "1, " "1, " "1, " "1, " "1, " "1, " "1, " "1, " "1, " "1, " "1, " "1, " "1, " "1, " "1, " "1, " "1, " "1, " "1, " "1, " "1, " "1, " "1, " "1, " "1, " "1, " "1, " "1, " "1, " "1, " "1, " "1, " "1, " "1, " "1, " "1, " "1, " "1, " "1, " "1, " "1, " "1, " "1, " "1, " "1, " "1, " "1, " "1, " "1, " "1, " "1, " "1, " "1, " "1, " "1, " "1, " "1, " "1, " "1, " "1, " "1, " "1, " "1, " "1, " "1, " "1, " "1, " "1, " "1, " "1, " "1, " "1, " "1, " "1, " "1, " "1, " "1, " "1, " "1, " "1, " "1, " "1, " "1, " "1, " "1, " "1, " "1, " "1, " "1, " "1, " "1, " "1, " "1, " "1, " "1, " "1, " "1, " "1, " "1, " "1, " "1, " "1, " "1, " "1, " "1, " "1, " "1, " "1, " "1, " "1, " "1, " "1, " "1, " "1, " "1, " "1, " "1, " "1, " "1, " "1, " "1, " "0, " "1, " "1, " "1, " "1, " "1, " "1, " "1, " "1, " "1, " "1, " "1, " "1, " "1, " "1, " "1, " "1, " "1, " "1, " "1, " "1, " "1, " "1, " "1, " "1, " "1, " "1, " "1, " "1, " "1, " "1, " "1, " "1, " "1, " "1, " "1, " "1, " "1, " "1, " "1, " "1, " "1, " "1, " "1, " "1, " "1, "0
 "Nei212, 0.012, " "-0.287, " "1, " "1, " "1, " "1, " "1, " "1, " "1, " "1, " "1, " "1, " "1, " "1, " "1, " "1, " "1, " "1, " "1, " "1, " "1, " "1, " "1, " "1, " "1, " "1, " "1, " "1, " "1, " "1, " "1, " "1, " "1, " "1, " "1, " "1, " "1, " "1, " "1, " "1, " "1, " "1, " "1, " "1, " "1, " "1, " "1, " "1, " "1, " "1, " "1, " "1, " "1, " "1, " "1, " "1, " "1, " "1, " "1, " "1, " "1, " "1, " "1, " "1, " "1, " "1, " "1, " "1, " "1, " "1, " "1, " "1, " "1, " "1, " "1, " "1, " "1, " "1, " "1, " "1, " "1, " "1, " "1, " "1, " "1, " "1, " "1, " "1, " "1, " "1, " "1, " "1, " "1, " "1, " "1, " "1, " "1, " "1, " "1, " "1, " "1, " "1, " "1, " "1, " "1, " "1, " "1, " "1, " "1, " "1, " "1, " "1, " "1, " "1, " "1, " "1, " "1, " "1, " "1, " "1, " "1, " "1, " "1, " "1, " "1, " "1, " "1, " "1, " "1, " "1, " "1, " "1, " "1, " "1, " "1, " "1, " "1, " "1, " "1, " "1, " "1, " "1, " "1, " "1, " "1, " "1, " "1, " "1, " "1, " "1, " "1, " "1, " "1, " "1, " "1, " "1, " "1, " "1, " "1, " "1, " "1, " "1, " "1, " "1, " "1, " "1, " "1, " "1, " "1, " "1, " "1, " "1, " "1, " "1, " "1, " "1, " "1, " "1, " "1, " "1, " "1, " "1, " "1, " "1, " "1, " "1, " "1, " "1, " "1, " "1, " "1, " "1, " "1, " "1, " "1, " "1, " "1, " "1, " "1, " "1, " "1, " "1, " "1, " "1, " "1, " "1, " "1, " "1, " "1, " "1, " "1, " "1, " "1, " "1, " "0, " "1, " "1, " "1, " "1, " "1, " "1, " "1, " "1, " "1, " "1, " "1, " "1, " "1, " "1, " "1, " "1, " "1, " "1, " "1, " "1, " "1, " "1, " "1, " "1, " "1, " "1, " "1, " "1, " "1, " "1, " "1, " "1, " "1, " "1, " "1, " "1, " "1, " "1, " "1, " "1, " "1, " "1, " "1, " "1, "0
 "Nei213, 0.537, " "-0.732, " "1, " "1, " "1, " "1, " "1, " "1, " "1, " "1, " "1, " "1, " "1, " "1, " "1, " "1, " "1, " "1, " "1, " "1, " "1, " "1, " "1, " "1, " "1, " "1, " "1, " "1, " "1, " "1, " "1, " "1, " "1, " "1, " "1, " "1, " "1, " "1, " "1, " "1, " "1, " "1, " "1, " "1, " "1, " "1, " "1, " "1, " "1, " "1, " "1, " "1, " "1, " "1, " "1, " "1, " "1, " "1, " "1, " "1, " "1, " "1, " "1, " "1, " "1, " "1, " "1, " "1, " "1, " "1, " "1, " "1, " "1, " "1, " "1, " "1, " "1, " "1, " "1, " "1, " "1, " "1, " "1, " "1, " "1, " "1, " "1, " "1, " "1, " "1, " "1, " "1, " "1, " "1, " "1, " "1, " "1, " "1, " "1, " "1, " "1, " "1, " "1, " "1, " "1, " "1, " "1, " "1, " "1, " "1, " "1, " "1, " "1, " "1, " "1, " "1, " "1, " "1, " "1, " "1, " "1, " "1, " "1, " "1, " "1, " "1, " "1, " "1, " "1, " "1, " "1, " "1, " "1, " "1, " "1, " "1, " "1, " "1, " "1, " "1, " "1, " "1, " "1, " "1, " "1, " "1, " "1, " "1, " "1, " "1, " "1, " "1, " "1, " "1, " "1, " "1, " "1, " "1, " "1, " "1, " "1, " "1, " "1, " "1, " "1, " "1, " "1, " "1, " "1, " "1, " "1, " "1, " "1, " "1, " "1, " "1, " "1, " "1, " "1, " "1, " "1, " "1, " "1, " "1, " "1, " "1, " "1, " "1, " "1, " "1, " "1, " "1, " "1, " "1, " "1, " "1, " "1, " "1, " "1, " "1, " "1, " "1, " "1, " "1, " "1, " "1, " "1, " "1, " "1, " "1, " "1, " "1, " "1, " "1, " "1, " "0, " "1, " "1, " "1, " "1, " "1, " "1, " "1, " "1, " "1, " "1, " "1, " "1, " "1, " "1, " "1, " "1, " "1, " "1, " "1, " "1, " "1, " "1, " "1, " "1, " "1, " "1, " "1, " "1, " "1, " "1, " "1, " "1, " "1, " "1, " "1, " "1, " "1, " "1, " "1, " "1, " "1, " "1, " "1, "0
 "Nei214, 0.046, " "0.16, " "1, " "1, " "1, " "1, " "1, " "1, " "1, " "1, " "1, " "1, " "1, " "1, " "1, " "1, " "1, " "1, " "1, " "1, " "1, " "1, " "1, " "1, " "1, " "1, " "1, " "1, " "1, " "1, " "1, " "1, " "1, " "1, " "1, " "1, " "1, " "1, " "1, " "1, " "1, " "1, " "1, " "1, " "1, " "1, " "1, " "1, " "1, " "1, " "1, " "1, " "1, " "1, " "1, " "1, " "1, " "1, " "1, " "1, " "1, " "1, " "1, " "1, " "1, " "1, " "1, " "1, " "1, " "1, " "1, " "1, " "1, " "1, " "1, " "1, " "1, " "1, " "1, " "1, " "1, " "1, " "1, " "1, " "1, " "1, " "1, " "1, " "1, " "1, " "1, " "1, " "1, " "1, " "1, " "1, " "1, " "1, " "1, " "1, " "1, " "1, " "1, " "1, " "1, " "1, " "1, " "1, " "1, " "1, " "1, " "1, " "1, " "1, " "1, " "1, " "1, " "1, " "1, " "1, " "1, " "1, " "1, " "1, " "1, " "1, " "1, " "1, " "1, " "1, " "1, " "1, " "1, " "1, " "1, " "1, " "1, " "1, " "1, " "1, " "1, " "1, " "1, " "1, " "1, " "1, " "1, " "1, " "1, " "1, " "1, " "1, " "1, " "1, " "1, " "1, " "1, " "1, " "1, " "1, " "1, " "1, " "1, " "1, " "1, " "1, " "1, " "1, " "1, " "1, " "1, " "1, " "1, " "1, " "1, " "1, " "1, " "1, " "1, " "1, " "1, " "1, " "1, " "1, " "1, " "1, " "1, " "1, " "1, " "1, " "1, " "1, " "1, " "1, " "1, " "1, " "1, " "1, " "1, " "1, " "1, " "1, " "1, " "1, " "1, " "1, " "1, " "1, " "1, " "1, " "1, " "1, " "1, " "1, " "1, " "1, " "0, " "1, " "1, " "1, " "1, " "1, " "1, " "1, " "1, " "1, " "1, " "1, " "1, " "1, " "1, " "1, " "1, " "1, " "1, " "1, " "1, " "1, " "1, " "1, " "1, " "1, " "1, " "1, " "1, " "1, " "1, " "1, " "1, " "1, " "1, " "1, " "1, " "1, " "1, " "1, " "1, " "1, " "1, "0
 "Nei215, 0.342, " "-0.303, " "1, " "1, " "1, " "1, " "1, " "1, " "1, " "1, " "1, " "1, " "1, " "1, " "1, " "1, " "1, " "1, " "1, " "1, " "1, " "1, " "1, " "1, " "1, " "1, " "1, " "1, " "1, " "1, " "1, " "1, " "1, " "1, " "1, " "1, " "1, " "1, " "1, " "1, " "1, " "1, " "1, " "1, " "1, " "1, " "1, " "1, " "1, " "1, " "1, " "1, " "1, " "1, " "1, " "1, " "1, " "1, " "1, " "1, " "1, " "1, " "1, " "1, " "1, " "1, " "1, " "1, " "1, " "1, " "1, " "1, " "1, " "1, " "1, " "1, " "1, " "1, " "1, " "1, " "1, " "1, " "1, " "1, " "1, " "1, " "1, " "1, " "1, " "1, " "1, " "1, " "1, " "1, " "1, " "1, " "1, " "1, " "1, " "1, " "1, " "1, " "1, " "1, " "1, " "1, " "1, " "1, " "1, " "1, " "1, " "1, " "1, " "1, " "1, " "1, " "1, " "1, " "1, " "1, " "1, " "1, " "1, " "1, " "1, " "1, " "1, " "1, " "1, " "1, " "1, " "1, " "1, " "1, " "1, " "1, " "1, " "1, " "1, " "1, " "1, " "1, " "1, " "1, " "1, " "1, " "1, " "1, " "1, " "1, " "1, " "1, " "1, " "1, " "1, " "1, " "1, " "1, " "1, " "1, " "1, " "1, " "1, " "1, " "1, " "1, " "1, " "1, " "1, " "1, " "1, " "1, " "1, " "1, " "1, " "1, " "1, " "1, " "1, " "1, " "1, " "1, " "1, " "1, " "1, " "1, " "1, " "1, " "1, " "1, " "1, " "1, " "1, " "1, " "1, " "1, " "1, " "1, " "1, " "1, " "1, " "1, " "1, " "1, " "1, " "1, " "1, " "1, " "1, " "1, " "1, " "1, " "1, " "1, " "1, " "1, " "1, " "0, " "1, " "1, " "1, " "1, " "1, " "1, " "1, " "1, " "1, " "1, " "1, " "1, " "1, " "1, " "1, " "1, " "1, " "1, " "1, " "1, " "1, " "1, " "1, " "1, " "1, " "1, " "1, " "1, " "1, " "1, " "1, " "1, " "1, " "1, " "1, " "1, " "1, " "1, " "1, " "1, " "1, "0
 "Nei216, 0.307, " "-0.743, " "1, " "1, " "1, " "1, " "1, " "1, " "1, " "1, " "1, " "1, " "1, " "1, " "1, " "1, " "1, " "1, " "1, " "1, " "1, " "1, " "1, " "1, " "1, " "1, " "1, " "1, " "1, " "1, " "1, " "1, " "1, " "1, " "1, " "1, " "1, " "1, " "1, " "1, " "1, " "1, " "1, " "1, " "1, " "1, " "1, " "1, " "1, " "1, " "1, " "1, " "1, " "1, " "1, " "1, " "1, " "1, " "1, " "1, " "1, " "1, " "1, " "1, " "1, " "1, " "1, " "1, " "1, " "1, " "1, " "1, " "1, " "1, " "1, " "1, " "1, " "1, " "1, " "1, " "1, " "1, " "1, " "1, " "1, " "1, " "1, " "1, " "1, " "1, " "1, " "1, " "1, " "1, " "1, " "1, " "1, " "1, " "1, " "1, " "1, " "1, " "1, " "1, " "1, " "1, " "1, " "1, " "1, " "1, " "1, " "1, " "1, " "1, " "1, " "1, " "1, " "1, " "1, " "1, " "1, " "1, " "1, " "1, " "1, " "1, " "1, " "1, " "1, " "1, " "1, " "1, " "1, " "1, " "1, " "1, " "1, " "1, " "1, " "1, " "1, " "1, " "1, " "1, " "1, " "1, " "1, " "1, " "1, " "1, " "1, " "1, " "1, " "1, " "1, " "1, " "1, " "1, " "1, " "1, " "1, " "1, " "1, " "1, " "1, " "1, " "1, " "1, " "1, " "1, " "1, " "1, " "1, " "1, " "1, " "1, " "1, " "1, " "1, " "1, " "1, " "1, " "1, " "1, " "1, " "1, " "1, " "1, " "1, " "1, " "1, " "1, " "1, " "1, " "1, " "1, " "1, " "1, " "1, " "1, " "1, " "1, " "1, " "1, " "1, " "1, " "1, " "1, " "1, " "1, " "1, " "1, " "1, " "1, " "1, " "1, " "1, " "1, " "0, " "1, " "1, " "1, " "1, " "1, " "1, " "1, " "1, " "1, " "1, " "1, " "1, " "1, " "1, " "1, " "1, " "1, " "1, " "1, " "1, " "1, " "1, " "1, " "1, " "1, " "1, " "1, " "1, " "1, " "1, " "1, " "1, " "1, " "1, " "1, " "1, " "1, " "1, " "1, " "1, "0
 "Nei217, 0.35, " "-0.235, " "1, " "1, " "1, " "1, " "1, " "1, " "1, " "1, " "1, " "1, " "1, " "1, " "1, " "1, " "1, " "1, " "1, " "1, " "1, " "1, " "1, " "1, " "1, " "1, " "1, " "1, " "1, " "1, " "1, " "1, " "1, " "1, " "1, " "1, " "1, " "1, " "1, " "1, " "1, " "1, " "1, " "1, " "1, " "1, " "1, " "1, " "1, " "1, " "1, " "1, " "1, " "1, " "1, " "1, " "1, " "1, " "1, " "1, " "1, " "1, " "1, " "1, " "1, " "1, " "1, " "1, " "1, " "1, " "1, " "1, " "1, " "1, " "1, " "1, " "1, " "1, " "1, " "1, " "1, " "1, " "1, " "1, " "1, " "1, " "1, " "1, " "1, " "1, " "1, " "1, " "1, " "1, " "1, " "1, " "1, " "1, " "1, " "1, " "1, " "1, " "1, " "1, " "1, " "1, " "1, " "1, " "1, " "1, " "1, " "1, " "1, " "1, " "1, " "1, " "1, " "1, " "1, " "1, " "1, " "1, " "1, " "1, " "1, " "1, " "1, " "1, " "1, " "1, " "1, " "1, " "1, " "1, " "1, " "1, " "1, " "1, " "1, " "1, " "1, " "1, " "1, " "1, " "1, " "1, " "1, " "1, " "1, " "1, " "1, " "1, " "1, " "1, " "1, " "1, " "1, " "1, " "1, " "1, " "1, " "1, " "1, " "1, " "1, " "1, " "1, " "1, " "1, " "1, " "1, " "1, " "1, " "1, " "1, " "1, " "1, " "1, " "1, " "1, " "1, " "1, " "1, " "1, " "1, " "1, " "1, " "1, " "1, " "1, " "1, " "1, " "1, " "1, " "1, " "1, " "1, " "1, " "1, " "1, " "1, " "1, " "1, " "1, " "1, " "1, " "1, " "1, " "1, " "1, " "1, " "1, " "1, " "1, " "1, " "1, " "1, " "1, " "1, " "0, " "1, " "1, " "1, " "1, " "1, " "1, " "1, " "1, " "1, " "1, " "1, " "1, " "1, " "1, " "1, " "1, " "1, " "1, " "1, " "1, " "1, " "1, " "1, " "1, " "1, " "1, " "1, " "1, " "1, " "1, " "1, " "1, " "1, " "1, " "1, " "1, " "1, " "1, " "1, "0
 "Nei218, 0.333, " "-0.206, " "1, " "1, " "1, " "1, " "1, " "1, " "1, " "1, " "1, " "1, " "1, " "1, " "1, " "1, " "1, " "1, " "1, " "1, " "1, " "1, " "1, " "1, " "1, " "1, " "1, " "1, " "1, " "1, " "1, " "1, " "1, " "1, " "1, " "1, " "1, " "1, " "1, " "1, " "1, " "1, " "1, " "1, " "1, " "1, " "1, " "1, " "1, " "1, " "1, " "1, " "1, " "1, " "1, " "1, " "1, " "1, " "1, " "1, " "1, " "1, " "1, " "1, " "1, " "1, " "1, " "1, " "1, " "1, " "1, " "1, " "1, " "1, " "1, " "1, " "1, " "1, " "1, " "1, " "1, " "1, " "1, " "1, " "1, " "1, " "1, " "1, " "1, " "1, " "1, " "1, " "1, " "1, " "1, " "1, " "1, " "1, " "1, " "1, " "1, " "1, " "1, " "1, " "1, " "1, " "1, " "1, " "1, " "1, " "1, " "1, " "1, " "1, " "1, " "1, " "1, " "1, " "1, " "1, " "1, " "1, " "1, " "1, " "1, " "1, " "1, " "1, " "1, " "1, " "1, " "1, " "1, " "1, " "1, " "1, " "1, " "1, " "1, " "1, " "1, " "1, " "1, " "1, " "1, " "1, " "1, " "1, " "1, " "1, " "1, " "1, " "1, " "1, " "1, " "1, " "1, " "1, " "1, " "1, " "1, " "1, " "1, " "1, " "1, " "1, " "1, " "1, " "1, " "1, " "1, " "1, " "1, " "1, " "1, " "1, " "1, " "1, " "1, " "1, " "1, " "1, " "1, " "1, " "1, " "1, " "1, " "1, " "1, " "1, " "1, " "1, " "1, " "1, " "1, " "1, " "1, " "1, " "1, " "1, " "1, " "1, " "1, " "1, " "1, " "1, " "1, " "1, " "1, " "1, " "1, " "1, " "1, " "1, " "1, " "1, " "1, " "1, " "1, " "1, " "0, " "1, " "1, " "1, " "1, " "1, " "1, " "1, " "1, " "1, " "1, " "1, " "1, " "1, " "1, " "1, " "1, " "1, " "1, " "1, " "1, " "1, " "1, " "1, " "1, " "1, " "1, " "1, " "1, " "1, " "1, " "1, " "1, " "1, " "1, " "1, " "1, " "1, " "1, "0
 "Nei219, 0.165, " "0.657, " "1, " "1, " "1, " "1, " "1, " "1, " "1, " "1, " "1, " "1, " "1, " "1, " "1, " "1, " "1, " "1, " "1, " "1, " "1, " "1, " "1, " "1, " "1, " "1, " "1, " "1, " "1, " "1, " "1, " "1, " "1, " "1, " "1, " "1, " "1, " "1, " "1, " "1, " "1, " "1, " "1, " "1, " "1, " "1, " "1, " "1, " "1, " "1, " "1, " "1, " "1, " "1, " "1, " "1, " "1, " "1, " "1, " "1, " "1, " "1, " "1, " "1, " "1, " "1, " "1, " "1, " "1, " "1, " "1, " "1, " "1, " "1, " "1, " "1, " "1, " "1, " "1, " "1, " "1, " "1, " "1, " "1, " "1, " "1, " "1, " "1, " "1, " "1, " "1, " "1, " "1, " "1, " "1, " "1, " "1, " "1, " "1, " "1, " "1, " "1, " "1, " "1, " "1, " "1, " "1, " "1, " "1, " "1, " "1, " "1, " "1, " "1, " "1, " "1, " "1, " "1, " "1, " "1, " "1, " "1, " "1, " "1, " "1, " "1, " "1, " "1, " "1, " "1, " "1, " "1, " "1, " "1, " "1, " "1, " "1, " "1, " "1, " "1, " "1, " "1, " "1, " "1, " "1, " "1, " "1, " "1, " "1, " "1, " "1, " "1, " "1, " "1, " "1, " "1, " "1, " "1, " "1, " "1, " "1, " "1, " "1, " "1, " "1, " "1, " "1, " "1, " "1, " "1, " "1, " "1, " "1, " "1, " "1, " "1, " "1, " "1, " "1, " "1, " "1, " "1, " "1, " "1, " "1, " "1, " "1, " "1, " "1, " "1, " "1, " "1, " "1, " "1, " "1, " "1, " "1, " "1, " "1, " "1, " "1, " "1, " "1, " "1, " "1, " "1, " "1, " "1, " "1, " "1, " "1, " "1, " "1, " "1, " "1, " "1, " "1, " "1, " "1, " "1, " "1, " "0, " "1, " "1, " "1, " "1, " "1, " "1, " "1, " "1, " "1, " "1, " "1, " "1, " "1, " "1, " "1, " "1, " "1, " "1, " "1, " "1, " "1, " "1, " "1, " "1, " "1, " "1, " "1, " "1, " "1, " "1, " "1, " "1, " "1, " "1, " "1, " "1, " "1, "0
 "Nei220, 0.109, " "-0.475, " "1, " "1, " "1, " "1, " "1, " "1, " "1, " "1, " "1, " "1, " "1, " "1, " "1, " "1, " "1, " "1, " "1, " "1, " "1, " "1, " "1, " "1, " "1, " "1, " "1, " "1, " "1, " "1, " "1, " "1, " "1, " "1, " "1, " "1, " "1, " "1, " "1, " "1, " "1, " "1, " "1, " "1, " "1, " "1, " "1, " "1, " "1, " "1, " "1, " "1, " "1, " "1, " "1, " "1, " "1, " "1, " "1, " "1, " "1, " "1, " "1, " "1, " "1, " "1, " "1, " "1, " "1, " "1, " "1, " "1, " "1, " "1, " "1, " "1, " "1, " "1, " "1, " "1, " "1, " "1, " "1, " "1, " "1, " "1, " "1, " "1, " "1, " "1, " "1, " "1, " "1, " "1, " "1, " "1, " "1, " "1, " "1, " "1, " "1, " "1, " "1, " "1, " "1, " "1, " "1, " "1, " "1, " "1, " "1, " "1, " "1, " "1, " "1, " "1, " "1, " "1, " "1, " "1, " "1, " "1, " "1, " "1, " "1, " "1, " "1, " "1, " "1, " "1, " "1, " "1, " "1, " "1, " "1, " "1, " "1, " "1, " "1, " "1, " "1, " "1, " "1, " "1, " "1, " "1, " "1, " "1, " "1, " "1, " "1, " "1, " "1, " "1, " "1, " "1, " "1, " "1, " "1, " "1, " "1, " "1, " "1, " "1, " "1, " "1, " "1, " "1, " "1, " "1, " "1, " "1, " "1, " "1, " "1, " "1, " "1, " "1, " "1, " "1, " "1, " "1, " "1, " "1, " "1, " "1, " "1, " "1, " "1, " "1, " "1, " "1, " "1, " "1, " "1, " "1, " "1, " "1, " "1, " "1, " "1, " "1, " "1, " "1, " "1, " "1, " "1, " "1, " "1, " "1, " "1, " "1, " "1, " "1, " "1, " "1, " "1, " "1, " "1, " "1, " "1, " "1, " "0, " "1, " "1, " "1, " "1, " "1, " "1, " "1, " "1, " "1, " "1, " "1, " "1, " "1, " "1, " "1, " "1, " "1, " "1, " "1, " "1, " "1, " "1, " "1, " "1, " "1, " "1, " "1, " "1, " "1, " "1, " "1, " "1, " "1, " "1, " "1, " "1, "0
 "Nei221, 0.52, " "0.396, " "1, " "1, " "1, " "1, " "1, " "1, " "1, " "1, " "1, " "1, " "1, " "1, " "1, " "1, " "1, " "1, " "1, " "1, " "1, " "1, " "1, " "1, " "1, " "1, " "1, " "1, " "1, " "1, " "1, " "1, " "1, " "1, " "1, " "1, " "1, " "1, " "1, " "1, " "1, " "1, " "1, " "1, " "1, " "1, " "1, " "1, " "1, " "1, " "1, " "1, " "1, " "1, " "1, " "1, " "1, " "1, " "1, " "1, " "1, " "1, " "1, " "1, " "1, " "1, " "1, " "1, " "1, " "1, " "1, " "1, " "1, " "1, " "1, " "1, " "1, " "1, " "1, " "1, " "1, " "1, " "1, " "1, " "1, " "1, " "1, " "1, " "1, " "1, " "1, " "1, " "1, " "1, " "1, " "1, " "1, " "1, " "1, " "1, " "1, " "1, " "1, " "1, " "1, " "1, " "1, " "1, " "1, " "1, " "1, " "1, " "1, " "1, " "1, " "1, " "1, " "1, " "1, " "1, " "1, " "1, " "1, " "1, " "1, " "1, " "1, " "1, " "1, " "1, " "1, " "1, " "1, " "1, " "1, " "1, " "1, " "1, " "1, " "1, " "1, " "1, " "1, " "1, " "1, " "1, " "1, " "1, " "1, " "1, " "1, " "1, " "1, " "1, " "1, " "1, " "1, " "1, " "1, " "1, " "1, " "1, " "1, " "1, " "1, " "1, " "1, " "1, " "1, " "1, " "1, " "1, " "1, " "1, " "1, " "1, " "1, " "1, " "1, " "1, " "1, " "1, " "1, " "1, " "1, " "1, " "1, " "1, " "1, " "1, " "1, " "1, " "1, " "1, " "1, " "1, " "1, " "1, " "1, " "1, " "1, " "1, " "1, " "1, " "1, " "1, " "1, " "1, " "1, " "1, " "1, " "1, " "1, " "1, " "1, " "1, " "1, " "1, " "1, " "1, " "1, " "1, " "1, " "0, " "1, " "1, " "1, " "1, " "1, " "1, " "1, " "1, " "1, " "1, " "1, " "1, " "1, " "1, " "1, " "1, " "1, " "1, " "1, " "1, " "1, " "1, " "1, " "1, " "1, " "1, " "1, " "1, " "1, " "1, " "1, " "1, " "1, " "1, " "1, "0
 "Nei222, 0.215, " "-0.026, " "1, " "1, " "1, " "1, " "1, " "1, " "1, " "1, " "1, " "1, " "1, " "1, " "1, " "1, " "1, " "1, " "1, " "1, " "1, " "1, " "1, " "1, " "1, " "1, " "1, " "1, " "1, " "1, " "1, " "1, " "1, " "1, " "1, " "1, " "1, " "1, " "1, " "1, " "1, " "1, " "1, " "1, " "1, " "1, " "1, " "1, " "1, " "1, " "1, " "1, " "1, " "1, " "1, " "1, " "1, " "1, " "1, " "1, " "1, " "1, " "1, " "1, " "1, " "1, " "1, " "1, " "1, " "1, " "1, " "1, " "1, " "1, " "1, " "1, " "1, " "1, " "1, " "1, " "1, " "1, " "1, " "1, " "1, " "1, " "1, " "1, " "1, " "1, " "1, " "1, " "1, " "1, " "1, " "1, " "1, " "1, " "1, " "1, " "1, " "1, " "1, " "1, " "1, " "1, " "1, " "1, " "1, " "1, " "1, " "1, " "1, " "1, " "1, " "1, " "1, " "1, " "1, " "1, " "1, " "1, " "1, " "1, " "1, " "1, " "1, " "1, " "1, " "1, " "1, " "1, " "1, " "1, " "1, " "1, " "1, " "1, " "1, " "1, " "1, " "1, " "1, " "1, " "1, " "1, " "1, " "1, " "1, " "1, " "1, " "1, " "1, " "1, " "1, " "1, " "1, " "1, " "1, " "1, " "1, " "1, " "1, " "1, " "1, " "1, " "1, " "1, " "1, " "1, " "1, " "1, " "1, " "1, " "1, " "1, " "1, " "1, " "1, " "1, " "1, " "1, " "1, " "1, " "1, " "1, " "1, " "1, " "1, " "1, " "1, " "1, " "1, " "1, " "1, " "1, " "1, " "1, " "1, " "1, " "1, " "1, " "1, " "1, " "1, " "1, " "1, " "1, " "1, " "1, " "1, " "1, " "1, " "1, " "1, " "1, " "1, " "1, " "1, " "1, " "1, " "1, " "1, " "1, " "0, " "1, " "1, " "1, " "1, " "1, " "1, " "1, " "1, " "1, " "1, " "1, " "1, " "1, " "1, " "1, " "1, " "1, " "1, " "1, " "1, " "1, " "1, " "1, " "1, " "1, " "1, " "1, " "1, " "1, " "1, " "1, " "1, " "1, " "1, "0
 "Nei223, 0.021, " "0.438, " "1, " "1, " "1, " "1, " "1, " "1, " "1, " "1, " "1, " "1, " "1, " "1, " "1, " "1, " "1, " "1, " "1, " "1, " "1, " "1, " "1, " "1, " "1, " "1, " "1, " "1, " "1, " "1, " "1, " "1, " "1, " "1, " "1, " "1, " "1, " "1, " "1, " "1, " "1, " "1, " "1, " "1, " "1, " "1, " "1, " "1, " "1, " "1, " "1, " "1, " "1, " "1, " "1, " "1, " "1, " "1, " "1, " "1, " "1, " "1, " "1, " "1, " "1, " "1, " "1, " "1, " "1, " "1, " "1, " "1, " "1, " "1, " "1, " "1, " "1, " "1, " "1, " "1, " "1, " "1, " "1, " "1, " "1, " "1, " "1, " "1, " "1, " "1, " "1, " "1, " "1, " "1, " "1, " "1, " "1, " "1, " "1, " "1, " "1, " "1, " "1, " "1, " "1, " "1, " "1, " "1, " "1, " "1, " "1, " "1, " "1, " "1, " "1, " "1, " "1, " "1, " "1, " "1, " "1, " "1, " "1, " "1, " "1, " "1, " "1, " "1, " "1, " "1, " "1, " "1, " "1, " "1, " "1, " "1, " "1, " "1, " "1, " "1, " "1, " "1, " "1, " "1, " "1, " "1, " "1, " "1, " "1, " "1, " "1, " "1, " "1, " "1, " "1, " "1, " "1, " "1, " "1, " "1, " "1, " "1, " "1, " "1, " "1, " "1, " "1, " "1, " "1, " "1, " "1, " "1, " "1, " "1, " "1, " "1, " "1, " "1, " "1, " "1, " "1, " "1, " "1, " "1, " "1, " "1, " "1, " "1, " "1, " "1, " "1, " "1, " "1, " "1, " "1, " "1, " "1, " "1, " "1, " "1, " "1, " "1, " "1, " "1, " "1, " "1, " "1, " "1, " "1, " "1, " "1, " "1, " "1, " "1, " "1, " "1, " "1, " "1, " "1, " "1, " "1, " "1, " "1, " "1, " "1, " "0, " "1, " "1, " "1, " "1, " "1, " "1, " "1, " "1, " "1, " "1, " "1, " "1, " "1, " "1, " "1, " "1, " "1, " "1, " "1, " "1, " "1, " "1, " "1, " "1, " "1, " "1, " "1, " "1, " "1, " "1, " "1, " "1, " "1, "0
 "Nei224, 0.205, " "0.525, " "1, " "1, " "1, " "1, " "1, " "1, " "1, " "1, " "1, " "1, " "1, " "1, " "1, " "1, " "1, " "1, " "1, " "1, " "1, " "1, " "1, " "1, " "1, " "1, " "1, " "1, " "1, " "1, " "1, " "1, " "1, " "1, " "1, " "1, " "1, " "1, " "1, " "1, " "1, " "1, " "1, " "1, " "1, " "1, " "1, " "1, " "1, " "1, " "1, " "1, " "1, " "1, " "1, " "1, " "1, " "1, " "1, " "1, " "1, " "1, " "1, " "1, " "1, " "1, " "1, " "1, " "1, " "1, " "1, " "1, " "1, " "1, " "1, " "1, " "1, " "1, " "1, " "1, " "1, " "1, " "1, " "1, " "1, " "1, " "1, " "1, " "1, " "1, " "1, " "1, " "1, " "1, " "1, " "1, " "1, " "1, " "1, " "1, " "1, " "1, " "1, " "1, " "1, " "1, " "1, " "1, " "1, " "1, " "1, " "1, " "1, " "1, " "1, " "1, " "1, " "1, " "1, " "1, " "1, " "1, " "1, " "1, " "1, " "1, " "1, " "1, " "1, " "1, " "1, " "1, " "1, " "1, " "1, " "1, " "1, " "1, " "1, " "1, " "1, " "1, " "1, " "1, " "1, " "1, " "1, " "1, " "1, " "1, " "1, " "1, " "1, " "1, " "1, " "1, " "1, " "1, " "1, " "1, " "1, " "1, " "1, " "1, " "1, " "1, " "1, " "1, " "1, " "1, " "1, " "1, " "1, " "1, " "1, " "1, " "1, " "1, " "1, " "1, " "1, " "1, " "1, " "1, " "1, " "1, " "1, " "1, " "1, " "1, " "1, " "1, " "1, " "1, " "1, " "1, " "1, " "1, " "1, " "1, " "1, " "1, " "1, " "1, " "1, " "1, " "1, " "1, " "1, " "1, " "1, " "1, " "1, " "1, " "1, " "1, " "1, " "1, " "1, " "1, " "1, " "1, " "1, " "1, " "1, " "1, " "0, " "1, " "1, " "1, " "1, " "1, " "1, " "1, " "1, " "1, " "1, " "1, " "1, " "1, " "1, " "1, " "1, " "1, " "1, " "1, " "1, " "1, " "1, " "1, " "1, " "1, " "1, " "1, " "1, " "1, " "1, " "1, " "1, "0
 "Nei225, 0.116, " "-0.483, " "1, " "1, " "1, " "1, " "1, " "1, " "1, " "1, " "1, " "1, " "1, " "1, " "1, " "1, " "1, " "1, " "1, " "1, " "1, " "1, " "1, " "1, " "1, " "1, " "1, " "1, " "1, " "1, " "1, " "1, " "1, " "1, " "1, " "1, " "1, " "1, " "1, " "1, " "1, " "1, " "1, " "1, " "1, " "1, " "1, " "1, " "1, " "1, " "1, " "1, " "1, " "1, " "1, " "1, " "1, " "1, " "1, " "1, " "1, " "1, " "1, " "1, " "1, " "1, " "1, " "1, " "1, " "1, " "1, " "1, " "1, " "1, " "1, " "1, " "1, " "1, " "1, " "1, " "1, " "1, " "1, " "1, " "1, " "1, " "1, " "1, " "1, " "1, " "1, " "1, " "1, " "1, " "1, " "1, " "1, " "1, " "1, " "1, " "1, " "1, " "1, " "1, " "1, " "1, " "1, " "1, " "1, " "1, " "1, " "1, " "1, " "1, " "1, " "1, " "1, " "1, " "1, " "1, " "1, " "1, " "1, " "1, " "1, " "1, " "1, " "1, " "1, " "1, " "1, " "1, " "1, " "1, " "1, " "1, " "1, " "1, " "1, " "1, " "1, " "1, " "1, " "1, " "1, " "1, " "1, " "1, " "1, " "1, " "1, " "1, " "1, " "1, " "1, " "1, " "1, " "1, " "1, " "1, " "1, " "1, " "1, " "1, " "1, " "1, " "1, " "1, " "1, " "1, " "1, " "1, " "1, " "1, " "1, " "1, " "1, " "1, " "1, " "1, " "1, " "1, " "1, " "1, " "1, " "1, " "1, " "1, " "1, " "1, " "1, " "1, " "1, " "1, " "1, " "1, " "1, " "1, " "1, " "1, " "1, " "1, " "1, " "1, " "1, " "1, " "1, " "1, " "1, " "1, " "1, " "1, " "1, " "1, " "1, " "1, " "1, " "1, " "1, " "1, " "1, " "1, " "1, " "1, " "1, " "1, " "1, " "0, " "1, " "1, " "1, " "1, " "1, " "1, " "1, " "1, " "1, " "1, " "1, " "1, " "1, " "1, " "1, " "1, " "1, " "1, " "1, " "1, " "1, " "1, " "1, " "1, " "1, " "1, " "1, " "1, " "1, " "1, " "1, "0
 "Nei226, 0.577, " "0.698, " "1, " "1, " "1, " "1, " "1, " "1, " "1, " "1, " "1, " "1, " "1, " "1, " "1, " "1, " "1, " "1, " "1, " "1, " "1, " "1, " "1, " "1, " "1, " "1, " "1, " "1, " "1, " "1, " "1, " "1, " "1, " "1, " "1, " "1, " "1, " "1, " "1, " "1, " "1, " "1, " "1, " "1, " "1, " "1, " "1, " "1, " "1, " "1, " "1, " "1, " "1, " "1, " "1, " "1, " "1, " "1, " "1, " "1, " "1, " "1, " "1, " "1, " "1, " "1, " "1, " "1, " "1, " "1, " "1, " "1, " "1, " "1, " "1, " "1, " "1, " "1, " "1, " "1, " "1, " "1, " "1, " "1, " "1, " "1, " "1, " "1, " "1, " "1, " "1, " "1, " "1, " "1, " "1, " "1, " "1, " "1, " "1, " "1, " "1, " "1, " "1, " "1, " "1, " "1, " "1, " "1, " "1, " "1, " "1, " "1, " "1, " "1, " "1, " "1, " "1, " "1, " "1, " "1, " "1, " "1, " "1, " "1, " "1, " "1, " "1, " "1, " "1, " "1, " "1, " "1, " "1, " "1, " "1, " "1, " "1, " "1, " "1, " "1, " "1, " "1, " "1, " "1, " "1, " "1, " "1, " "1, " "1, " "1, " "1, " "1, " "1, " "1, " "1, " "1, " "1, " "1, " "1, " "1, " "1, " "1, " "1, " "1, " "1, " "1, " "1, " "1, " "1, " "1, " "1, " "1, " "1, " "1, " "1, " "1, " "1, " "1, " "1, " "1, " "1, " "1, " "1, " "1, " "1, " "1, " "1, " "1, " "1, " "1, " "1, " "1, " "1, " "1, " "1, " "1, " "1, " "1, " "1, " "1, " "1, " "1, " "1, " "1, " "1, " "1, " "1, " "1, " "1, " "1, " "1, " "1, " "1, " "1, " "1, " "1, " "1, " "1, " "1, " "1, " "1, " "1, " "1, " "1, " "1, " "1, " "1, " "1, " "0, " "1, " "1, " "1, " "1, " "1, " "1, " "1, " "1, " "1, " "1, " "1, " "1, " "1, " "1, " "1, " "1, " "1, " "1, " "1, " "1, " "1, " "1, " "1, " "1, " "1, " "1, " "1, " "1, " "1, " "1, "0
 "Nei227, 0.396, " "-0.097, " "1, " "1, " "1, " "1, " "1, " "1, " "1, " "1, " "1, " "1, " "1, " "1, " "1, " "1, " "1, " "1, " "1, " "1, " "1, " "1, " "1, " "1, " "1, " "1, " "1, " "1, " "1, " "1, " "1, " "1, " "1, " "1, " "1, " "1, " "1, " "1, " "1, " "1, " "1, " "1, " "1, " "1, " "1, " "1, " "1, " "1, " "1, " "1, " "1, " "1, " "1, " "1, " "1, " "1, " "1, " "1, " "1, " "1, " "1, " "1, " "1, " "1, " "1, " "1, " "1, " "1, " "1, " "1, " "1, " "1, " "1, " "1, " "1, " "1, " "1, " "1, " "1, " "1, " "1, " "1, " "1, " "1, " "1, " "1, " "1, " "1, " "1, " "1, " "1, " "1, " "1, " "1, " "1, " "1, " "1, " "1, " "1, " "1, " "1, " "1, " "1, " "1, " "1, " "1, " "1, " "1, " "1, " "1, " "1, " "1, " "1, " "1, " "1, " "1, " "1, " "1, " "1, " "1, " "1, " "1, " "1, " "1, " "1, " "1, " "1, " "1, " "1, " "1, " "1, " "1, " "1, " "1, " "1, " "1, " "1, " "1, " "1, " "1, " "1, " "1, " "1, " "1, " "1, " "1, " "1, " "1, " "1, " "1, " "1, " "1, " "1, " "1, " "1, " "1, " "1, " "1, " "1, " "1, " "1, " "1, " "1, " "1, " "1, " "1, " "1, " "1, " "1, " "1, " "1, " "1, " "1, " "1, " "1, " "1, " "1, " "1, " "1, " "1, " "1, " "1, " "1, " "1, " "1, " "1, " "1, " "1, " "1, " "1, " "1, " "1, " "1, " "1, " "1, " "1, " "1, " "1, " "1, " "1, " "1, " "1, " "1, " "1, " "1, " "1, " "1, " "1, " "1, " "1, " "1, " "1, " "1, " "1, " "1, " "1, " "1, " "1, " "1, " "1, " "1, " "1, " "1, " "1, " "1, " "1, " "1, " "1, " "1, " "0, " "1, " "1, " "1, " "1, " "1, " "1, " "1, " "1, " "1, " "1, " "1, " "1, " "1, " "1, " "1, " "1, " "1, " "1, " "1, " "1, " "1, " "1, " "1, " "1, " "1, " "1, " "1, " "1, " "1, "0
 "Nei228, 0.302, " "-0.046, " "1, " "1, " "1, " "1, " "1, " "1, " "1, " "1, " "1, " "1, " "1, " "1, " "1, " "1, " "1, " "1, " "1, " "1, " "1, " "1, " "1, " "1, " "1, " "1, " "1, " "1, " "1, " "1, " "1, " "1, " "1, " "1, " "1, " "1, " "1, " "1, " "1, " "1, " "1, " "1, " "1, " "1, " "1, " "1, " "1, " "1, " "1, " "1, " "1, " "1, " "1, " "1, " "1, " "1, " "1, " "1, " "1, " "1, " "1, " "1, " "1, " "1, " "1, " "1, " "1, " "1, " "1, " "1, " "1, " "1, " "1, " "1, " "1, " "1, " "1, " "1, " "1, " "1, " "1, " "1, " "1, " "1, " "1, " "1, " "1, " "1, " "1, " "1, " "1, " "1, " "1, " "1, " "1, " "1, " "1, " "1, " "1, " "1, " "1, " "1, " "1, " "1, " "1, " "1, " "1, " "1, " "1, " "1, " "1, " "1, " "1, " "1, " "1, " "1, " "1, " "1, " "1, " "1, " "1, " "1, " "1, " "1, " "1, " "1, " "1, " "1, " "1, " "1, " "1, " "1, " "1, " "1, " "1, " "1, " "1, " "1, " "1, " "1, " "1, " "1, " "1, " "1, " "1, " "1, " "1, " "1, " "1, " "1, " "1, " "1, " "1, " "1, " "1, " "1, " "1, " "1, " "1, " "1, " "1, " "1, " "1, " "1, " "1, " "1, " "1, " "1, " "1, " "1, " "1, " "1, " "1, " "1, " "1, " "1, " "1, " "1, " "1, " "1, " "1, " "1, " "1, " "1, " "1, " "1, " "1, " "1, " "1, " "1, " "1, " "1, " "1, " "1, " "1, " "1, " "1, " "1, " "1, " "1, " "1, " "1, " "1, " "1, " "1, " "1, " "1, " "1, " "1, " "1, " "1, " "1, " "1, " "1, " "1, " "1, " "1, " "1, " "1, " "1, " "1, " "1, " "1, " "1, " "1, " "1, " "1, " "1, " "1, " "1, " "0, " "1, " "1, " "1, " "1, " "1, " "1, " "1, " "1, " "1, " "1, " "1, " "1, " "1, " "1, " "1, " "1, " "1, " "1, " "1, " "1, " "1, " "1, " "1, " "1, " "1, " "1, " "1, " "1, "0
 "Nei229, 0.203, " "-0.171, " "1, " "1, " "1, " "1, " "1, " "1, " "1, " "1, " "1, " "1, " "1, " "1, " "1, " "1, " "1, " "1, " "1, " "1, " "1, " "1, " "1, " "1, " "1, " "1, " "1, " "1, " "1, " "1, " "1, " "1, " "1, " "1, " "1, " "1, " "1, " "1, " "1, " "1, " "1, " "1, " "1, " "1, " "1, " "1, " "1, " "1, " "1, " "1, " "1, " "1, " "1, " "1, " "1, " "1, " "1, " "1, " "1, " "1, " "1, " "1, " "1, " "1, " "1, " "1, " "1, " "1, " "1, " "1, " "1, " "1, " "1, " "1, " "1, " "1, " "1, " "1, " "1, " "1, " "1, " "1, " "1, " "1, " "1, " "1, " "1, " "1, " "1, " "1, " "1, " "1, " "1, " "1, " "1, " "1, " "1, " "1, " "1, " "1, " "1, " "1, " "1, " "1, " "1, " "1, " "1, " "1, " "1, " "1, " "1, " "1, " "1, " "1, " "1, " "1, " "1, " "1, " "1, " "1, " "1, " "1, " "1, " "1, " "1, " "1, " "1, " "1, " "1, " "1, " "1, " "1, " "1, " "1, " "1, " "1, " "1, " "1, " "1, " "1, " "1, " "1, " "1, " "1, " "1, " "1, " "1, " "1, " "1, " "1, " "1, " "1, " "1, " "1, " "1, " "1, " "1, " "1, " "1, " "1, " "1, " "1, " "1, " "1, " "1, " "1, " "1, " "1, " "1, " "1, " "1, " "1, " "1, " "1, " "1, " "1, " "1, " "1, " "1, " "1, " "1, " "1, " "1, " "1, " "1, " "1, " "1, " "1, " "1, " "1, " "1, " "1, " "1, " "1, " "1, " "1, " "1, " "1, " "1, " "1, " "1, " "1, " "1, " "1, " "1, " "1, " "1, " "1, " "1, " "1, " "1, " "1, " "1, " "1, " "1, " "1, " "1, " "1, " "1, " "1, " "1, " "1, " "1, " "1, " "1, " "1, " "1, " "1, " "1, " "1, " "1, " "0, " "1, " "1, " "1, " "1, " "1, " "1, " "1, " "1, " "1, " "1, " "1, " "1, " "1, " "1, " "1, " "1, " "1, " "1, " "1, " "1, " "1, " "1, " "1, " "1, " "1, " "1, " "1, "0
 "Nei230, 0.546, " "-0.068, " "1, " "1, " "1, " "1, " "1, " "1, " "1, " "1, " "1, " "1, " "1, " "1, " "1, " "1, " "1, " "1, " "1, " "1, " "1, " "1, " "1, " "1, " "1, " "1, " "1, " "1, " "1, " "1, " "1, " "1, " "1, " "1, " "1, " "1, " "1, " "1, " "1, " "1, " "1, " "1, " "1, " "1, " "1, " "1, " "1, " "1, " "1, " "1, " "1, " "1, " "1, " "1, " "1, " "1, " "1, " "1, " "1, " "1, " "1, " "1, " "1, " "1, " "1, " "1, " "1, " "1, " "1, " "1, " "1, " "1, " "1, " "1, " "1, " "1, " "1, " "1, " "1, " "1, " "1, " "1, " "1, " "1, " "1, " "1, " "1, " "1, " "1, " "1, " "1, " "1, " "1, " "1, " "1, " "1, " "1, " "1, " "1, " "1, " "1, " "1, " "1, " "1, " "1, " "1, " "1, " "1, " "1, " "1, " "1, " "1, " "1, " "1, " "1, " "1, " "1, " "1, " "1, " "1, " "1, " "1, " "1, " "1, " "1, " "1, " "1, " "1, " "1, " "1, " "1, " "1, " "1, " "1, " "1, " "1, " "1, " "1, " "1, " "1, " "1, " "1, " "1, " "1, " "1, " "1, " "1, " "1, " "1, " "1, " "1, " "1, " "1, " "1, " "1, " "1, " "1, " "1, " "1, " "1, " "1, " "1, " "1, " "1, " "1, " "1, " "1, " "1, " "1, " "1, " "1, " "1, " "1, " "1, " "1, " "1, " "1, " "1, " "1, " "1, " "1, " "1, " "1, " "1, " "1, " "1, " "1, " "1, " "1, " "1, " "1, " "1, " "1, " "1, " "1, " "1, " "1, " "1, " "1, " "1, " "1, " "1, " "1, " "1, " "1, " "1, " "1, " "1, " "1, " "1, " "1, " "1, " "1, " "1, " "1, " "1, " "1, " "1, " "1, " "1, " "1, " "1, " "1, " "1, " "1, " "1, " "1, " "1, " "1, " "1, " "1, " "1, " "0, " "1, " "1, " "1, " "1, " "1, " "1, " "1, " "1, " "1, " "1, " "1, " "1, " "1, " "1, " "1, " "1, " "1, " "1, " "1, " "1, " "1, " "1, " "1, " "1, " "1, " "1, "0
 "Nei231, 0.499, " "0.01, " "1, " "1, " "1, " "1, " "1, " "1, " "1, " "1, " "1, " "1, " "1, " "1, " "1, " "1, " "1, " "1, " "1, " "1, " "1, " "1, " "1, " "1, " "1, " "1, " "1, " "1, " "1, " "1, " "1, " "1, " "1, " "1, " "1, " "1, " "1, " "1, " "1, " "1, " "1, " "1, " "1, " "1, " "1, " "1, " "1, " "1, " "1, " "1, " "1, " "1, " "1, " "1, " "1, " "1, " "1, " "1, " "1, " "1, " "1, " "1, " "1, " "1, " "1, " "1, " "1, " "1, " "1, " "1, " "1, " "1, " "1, " "1, " "1, " "1, " "1, " "1, " "1, " "1, " "1, " "1, " "1, " "1, " "1, " "1, " "1, " "1, " "1, " "1, " "1, " "1, " "1, " "1, " "1, " "1, " "1, " "1, " "1, " "1, " "1, " "1, " "1, " "1, " "1, " "1, " "1, " "1, " "1, " "1, " "1, " "1, " "1, " "1, " "1, " "1, " "1, " "1, " "1, " "1, " "1, " "1, " "1, " "1, " "1, " "1, " "1, " "1, " "1, " "1, " "1, " "1, " "1, " "1, " "1, " "1, " "1, " "1, " "1, " "1, " "1, " "1, " "1, " "1, " "1, " "1, " "1, " "1, " "1, " "1, " "1, " "1, " "1, " "1, " "1, " "1, " "1, " "1, " "1, " "1, " "1, " "1, " "1, " "1, " "1, " "1, " "1, " "1, " "1, " "1, " "1, " "1, " "1, " "1, " "1, " "1, " "1, " "1, " "1, " "1, " "1, " "1, " "1, " "1, " "1, " "1, " "1, " "1, " "1, " "1, " "1, " "1, " "1, " "1, " "1, " "1, " "1, " "1, " "1, " "1, " "1, " "1, " "1, " "1, " "1, " "1, " "1, " "1, " "1, " "1, " "1, " "1, " "1, " "1, " "1, " "1, " "1, " "1, " "1, " "1, " "1, " "1, " "1, " "1, " "1, " "1, " "1, " "1, " "1, " "1, " "1, " "1, " "1, " "0, " "1, " "1, " "1, " "1, " "1, " "1, " "1, " "1, " "1, " "1, " "1, " "1, " "1, " "1, " "1, " "1, " "1, " "1, " "1, " "1, " "1, " "1, " "1, " "1, " "1, "0
 "Nei232, 0.448, " "-0.362, " "1, " "1, " "1, " "1, " "1, " "1, " "1, " "1, " "1, " "1, " "1, " "1, " "1, " "1, " "1, " "1, " "1, " "1, " "1, " "1, " "1, " "1, " "1, " "1, " "1, " "1, " "1, " "1, " "1, " "1, " "1, " "1, " "1, " "1, " "1, " "1, " "1, " "1, " "1, " "1, " "1, " "1, " "1, " "1, " "1, " "1, " "1, " "1, " "1, " "1, " "1, " "1, " "1, " "1, " "1, " "1, " "1, " "1, " "1, " "1, " "1, " "1, " "1, " "1, " "1, " "1, " "1, " "1, " "1, " "1, " "1, " "1, " "1, " "1, " "1, " "1, " "1, " "1, " "1, " "1, " "1, " "1, " "1, " "1, " "1, " "1, " "1, " "1, " "1, " "1, " "1, " "1, " "1, " "1, " "1, " "1, " "1, " "1, " "1, " "1, " "1, " "1, " "1, " "1, " "1, " "1, " "1, " "1, " "1, " "1, " "1, " "1, " "1, " "1, " "1, " "1, " "1, " "1, " "1, " "1, " "1, " "1, " "1, " "1, " "1, " "1, " "1, " "1, " "1, " "1, " "1, " "1, " "1, " "1, " "1, " "1, " "1, " "1, " "1, " "1, " "1, " "1, " "1, " "1, " "1, " "1, " "1, " "1, " "1, " "1, " "1, " "1, " "1, " "1, " "1, " "1, " "1, " "1, " "1, " "1, " "1, " "1, " "1, " "1, " "1, " "1, " "1, " "1, " "1, " "1, " "1, " "1, " "1, " "1, " "1, " "1, " "1, " "1, " "1, " "1, " "1, " "1, " "1, " "1, " "1, " "1, " "1, " "1, " "1, " "1, " "1, " "1, " "1, " "1, " "1, " "1, " "1, " "1, " "1, " "1, " "1, " "1, " "1, " "1, " "1, " "1, " "1, " "1, " "1, " "1, " "1, " "1, " "1, " "1, " "1, " "1, " "1, " "1, " "1, " "1, " "1, " "1, " "1, " "1, " "1, " "1, " "1, " "1, " "1, " "1, " "1, " "1, " "0, " "1, " "1, " "1, " "1, " "1, " "1, " "1, " "1, " "1, " "1, " "1, " "1, " "1, " "1, " "1, " "1, " "1, " "1, " "1, " "1, " "1, " "1, " "1, " "1, "0
 "Nei233, 0.13, " "-0.944, " "1, " "1, " "1, " "1, " "1, " "1, " "1, " "1, " "1, " "1, " "1, " "1, " "1, " "1, " "1, " "1, " "1, " "1, " "1, " "1, " "1, " "1, " "1, " "1, " "1, " "1, " "1, " "1, " "1, " "1, " "1, " "1, " "1, " "1, " "1, " "1, " "1, " "1, " "1, " "1, " "1, " "1, " "1, " "1, " "1, " "1, " "1, " "1, " "1, " "1, " "1, " "1, " "1, " "1, " "1, " "1, " "1, " "1, " "1, " "1, " "1, " "1, " "1, " "1, " "1, " "1, " "1, " "1, " "1, " "1, " "1, " "1, " "1, " "1, " "1, " "1, " "1, " "1, " "1, " "1, " "1, " "1, " "1, " "1, " "1, " "1, " "1, " "1, " "1, " "1, " "1, " "1, " "1, " "1, " "1, " "1, " "1, " "1, " "1, " "1, " "1, " "1, " "1, " "1, " "1, " "1, " "1, " "1, " "1, " "1, " "1, " "1, " "1, " "1, " "1, " "1, " "1, " "1, " "1, " "1, " "1, " "1, " "1, " "1, " "1, " "1, " "1, " "1, " "1, " "1, " "1, " "1, " "1, " "1, " "1, " "1, " "1, " "1, " "1, " "1, " "1, " "1, " "1, " "1, " "1, " "1, " "1, " "1, " "1, " "1, " "1, " "1, " "1, " "1, " "1, " "1, " "1, " "1, " "1, " "1, " "1, " "1, " "1, " "1, " "1, " "1, " "1, " "1, " "1, " "1, " "1, " "1, " "1, " "1, " "1, " "1, " "1, " "1, " "1, " "1, " "1, " "1, " "1, " "1, " "1, " "1, " "1, " "1, " "1, " "1, " "1, " "1, " "1, " "1, " "1, " "1, " "1, " "1, " "1, " "1, " "1, " "1, " "1, " "1, " "1, " "1, " "1, " "1, " "1, " "1, " "1, " "1, " "1, " "1, " "1, " "1, " "1, " "1, " "1, " "1, " "1, " "1, " "1, " "1, " "1, " "1, " "1, " "1, " "1, " "1, " "1, " "1, " "1, " "0, " "1, " "1, " "1, " "1, " "1, " "1, " "1, " "1, " "1, " "1, " "1, " "1, " "1, " "1, " "1, " "1, " "1, " "1, " "1, " "1, " "1, " "1, " "1, "0
 "Nei234, 0.568, " "0.702, " "1, " "1, " "1, " "1, " "1, " "1, " "1, " "1, " "1, " "1, " "1, " "1, " "1, " "1, " "1, " "1, " "1, " "1, " "1, " "1, " "1, " "1, " "1, " "1, " "1, " "1, " "1, " "1, " "1, " "1, " "1, " "1, " "1, " "1, " "1, " "1, " "1, " "1, " "1, " "1, " "1, " "1, " "1, " "1, " "1, " "1, " "1, " "1, " "1, " "1, " "1, " "1, " "1, " "1, " "1, " "1, " "1, " "1, " "1, " "1, " "1, " "1, " "1, " "1, " "1, " "1, " "1, " "1, " "1, " "1, " "1, " "1, " "1, " "1, " "1, " "1, " "1, " "1, " "1, " "1, " "1, " "1, " "1, " "1, " "1, " "1, " "1, " "1, " "1, " "1, " "1, " "1, " "1, " "1, " "1, " "1, " "1, " "1, " "1, " "1, " "1, " "1, " "1, " "1, " "1, " "1, " "1, " "1, " "1, " "1, " "1, " "1, " "1, " "1, " "1, " "1, " "1, " "1, " "1, " "1, " "1, " "1, " "1, " "1, " "1, " "1, " "1, " "1, " "1, " "1, " "1, " "1, " "1, " "1, " "1, " "1, " "1, " "1, " "1, " "1, " "1, " "1, " "1, " "1, " "1, " "1, " "1, " "1, " "1, " "1, " "1, " "1, " "1, " "1, " "1, " "1, " "1, " "1, " "1, " "1, " "1, " "1, " "1, " "1, " "1, " "1, " "1, " "1, " "1, " "1, " "1, " "1, " "1, " "1, " "1, " "1, " "1, " "1, " "1, " "1, " "1, " "1, " "1, " "1, " "1, " "1, " "1, " "1, " "1, " "1, " "1, " "1, " "1, " "1, " "1, " "1, " "1, " "1, " "1, " "1, " "1, " "1, " "1, " "1, " "1, " "1, " "1, " "1, " "1, " "1, " "1, " "1, " "1, " "1, " "1, " "1, " "1, " "1, " "1, " "1, " "1, " "1, " "1, " "1, " "1, " "1, " "1, " "1, " "1, " "1, " "1, " "1, " "1, " "1, " "0, " "1, " "1, " "1, " "1, " "1, " "1, " "1, " "1, " "1, " "1, " "1, " "1, " "1, " "1, " "1, " "1, " "1, " "1, " "1, " "1, " "1, " "1, "0
 "Nei235, 0.385, " "-0.04, " "1, " "1, " "1, " "1, " "1, " "1, " "1, " "1, " "1, " "1, " "1, " "1, " "1, " "1, " "1, " "1, " "1, " "1, " "1, " "1, " "1, " "1, " "1, " "1, " "1, " "1, " "1, " "1, " "1, " "1, " "1, " "1, " "1, " "1, " "1, " "1, " "1, " "1, " "1, " "1, " "1, " "1, " "1, " "1, " "1, " "1, " "1, " "1, " "1, " "1, " "1, " "1, " "1, " "1, " "1, " "1, " "1, " "1, " "1, " "1, " "1, " "1, " "1, " "1, " "1, " "1, " "1, " "1, " "1, " "1, " "1, " "1, " "1, " "1, " "1, " "1, " "1, " "1, " "1, " "1, " "1, " "1, " "1, " "1, " "1, " "1, " "1, " "1, " "1, " "1, " "1, " "1, " "1, " "1, " "1, " "1, " "1, " "1, " "1, " "1, " "1, " "1, " "1, " "1, " "1, " "1, " "1, " "1, " "1, " "1, " "1, " "1, " "1, " "1, " "1, " "1, " "1, " "1, " "1, " "1, " "1, " "1, " "1, " "1, " "1, " "1, " "1, " "1, " "1, " "1, " "1, " "1, " "1, " "1, " "1, " "1, " "1, " "1, " "1, " "1, " "1, " "1, " "1, " "1, " "1, " "1, " "1, " "1, " "1, " "1, " "1, " "1, " "1, " "1, " "1, " "1, " "1, " "1, " "1, " "1, " "1, " "1, " "1, " "1, " "1, " "1, " "1, " "1, " "1, " "1, " "1, " "1, " "1, " "1, " "1, " "1, " "1, " "1, " "1, " "1, " "1, " "1, " "1, " "1, " "1, " "1, " "1, " "1, " "1, " "1, " "1, " "1, " "1, " "1, " "1, " "1, " "1, " "1, " "1, " "1, " "1, " "1, " "1, " "1, " "1, " "1, " "1, " "1, " "1, " "1, " "1, " "1, " "1, " "1, " "1, " "1, " "1, " "1, " "1, " "1, " "1, " "1, " "1, " "1, " "1, " "1, " "1, " "1, " "1, " "1, " "1, " "1, " "1, " "1, " "1, " "0, " "1, " "1, " "1, " "1, " "1, " "1, " "1, " "1, " "1, " "1, " "1, " "1, " "1, " "1, " "1, " "1, " "1, " "1, " "1, " "1, " "1, "0
 "Nei236, 0.017, " "0.123, " "1, " "1, " "1, " "1, " "1, " "1, " "1, " "1, " "1, " "1, " "1, " "1, " "1, " "1, " "1, " "1, " "1, " "1, " "1, " "1, " "1, " "1, " "1, " "1, " "1, " "1, " "1, " "1, " "1, " "1, " "1, " "1, " "1, " "1, " "1, " "1, " "1, " "1, " "1, " "1, " "1, " "1, " "1, " "1, " "1, " "1, " "1, " "1, " "1, " "1, " "1, " "1, " "1, " "1, " "1, " "1, " "1, " "1, " "1, " "1, " "1, " "1, " "1, " "1, " "1, " "1, " "1, " "1, " "1, " "1, " "1, " "1, " "1, " "1, " "1, " "1, " "1, " "1, " "1, " "1, " "1, " "1, " "1, " "1, " "1, " "1, " "1, " "1, " "1, " "1, " "1, " "1, " "1, " "1, " "1, " "1, " "1, " "1, " "1, " "1, " "1, " "1, " "1, " "1, " "1, " "1, " "1, " "1, " "1, " "1, " "1, " "1, " "1, " "1, " "1, " "1, " "1, " "1, " "1, " "1, " "1, " "1, " "1, " "1, " "1, " "1, " "1, " "1, " "1, " "1, " "1, " "1, " "1, " "1, " "1, " "1, " "1, " "1, " "1, " "1, " "1, " "1, " "1, " "1, " "1, " "1, " "1, " "1, " "1, " "1, " "1, " "1, " "1, " "1, " "1, " "1, " "1, " "1, " "1, " "1, " "1, " "1, " "1, " "1, " "1, " "1, " "1, " "1, " "1, " "1, " "1, " "1, " "1, " "1, " "1, " "1, " "1, " "1, " "1, " "1, " "1, " "1, " "1, " "1, " "1, " "1, " "1, " "1, " "1, " "1, " "1, " "1, " "1, " "1, " "1, " "1, " "1, " "1, " "1, " "1, " "1, " "1, " "1, " "1, " "1, " "1, " "1, " "1, " "1, " "1, " "1, " "1, " "1, " "1, " "1, " "1, " "1, " "1, " "1, " "1, " "1, " "1, " "1, " "1, " "1, " "1, " "1, " "1, " "1, " "1, " "1, " "1, " "1, " "1, " "1, " "1, " "0, " "1, " "1, " "1, " "1, " "1, " "1, " "1, " "1, " "1, " "1, " "1, " "1, " "1, " "1, " "1, " "1, " "1, " "1, " "1, " "1, "0
 "Nei237, 0.112, " "-0.606, " "1, " "1, " "1, " "1, " "1, " "1, " "1, " "1, " "1, " "1, " "1, " "1, " "1, " "1, " "1, " "1, " "1, " "1, " "1, " "1, " "1, " "1, " "1, " "1, " "1, " "1, " "1, " "1, " "1, " "1, " "1, " "1, " "1, " "1, " "1, " "1, " "1, " "1, " "1, " "1, " "1, " "1, " "1, " "1, " "1, " "1, " "1, " "1, " "1, " "1, " "1, " "1, " "1, " "1, " "1, " "1, " "1, " "1, " "1, " "1, " "1, " "1, " "1, " "1, " "1, " "1, " "1, " "1, " "1, " "1, " "1, " "1, " "1, " "1, " "1, " "1, " "1, " "1, " "1, " "1, " "1, " "1, " "1, " "1, " "1, " "1, " "1, " "1, " "1, " "1, " "1, " "1, " "1, " "1, " "1, " "1, " "1, " "1, " "1, " "1, " "1, " "1, " "1, " "1, " "1, " "1, " "1, " "1, " "1, " "1, " "1, " "1, " "1, " "1, " "1, " "1, " "1, " "1, " "1, " "1, " "1, " "1, " "1, " "1, " "1, " "1, " "1, " "1, " "1, " "1, " "1, " "1, " "1, " "1, " "1, " "1, " "1, " "1, " "1, " "1, " "1, " "1, " "1, " "1, " "1, " "1, " "1, " "1, " "1, " "1, " "1, " "1, " "1, " "1, " "1, " "1, " "1, " "1, " "1, " "1, " "1, " "1, " "1, " "1, " "1, " "1, " "1, " "1, " "1, " "1, " "1, " "1, " "1, " "1, " "1, " "1, " "1, " "1, " "1, " "1, " "1, " "1, " "1, " "1, " "1, " "1, " "1, " "1, " "1, " "1, " "1, " "1, " "1, " "1, " "1, " "1, " "1, " "1, " "1, " "1, " "1, " "1, " "1, " "1, " "1, " "1, " "1, " "1, " "1, " "1, " "1, " "1, " "1, " "1, " "1, " "1, " "1, " "1, " "1, " "1, " "1, " "1, " "1, " "1, " "1, " "1, " "1, " "1, " "1, " "1, " "1, " "1, " "1, " "1, " "1, " "1, " "1, " "0, " "1, " "1, " "1, " "1, " "1, " "1, " "1, " "1, " "1, " "1, " "1, " "1, " "1, " "1, " "1, " "1, " "1, " "1, " "1, "0
 "Nei238, 0.479, " "0.786, " "1, " "1, " "1, " "1, " "1, " "1, " "1, " "1, " "1, " "1, " "1, " "1, " "1, " "1, " "1, " "1, " "1, " "1, " "1, " "1, " "1, " "1, " "1, " "1, " "1, " "1, " "1, " "1, " "1, " "1, " "1, " "1, " "1, " "1, " "1, " "1, " "1, " "1, " "1, " "1, " "1, " "1, " "1, " "1, " "1, " "1, " "1, " "1, " "1, " "1, " "1, " "1, " "1, " "1, " "1, " "1, " "1, " "1, " "1, " "1, " "1, " "1, " "1, " "1, " "1, " "1, " "1, " "1, " "1, " "1, " "1, " "1, " "1, " "1, " "1, " "1, " "1, " "1, " "1, " "1, " "1, " "1, " "1, " "1, " "1, " "1, " "1, " "1, " "1, " "1, " "1, " "1, " "1, " "1, " "1, " "1, " "1, " "1, " "1, " "1, " "1, " "1, " "1, " "1, " "1, " "1, " "1, " "1, " "1, " "1, " "1, " "1, " "1, " "1, " "1, " "1, " "1, " "1, " "1, " "1, " "1, " "1, " "1, " "1, " "1, " "1, " "1, " "1, " "1, " "1, " "1, " "1, " "1, " "1, " "1, " "1, " "1, " "1, " "1, " "1, " "1, " "1, " "1, " "1, " "1, " "1, " "1, " "1, " "1, " "1, " "1, " "1, " "1, " "1, " "1, " "1, " "1, " "1, " "1, " "1, " "1, " "1, " "1, " "1, " "1, " "1, " "1, " "1, " "1, " "1, " "1, " "1, " "1, " "1, " "1, " "1, " "1, " "1, " "1, " "1, " "1, " "1, " "1, " "1, " "1, " "1, " "1, " "1, " "1, " "1, " "1, " "1, " "1, " "1, " "1, " "1, " "1, " "1, " "1, " "1, " "1, " "1, " "1, " "1, " "1, " "1, " "1, " "1, " "1, " "1, " "1, " "1, " "1, " "1, " "1, " "1, " "1, " "1, " "1, " "1, " "1, " "1, " "1, " "1, " "1, " "1, " "1, " "1, " "1, " "1, " "1, " "1, " "1, " "1, " "1, " "1, " "1, " "1, " "0, " "1, " "1, " "1, " "1, " "1, " "1, " "1, " "1, " "1, " "1, " "1, " "1, " "1, " "1, " "1, " "1, " "1, " "1, "0
 "Nei239, 0.185, " "0.654, " "1, " "1, " "1, " "1, " "1, " "1, " "1, " "1, " "1, " "1, " "1, " "1, " "1, " "1, " "1, " "1, " "1, " "1, " "1, " "1, " "1, " "1, " "1, " "1, " "1, " "1, " "1, " "1, " "1, " "1, " "1, " "1, " "1, " "1, " "1, " "1, " "1, " "1, " "1, " "1, " "1, " "1, " "1, " "1, " "1, " "1, " "1, " "1, " "1, " "1, " "1, " "1, " "1, " "1, " "1, " "1, " "1, " "1, " "1, " "1, " "1, " "1, " "1, " "1, " "1, " "1, " "1, " "1, " "1, " "1, " "1, " "1, " "1, " "1, " "1, " "1, " "1, " "1, " "1, " "1, " "1, " "1, " "1, " "1, " "1, " "1, " "1, " "1, " "1, " "1, " "1, " "1, " "1, " "1, " "1, " "1, " "1, " "1, " "1, " "1, " "1, " "1, " "1, " "1, " "1, " "1, " "1, " "1, " "1, " "1, " "1, " "1, " "1, " "1, " "1, " "1, " "1, " "1, " "1, " "1, " "1, " "1, " "1, " "1, " "1, " "1, " "1, " "1, " "1, " "1, " "1, " "1, " "1, " "1, " "1, " "1, " "1, " "1, " "1, " "1, " "1, " "1, " "1, " "1, " "1, " "1, " "1, " "1, " "1, " "1, " "1, " "1, " "1, " "1, " "1, " "1, " "1, " "1, " "1, " "1, " "1, " "1, " "1, " "1, " "1, " "1, " "1, " "1, " "1, " "1, " "1, " "1, " "1, " "1, " "1, " "1, " "1, " "1, " "1, " "1, " "1, " "1, " "1, " "1, " "1, " "1, " "1, " "1, " "1, " "1, " "1, " "1, " "1, " "1, " "1, " "1, " "1, " "1, " "1, " "1, " "1, " "1, " "1, " "1, " "1, " "1, " "1, " "1, " "1, " "1, " "1, " "1, " "1, " "1, " "1, " "1, " "1, " "1, " "1, " "1, " "1, " "1, " "1, " "1, " "1, " "1, " "1, " "1, " "1, " "1, " "1, " "1, " "1, " "1, " "1, " "1, " "1, " "1, " "1, " "0, " "1, " "1, " "1, " "1, " "1, " "1, " "1, " "1, " "1, " "1, " "1, " "1, " "1, " "1, " "1, " "1, " "1, "0
 "Nei240, 0.121, " "-0.096, " "1, " "1, " "1, " "1, " "1, " "1, " "1, " "1, " "1, " "1, " "1, " "1, " "1, " "1, " "1, " "1, " "1, " "1, " "1, " "1, " "1, " "1, " "1, " "1, " "1, " "1, " "1, " "1, " "1, " "1, " "1, " "1, " "1, " "1, " "1, " "1, " "1, " "1, " "1, " "1, " "1, " "1, " "1, " "1, " "1, " "1, " "1, " "1, " "1, " "1, " "1, " "1, " "1, " "1, " "1, " "1, " "1, " "1, " "1, " "1, " "1, " "1, " "1, " "1, " "1, " "1, " "1, " "1, " "1, " "1, " "1, " "1, " "1, " "1, " "1, " "1, " "1, " "1, " "1, " "1, " "1, " "1, " "1, " "1, " "1, " "1, " "1, " "1, " "1, " "1, " "1, " "1, " "1, " "1, " "1, " "1, " "1, " "1, " "1, " "1, " "1, " "1, " "1, " "1, " "1, " "1, " "1, " "1, " "1, " "1, " "1, " "1, " "1, " "1, " "1, " "1, " "1, " "1, " "1, " "1, " "1, " "1, " "1, " "1, " "1, " "1, " "1, " "1, " "1, " "1, " "1, " "1, " "1, " "1, " "1, " "1, " "1, " "1, " "1, " "1, " "1, " "1, " "1, " "1, " "1, " "1, " "1, " "1, " "1, " "1, " "1, " "1, " "1, " "1, " "1, " "1, " "1, " "1, " "1, " "1, " "1, " "1, " "1, " "1, " "1, " "1, " "1, " "1, " "1, " "1, " "1, " "1, " "1, " "1, " "1, " "1, " "1, " "1, " "1, " "1, " "1, " "1, " "1, " "1, " "1, " "1, " "1, " "1, " "1, " "1, " "1, " "1, " "1, " "1, " "1, " "1, " "1, " "1, " "1, " "1, " "1, " "1, " "1, " "1, " "1, " "1, " "1, " "1, " "1, " "1, " "1, " "1, " "1, " "1, " "1, " "1, " "1, " "1, " "1, " "1, " "1, " "1, " "1, " "1, " "1, " "1, " "1, " "1, " "1, " "1, " "1, " "1, " "1, " "1, " "1, " "1, " "1, " "1, " "1, " "1, " "0, " "1, " "1, " "1, " "1, " "1, " "1, " "1, " "1, " "1, " "1, " "1, " "1, " "1, " "1, " "1, " "1, "0
 "Nei241, 0.145, " "-0.343, " "1, " "1, " "1, " "1, " "1, " "1, " "1, " "1, " "1, " "1, " "1, " "1, " "1, " "1, " "1, " "1, " "1, " "1, " "1, " "1, " "1, " "1, " "1, " "1, " "1, " "1, " "1, " "1, " "1, " "1, " "1, " "1, " "1, " "1, " "1, " "1, " "1, " "1, " "1, " "1, " "1, " "1, " "1, " "1, " "1, " "1, " "1, " "1, " "1, " "1, " "1, " "1, " "1, " "1, " "1, " "1, " "1, " "1, " "1, " "1, " "1, " "1, " "1, " "1, " "1, " "1, " "1, " "1, " "1, " "1, " "1, " "1, " "1, " "1, " "1, " "1, " "1, " "1, " "1, " "1, " "1, " "1, " "1, " "1, " "1, " "1, " "1, " "1, " "1, " "1, " "1, " "1, " "1, " "1, " "1, " "1, " "1, " "1, " "1, " "1, " "1, " "1, " "1, " "1, " "1, " "1, " "1, " "1, " "1, " "1, " "1, " "1, " "1, " "1, " "1, " "1, " "1, " "1, " "1, " "1, " "1, " "1, " "1, " "1, " "1, " "1, " "1, " "1, " "1, " "1, " "1, " "1, " "1, " "1, " "1, " "1, " "1, " "1, " "1, " "1, " "1, " "1, " "1, " "1, " "1, " "1, " "1, " "1, " "1, " "1, " "1, " "1, " "1, " "1, " "1, " "1, " "1, " "1, " "1, " "1, " "1, " "1, " "1, " "1, " "1, " "1, " "1, " "1, " "1, " "1, " "1, " "1, " "1, " "1, " "1, " "1, " "1, " "1, " "1, " "1, " "1, " "1, " "1, " "1, " "1, " "1, " "1, " "1, " "1, " "1, " "1, " "1, " "1, " "1, " "1, " "1, " "1, " "1, " "1, " "1, " "1, " "1, " "1, " "1, " "1, " "1, " "1, " "1, " "1, " "1, " "1, " "1, " "1, " "1, " "1, " "1, " "1, " "1, " "1, " "1, " "1, " "1, " "1, " "1, " "1, " "1, " "1, " "1, " "1, " "1, " "1, " "1, " "1, " "1, " "1, " "1, " "1, " "1, " "1, " "1, " "1, " "0, " "1, " "1, " "1, " "1, " "1, " "1, " "1, " "1, " "1, " "1, " "1, " "1, " "1, " "1, " "1, "0
 "Nei242, 0.238, " "0.231, " "1, " "1, " "1, " "1, " "1, " "1, " "1, " "1, " "1, " "1, " "1, " "1, " "1, " "1, " "1, " "1, " "1, " "1, " "1, " "1, " "1, " "1, " "1, " "1, " "1, " "1, " "1, " "1, " "1, " "1, " "1, " "1, " "1, " "1, " "1, " "1, " "1, " "1, " "1, " "1, " "1, " "1, " "1, " "1, " "1, " "1, " "1, " "1, " "1, " "1, " "1, " "1, " "1, " "1, " "1, " "1, " "1, " "1, " "1, " "1, " "1, " "1, " "1, " "1, " "1, " "1, " "1, " "1, " "1, " "1, " "1, " "1, " "1, " "1, " "1, " "1, " "1, " "1, " "1, " "1, " "1, " "1, " "1, " "1, " "1, " "1, " "1, " "1, " "1, " "1, " "1, " "1, " "1, " "1, " "1, " "1, " "1, " "1, " "1, " "1, " "1, " "1, " "1, " "1, " "1, " "1, " "1, " "1, " "1, " "1, " "1, " "1, " "1, " "1, " "1, " "1, " "1, " "1, " "1, " "1, " "1, " "1, " "1, " "1, " "1, " "1, " "1, " "1, " "1, " "1, " "1, " "1, " "1, " "1, " "1, " "1, " "1, " "1, " "1, " "1, " "1, " "1, " "1, " "1, " "1, " "1, " "1, " "1, " "1, " "1, " "1, " "1, " "1, " "1, " "1, " "1, " "1, " "1, " "1, " "1, " "1, " "1, " "1, " "1, " "1, " "1, " "1, " "1, " "1, " "1, " "1, " "1, " "1, " "1, " "1, " "1, " "1, " "1, " "1, " "1, " "1, " "1, " "1, " "1, " "1, " "1, " "1, " "1, " "1, " "1, " "1, " "1, " "1, " "1, " "1, " "1, " "1, " "1, " "1, " "1, " "1, " "1, " "1, " "1, " "1, " "1, " "1, " "1, " "1, " "1, " "1, " "1, " "1, " "1, " "1, " "1, " "1, " "1, " "1, " "1, " "1, " "1, " "1, " "1, " "1, " "1, " "1, " "1, " "1, " "1, " "1, " "1, " "1, " "1, " "1, " "1, " "1, " "1, " "1, " "1, " "1, " "1, " "0, " "1, " "1, " "1, " "1, " "1, " "1, " "1, " "1, " "1, " "1, " "1, " "1, " "1, " "1, "0
 "Nei243, 0.465, " "0.741, " "1, " "1, " "1, " "1, " "1, " "1, " "1, " "1, " "1, " "1, " "1, " "1, " "1, " "1, " "1, " "1, " "1, " "1, " "1, " "1, " "1, " "1, " "1, " "1, " "1, " "1, " "1, " "1, " "1, " "1, " "1, " "1, " "1, " "1, " "1, " "1, " "1, " "1, " "1, " "1, " "1, " "1, " "1, " "1, " "1, " "1, " "1, " "1, " "1, " "1, " "1, " "1, " "1, " "1, " "1, " "1, " "1, " "1, " "1, " "1, " "1, " "1, " "1, " "1, " "1, " "1, " "1, " "1, " "1, " "1, " "1, " "1, " "1, " "1, " "1, " "1, " "1, " "1, " "1, " "1, " "1, " "1, " "1, " "1, " "1, " "1, " "1, " "1, " "1, " "1, " "1, " "1, " "1, " "1, " "1, " "1, " "1, " "1, " "1, " "1, " "1, " "1, " "1, " "1, " "1, " "1, " "1, " "1, " "1, " "1, " "1, " "1, " "1, " "1, " "1, " "1, " "1, " "1, " "1, " "1, " "1, " "1, " "1, " "1, " "1, " "1, " "1, " "1, " "1, " "1, " "1, " "1, " "1, " "1, " "1, " "1, " "1, " "1, " "1, " "1, " "1, " "1, " "1, " "1, " "1, " "1, " "1, " "1, " "1, " "1, " "1, " "1, " "1, " "1, " "1, " "1, " "1, " "1, " "1, " "1, " "1, " "1, " "1, " "1, " "1, " "1, " "1, " "1, " "1, " "1, " "1, " "1, " "1, " "1, " "1, " "1, " "1, " "1, " "1, " "1, " "1, " "1, " "1, " "1, " "1, " "1, " "1, " "1, " "1, " "1, " "1, " "1, " "1, " "1, " "1, " "1, " "1, " "1, " "1, " "1, " "1, " "1, " "1, " "1, " "1, " "1, " "1, " "1, " "1, " "1, " "1, " "1, " "1, " "1, " "1, " "1, " "1, " "1, " "1, " "1, " "1, " "1, " "1, " "1, " "1, " "1, " "1, " "1, " "1, " "1, " "1, " "1, " "1, " "1, " "1, " "1, " "1, " "1, " "1, " "1, " "1, " "1, " "1, " "0, " "1, " "1, " "1, " "1, " "1, " "1, " "1, " "1, " "1, " "1, " "1, " "1, " "1, "0
 "Nei244, 0.005, " "-0.391, " "1, " "1, " "1, " "1, " "1, " "1, " "1, " "1, " "1, " "1, " "1, " "1, " "1, " "1, " "1, " "1, " "1, " "1, " "1, " "1, " "1, " "1, " "1, " "1, " "1, " "1, " "1, " "1, " "1, " "1, " "1, " "1, " "1, " "1, " "1, " "1, " "1, " "1, " "1, " "1, " "1, " "1, " "1, " "1, " "1, " "1, " "1, " "1, " "1, " "1, " "1, " "1, " "1, " "1, " "1, " "1, " "1, " "1, " "1, " "1, " "1, " "1, " "1, " "1, " "1, " "1, " "1, " "1, " "1, " "1, " "1, " "1, " "1, " "1, " "1, " "1, " "1, " "1, " "1, " "1, " "1, " "1, " "1, " "1, " "1, " "1, " "1, " "1, " "1, " "1, " "1, " "1, " "1, " "1, " "1, " "1, " "1, " "1, " "1, " "1, " "1, " "1, " "1, " "1, " "1, " "1, " "1, " "1, " "1, " "1, " "1, " "1, " "1, " "1, " "1, " "1, " "1, " "1, " "1, " "1, " "1, " "1, " "1, " "1, " "1, " "1, " "1, " "1, " "1, " "1, " "1, " "1, " "1, " "1, " "1, " "1, " "1, " "1, " "1, " "1, " "1, " "1, " "1, " "1, " "1, " "1, " "1, " "1, " "1, " "1, " "1, " "1, " "1, " "1, " "1, " "1, " "1, " "1, " "1, " "1, " "1, " "1, " "1, " "1, " "1, " "1, " "1, " "1, " "1, " "1, " "1, " "1, " "1, " "1, " "1, " "1, " "1, " "1, " "1, " "1, " "1, " "1, " "1, " "1, " "1, " "1, " "1, " "1, " "1, " "1, " "1, " "1, " "1, " "1, " "1, " "1, " "1, " "1, " "1, " "1, " "1, " "1, " "1, " "1, " "1, " "1, " "1, " "1, " "1, " "1, " "1, " "1, " "1, " "1, " "1, " "1, " "1, " "1, " "1, " "1, " "1, " "1, " "1, " "1, " "1, " "1, " "1, " "1, " "1, " "1, " "1, " "1, " "1, " "1, " "1, " "1, " "1, " "1, " "1, " "1, " "1, " "1, " "1, " "1, " "0, " "1, " "1, " "1, " "1, " "1, " "1, " "1, " "1, " "1, " "1, " "1, " "1, "0
 "Nei245, 0.041, " "-0.308, " "1, " "1, " "1, " "1, " "1, " "1, " "1, " "1, " "1, " "1, " "1, " "1, " "1, " "1, " "1, " "1, " "1, " "1, " "1, " "1, " "1, " "1, " "1, " "1, " "1, " "1, " "1, " "1, " "1, " "1, " "1, " "1, " "1, " "1, " "1, " "1, " "1, " "1, " "1, " "1, " "1, " "1, " "1, " "1, " "1, " "1, " "1, " "1, " "1, " "1, " "1, " "1, " "1, " "1, " "1, " "1, " "1, " "1, " "1, " "1, " "1, " "1, " "1, " "1, " "1, " "1, " "1, " "1, " "1, " "1, " "1, " "1, " "1, " "1, " "1, " "1, " "1, " "1, " "1, " "1, " "1, " "1, " "1, " "1, " "1, " "1, " "1, " "1, " "1, " "1, " "1, " "1, " "1, " "1, " "1, " "1, " "1, " "1, " "1, " "1, " "1, " "1, " "1, " "1, " "1, " "1, " "1, " "1, " "1, " "1, " "1, " "1, " "1, " "1, " "1, " "1, " "1, " "1, " "1, " "1, " "1, " "1, " "1, " "1, " "1, " "1, " "1, " "1, " "1, " "1, " "1, " "1, " "1, " "1, " "1, " "1, " "1, " "1, " "1, " "1, " "1, " "1, " "1, " "1, " "1, " "1, " "1, " "1, " "1, " "1, " "1, " "1, " "1, " "1, " "1, " "1, " "1, " "1, " "1, " "1, " "1, " "1, " "1, " "1, " "1, " "1, " "1, " "1, " "1, " "1, " "1, " "1, " "1, " "1, " "1, " "1, " "1, " "1, " "1, " "1, " "1, " "1, " "1, " "1, " "1, " "1, " "1, " "1, " "1, " "1, " "1, " "1, " "1, " "1, " "1, " "1, " "1, " "1, " "1, " "1, " "1, " "1, " "1, " "1, " "1, " "1, " "1, " "1, " "1, " "1, " "1, " "1, " "1, " "1, " "1, " "1, " "1, " "1, " "1, " "1, " "1, " "1, " "1, " "1, " "1, " "1, " "1, " "1, " "1, " "1, " "1, " "1, " "1, " "1, " "1, " "1, " "1, " "1, " "1, " "1, " "1, " "1, " "1, " "1, " "1, " "0, " "1, " "1, " "1, " "1, " "1, " "1, " "1, " "1, " "1, " "1, " "1, "0
 "Nei246, 0.295, " "0.298, " "1, " "1, " "1, " "1, " "1, " "1, " "1, " "1, " "1, " "1, " "1, " "1, " "1, " "1, " "1, " "1, " "1, " "1, " "1, " "1, " "1, " "1, " "1, " "1, " "1, " "1, " "1, " "1, " "1, " "1, " "1, " "1, " "1, " "1, " "1, " "1, " "1, " "1, " "1, " "1, " "1, " "1, " "1, " "1, " "1, " "1, " "1, " "1, " "1, " "1, " "1, " "1, " "1, " "1, " "1, " "1, " "1, " "1, " "1, " "1, " "1, " "1, " "1, " "1, " "1, " "1, " "1, " "1, " "1, " "1, " "1, " "1, " "1, " "1, " "1, " "1, " "1, " "1, " "1, " "1, " "1, " "1, " "1, " "1, " "1, " "1, " "1, " "1, " "1, " "1, " "1, " "1, " "1, " "1, " "1, " "1, " "1, " "1, " "1, " "1, " "1, " "1, " "1, " "1, " "1, " "1, " "1, " "1, " "1, " "1, " "1, " "1, " "1, " "1, " "1, " "1, " "1, " "1, " "1, " "1, " "1, " "1, " "1, " "1, " "1, " "1, " "1, " "1, " "1, " "1, " "1, " "1, " "1, " "1, " "1, " "1, " "1, " "1, " "1, " "1, " "1, " "1, " "1, " "1, " "1, " "1, " "1, " "1, " "1, " "1, " "1, " "1, " "1, " "1, " "1, " "1, " "1, " "1, " "1, " "1, " "1, " "1, " "1, " "1, " "1, " "1, " "1, " "1, " "1, " "1, " "1, " "1, " "1, " "1, " "1, " "1, " "1, " "1, " "1, " "1, " "1, " "1, " "1, " "1, " "1, " "1, " "1, " "1, " "1, " "1, " "1, " "1, " "1, " "1, " "1, " "1, " "1, " "1, " "1, " "1, " "1, " "1, " "1, " "1, " "1, " "1, " "1, " "1, " "1, " "1, " "1, " "1, " "1, " "1, " "1, " "1, " "1, " "1, " "1, " "1, " "1, " "1, " "1, " "1, " "1, " "1, " "1, " "1, " "1, " "1, " "1, " "1, " "1, " "1, " "1, " "1, " "1, " "1, " "1, " "1, " "1, " "1, " "1, " "1, " "1, " "1, " "0, " "1, " "1, " "1, " "1, " "1, " "1, " "1, " "1, " "1, " "1, "0
 "Nei247, 0.231, " "-0.523, " "1, " "1, " "1, " "1, " "1, " "1, " "1, " "1, " "1, " "1, " "1, " "1, " "1, " "1, " "1, " "1, " "1, " "1, " "1, " "1, " "1, " "1, " "1, " "1, " "1, " "1, " "1, " "1, " "1, " "1, " "1, " "1, " "1, " "1, " "1, " "1, " "1, " "1, " "1, " "1, " "1, " "1, " "1, " "1, " "1, " "1, " "1, " "1, " "1, " "1, " "1, " "1, " "1, " "1, " "1, " "1, " "1, " "1, " "1, " "1, " "1, " "1, " "1, " "1, " "1, " "1, " "1, " "1, " "1, " "1, " "1, " "1, " "1, " "1, " "1, " "1, " "1, " "1, " "1, " "1, " "1, " "1, " "1, " "1, " "1, " "1, " "1, " "1, " "1, " "1, " "1, " "1, " "1, " "1, " "1, " "1, " "1, " "1, " "1, " "1, " "1, " "1, " "1, " "1, " "1, " "1, " "1, " "1, " "1, " "1, " "1, " "1, " "1, " "1, " "1, " "1, " "1, " "1, " "1, " "1, " "1, " "1, " "1, " "1, " "1, " "1, " "1, " "1, " "1, " "1, " "1, " "1, " "1, " "1, " "1, " "1, " "1, " "1, " "1, " "1, " "1, " "1, " "1, " "1, " "1, " "1, " "1, " "1, " "1, " "1, " "1, " "1, " "1, " "1, " "1, " "1, " "1, " "1, " "1, " "1, " "1, " "1, " "1, " "1, " "1, " "1, " "1, " "1, " "1, " "1, " "1, " "1, " "1, " "1, " "1, " "1, " "1, " "1, " "1, " "1, " "1, " "1, " "1, " "1, " "1, " "1, " "1, " "1, " "1, " "1, " "1, " "1, " "1, " "1, " "1, " "1, " "1, " "1, " "1, " "1, " "1, " "1, " "1, " "1, " "1, " "1, " "1, " "1, " "1, " "1, " "1, " "1, " "1, " "1, " "1, " "1, " "1, " "1, " "1, " "1, " "1, " "1, " "1, " "1, " "1, " "1, " "1, " "1, " "1, " "1, " "1, " "1, " "1, " "1, " "1, " "1, " "1, " "1, " "1, " "1, " "1, " "1, " "1, " "1, " "1, " "1, " "1, " "0, " "1, " "1, " "1, " "1, " "1, " "1, " "1, " "1, " "1, "0
 "Nei248, 0.442, " "0.404, " "1, " "1, " "1, " "1, " "1, " "1, " "1, " "1, " "1, " "1, " "1, " "1, " "1, " "1, " "1, " "1, " "1, " "1, " "1, " "1, " "1, " "1, " "1, " "1, " "1, " "1, " "1, " "1, " "1, " "1, " "1, " "1, " "1, " "1, " "1, " "1, " "1, " "1, " "1, " "1, " "1, " "1, " "1, " "1, " "1, " "1, " "1, " "1, " "1, " "1, " "1, " "1, " "1, " "1, " "1, " "1, " "1, " "1, " "1, " "1, " "1, " "1, " "1, " "1, " "1, " "1, " "1, " "1, " "1, " "1, " "1, " "1, " "1, " "1, " "1, " "1, " "1, " "1, " "1, " "1, " "1, " "1, " "1, " "1, " "1, " "1, " "1, " "1, " "1, " "1, " "1, " "1, " "1, " "1, " "1, " "1, " "1, " "1, " "1, " "1, " "1, " "1, " "1, " "1, " "1, " "1, " "1, " "1, " "1, " "1, " "1, " "1, " "1, " "1, " "1, " "1, " "1, " "1, " "1, " "1, " "1, " "1, " "1, " "1, " "1, " "1, " "1, " "1, " "1, " "1, " "1, " "1, " "1, " "1, " "1, " "1, " "1, " "1, " "1, " "1, " "1, " "1, " "1, " "1, " "1, " "1, " "1, " "1, " "1, " "1, " "1, " "1, " "1, " "1, " "1, " "1, " "1, " "1, " "1, " "1, " "1, " "1, " "1, " "1, " "1, " "1, " "1, " "1, " "1, " "1, " "1, " "1, " "1, " "1, " "1, " "1, " "1, " "1, " "1, " "1, " "1, " "1, " "1, " "1, " "1, " "1, " "1, " "1, " "1, " "1, " "1, " "1, " "1, " "1, " "1, " "1, " "1, " "1, " "1, " "1, " "1, " "1, " "1, " "1, " "1, " "1, " "1, " "1, " "1, " "1, " "1, " "1, " "1, " "1, " "1, " "1, " "1, " "1, " "1, " "1, " "1, " "1, " "1, " "1, " "1, " "1, " "1, " "1, " "1, " "1, " "1, " "1, " "1, " "1, " "1, " "1, " "1, " "1, " "1, " "1, " "1, " "1, " "1, " "1, " "1, " "1, " "1, " "1, " "0, " "1, " "1, " "1, " "1, " "1, " "1, " "1, " "1, "0
 "Nei249, 0.582, " "-0.074, " "1, " "1, " "1, " "1, " "1, " "1, " "1, " "1, " "1, " "1, " "1, " "1, " "1, " "1, " "1, " "1, " "1, " "1, " "1, " "1, " "1, " "1, " "1, " "1, " "1, " "1, " "1, " "1, " "1, " "1, " "1, " "1, " "1, " "1, " "1, " "1, " "1, " "1, " "1, " "1, " "1, " "1, " "1, " "1, " "1, " "1, " "1, " "1, " "1, " "1, " "1, " "1, " "1, " "1, " "1, " "1, " "1, " "1, " "1, " "1, " "1, " "1, " "1, " "1, " "1, " "1, " "1, " "1, " "1, " "1, " "1, " "1, " "1, " "1, " "1, " "1, " "1, " "1, " "1, " "1, " "1, " "1, " "1, " "1, " "1, " "1, " "1, " "1, " "1, " "1, " "1, " "1, " "1, " "1, " "1, " "1, " "1, " "1, " "1, " "1, " "1, " "1, " "1, " "1, " "1, " "1, " "1, " "1, " "1, " "1, " "1, " "1, " "1, " "1, " "1, " "1, " "1, " "1, " "1, " "1, " "1, " "1, " "1, " "1, " "1, " "1, " "1, " "1, " "1, " "1, " "1, " "1, " "1, " "1, " "1, " "1, " "1, " "1, " "1, " "1, " "1, " "1, " "1, " "1, " "1, " "1, " "1, " "1, " "1, " "1, " "1, " "1, " "1, " "1, " "1, " "1, " "1, " "1, " "1, " "1, " "1, " "1, " "1, " "1, " "1, " "1, " "1, " "1, " "1, " "1, " "1, " "1, " "1, " "1, " "1, " "1, " "1, " "1, " "1, " "1, " "1, " "1, " "1, " "1, " "1, " "1, " "1, " "1, " "1, " "1, " "1, " "1, " "1, " "1, " "1, " "1, " "1, " "1, " "1, " "1, " "1, " "1, " "1, " "1, " "1, " "1, " "1, " "1, " "1, " "1, " "1, " "1, " "1, " "1, " "1, " "1, " "1, " "1, " "1, " "1, " "1, " "1, " "1, " "1, " "1, " "1, " "1, " "1, " "1, " "1, " "1, " "1, " "1, " "1, " "1, " "1, " "1, " "1, " "1, " "1, " "1, " "1, " "1, " "1, " "1, " "1, " "1, " "1, " "1, " "0, " "1, " "1, " "1, " "1, " "1, " "1, " "1, "0
 "Nei250, 0.594, " "-0.323, " "1, " "1, " "1, " "1, " "1, " "1, " "1, " "1, " "1, " "1, " "1, " "1, " "1, " "1, " "1, " "1, " "1, " "1, " "1, " "1, " "1, " "1, " "1, " "1, " "1, " "1, " "1, " "1, " "1, " "1, " "1, " "1, " "1, " "1, " "1, " "1, " "1, " "1, " "1, " "1, " "1, " "1, " "1, " "1, " "1, " "1, " "1, " "1, " "1, " "1, " "1, " "1, " "1, " "1, " "1, " "1, " "1, " "1, " "1, " "1, " "1, " "1, " "1, " "1, " "1, " "1, " "1, " "1, " "1, " "1, " "1, " "1, " "1, " "1, " "1, " "1, " "1, " "1, " "1, " "1, " "1, " "1, " "1, " "1, " "1, " "1, " "1, " "1, " "1, " "1, " "1, " "1, " "1, " "1, " "1, " "1, " "1, " "1, " "1, " "1, " "1, " "1, " "1, " "1, " "1, " "1, " "1, " "1, " "1, " "1, " "1, " "1, " "1, " "1, " "1, " "1, " "1, " "1, " "1, " "1, " "1, " "1, " "1, " "1, " "1, " "1, " "1, " "1, " "1, " "1, " "1, " "1, " "1, " "1, " "1, " "1, " "1, " "1, " "1, " "1, " "1, " "1, " "1, " "1, " "1, " "1, " "1, " "1, " "1, " "1, " "1, " "1, " "1, " "1, " "1, " "1, " "1, " "1, " "1, " "1, " "1, " "1, " "1, " "1, " "1, " "1, " "1, " "1, " "1, " "1, " "1, " "1, " "1, " "1, " "1, " "1, " "1, " "1, " "1, " "1, " "1, " "1, " "1, " "1, " "1, " "1, " "1, " "1, " "1, " "1, " "1, " "1, " "1, " "1, " "1, " "1, " "1, " "1, " "1, " "1, " "1, " "1, " "1, " "1, " "1, " "1, " "1, " "1, " "1, " "1, " "1, " "1, " "1, " "1, " "1, " "1, " "1, " "1, " "1, " "1, " "1, " "1, " "1, " "1, " "1, " "1, " "1, " "1, " "1, " "1, " "1, " "1, " "1, " "1, " "1, " "1, " "1, " "1, " "1, " "1, " "1, " "1, " "1, " "1, " "1, " "1, " "1, " "1, " "1, " "1, " "0, " "1, " "1, " "1, " "1, " "1, " "1, "0
 "Nei251, 0.39, " "0.886, " "1, " "1, " "1, " "1, " "1, " "1, " "1, " "1, " "1, " "1, " "1, " "1, " "1, " "1, " "1, " "1, " "1, " "1, " "1, " "1, " "1, " "1, " "1, " "1, " "1, " "1, " "1, " "1, " "1, " "1, " "1, " "1, " "1, " "1, " "1, " "1, " "1, " "1, " "1, " "1, " "1, " "1, " "1, " "1, " "1, " "1, " "1, " "1, " "1, " "1, " "1, " "1, " "1, " "1, " "1, " "1, " "1, " "1, " "1, " "1, " "1, " "1, " "1, " "1, " "1, " "1, " "1, " "1, " "1, " "1, " "1, " "1, " "1, " "1, " "1, " "1, " "1, " "1, " "1, " "1, " "1, " "1, " "1, " "1, " "1, " "1, " "1, " "1, " "1, " "1, " "1, " "1, " "1, " "1, " "1, " "1, " "1, " "1, " "1, " "1, " "1, " "1, " "1, " "1, " "1, " "1, " "1, " "1, " "1, " "1, " "1, " "1, " "1, " "1, " "1, " "1, " "1, " "1, " "1, " "1, " "1, " "1, " "1, " "1, " "1, " "1, " "1, " "1, " "1, " "1, " "1, " "1, " "1, " "1, " "1, " "1, " "1, " "1, " "1, " "1, " "1, " "1, " "1, " "1, " "1, " "1, " "1, " "1, " "1, " "1, " "1, " "1, " "1, " "1, " "1, " "1, " "1, " "1, " "1, " "1, " "1, " "1, " "1, " "1, " "1, " "1, " "1, " "1, " "1, " "1, " "1, " "1, " "1, " "1, " "1, " "1, " "1, " "1, " "1, " "1, " "1, " "1, " "1, " "1, " "1, " "1, " "1, " "1, " "1, " "1, " "1, " "1, " "1, " "1, " "1, " "1, " "1, " "1, " "1, " "1, " "1, " "1, " "1, " "1, " "1, " "1, " "1, " "1, " "1, " "1, " "1, " "1, " "1, " "1, " "1, " "1, " "1, " "1, " "1, " "1, " "1, " "1, " "1, " "1, " "1, " "1, " "1, " "1, " "1, " "1, " "1, " "1, " "1, " "1, " "1, " "1, " "1, " "1, " "1, " "1, " "1, " "1, " "1, " "1, " "1, " "1, " "1, " "1, " "1, " "1, " "1, " "0, " "1, " "1, " "1, " "1, " "1, "0
 "Nei252, 0.544, " "-0.447, " "1, " "1, " "1, " "1, " "1, " "1, " "1, " "1, " "1, " "1, " "1, " "1, " "1, " "1, " "1, " "1, " "1, " "1, " "1, " "1, " "1, " "1, " "1, " "1, " "1, " "1, " "1, " "1, " "1, " "1, " "1, " "1, " "1, " "1, " "1, " "1, " "1, " "1, " "1, " "1, " "1, " "1, " "1, " "1, " "1, " "1, " "1, " "1, " "1, " "1, " "1, " "1, " "1, " "1, " "1, " "1, " "1, " "1, " "1, " "1, " "1, " "1, " "1, " "1, " "1, " "1, " "1, " "1, " "1, " "1, " "1, " "1, " "1, " "1, " "1, " "1, " "1, " "1, " "1, " "1, " "1, " "1, " "1, " "1, " "1, " "1, " "1, " "1, " "1, " "1, " "1, " "1, " "1, " "1, " "1, " "1, " "1, " "1, " "1, " "1, " "1, " "1, " "1, " "1, " "1, " "1, " "1, " "1, " "1, " "1, " "1, " "1, " "1, " "1, " "1, " "1, " "1, " "1, " "1, " "1, " "1, " "1, " "1, " "1, " "1, " "1, " "1, " "1, " "1, " "1, " "1, " "1, " "1, " "1, " "1, " "1, " "1, " "1, " "1, " "1, " "1, " "1, " "1, " "1, " "1, " "1, " "1, " "1, " "1, " "1, " "1, " "1, " "1, " "1, " "1, " "1, " "1, " "1, " "1, " "1, " "1, " "1, " "1, " "1, " "1, " "1, " "1, " "1, " "1, " "1, " "1, " "1, " "1, " "1, " "1, " "1, " "1, " "1, " "1, " "1, " "1, " "1, " "1, " "1, " "1, " "1, " "1, " "1, " "1, " "1, " "1, " "1, " "1, " "1, " "1, " "1, " "1, " "1, " "1, " "1, " "1, " "1, " "1, " "1, " "1, " "1, " "1, " "1, " "1, " "1, " "1, " "1, " "1, " "1, " "1, " "1, " "1, " "1, " "1, " "1, " "1, " "1, " "1, " "1, " "1, " "1, " "1, " "1, " "1, " "1, " "1, " "1, " "1, " "1, " "1, " "1, " "1, " "1, " "1, " "1, " "1, " "1, " "1, " "1, " "1, " "1, " "1, " "1, " "1, " "1, " "1, " "1, " "0, " "1, " "1, " "1, " "1, "0
 "Nei253, 0.573, " "-0.35, " "1, " "1, " "1, " "1, " "1, " "1, " "1, " "1, " "1, " "1, " "1, " "1, " "1, " "1, " "1, " "1, " "1, " "1, " "1, " "1, " "1, " "1, " "1, " "1, " "1, " "1, " "1, " "1, " "1, " "1, " "1, " "1, " "1, " "1, " "1, " "1, " "1, " "1, " "1, " "1, " "1, " "1, " "1, " "1, " "1, " "1, " "1, " "1, " "1, " "1, " "1, " "1, " "1, " "1, " "1, " "1, " "1, " "1, " "1, " "1, " "1, " "1, " "1, " "1, " "1, " "1, " "1, " "1, " "1, " "1, " "1, " "1, " "1, " "1, " "1, " "1, " "1, " "1, " "1, " "1, " "1, " "1, " "1, " "1, " "1, " "1, " "1, " "1, " "1, " "1, " "1, " "1, " "1, " "1, " "1, " "1, " "1, " "1, " "1, " "1, " "1, " "1, " "1, " "1, " "1, " "1, " "1, " "1, " "1, " "1, " "1, " "1, " "1, " "1, " "1, " "1, " "1, " "1, " "1, " "1, " "1, " "1, " "1, " "1, " "1, " "1, " "1, " "1, " "1, " "1, " "1, " "1, " "1, " "1, " "1, " "1, " "1, " "1, " "1, " "1, " "1, " "1, " "1, " "1, " "1, " "1, " "1, " "1, " "1, " "1, " "1, " "1, " "1, " "1, " "1, " "1, " "1, " "1, " "1, " "1, " "1, " "1, " "1, " "1, " "1, " "1, " "1, " "1, " "1, " "1, " "1, " "1, " "1, " "1, " "1, " "1, " "1, " "1, " "1, " "1, " "1, " "1, " "1, " "1, " "1, " "1, " "1, " "1, " "1, " "1, " "1, " "1, " "1, " "1, " "1, " "1, " "1, " "1, " "1, " "1, " "1, " "1, " "1, " "1, " "1, " "1, " "1, " "1, " "1, " "1, " "1, " "1, " "1, " "1, " "1, " "1, " "1, " "1, " "1, " "1, " "1, " "1, " "1, " "1, " "1, " "1, " "1, " "1, " "1, " "1, " "1, " "1, " "1, " "1, " "1, " "1, " "1, " "1, " "1, " "1, " "1, " "1, " "1, " "1, " "1, " "1, " "1, " "1, " "1, " "1, " "1, " "1, " "1, " "0, " "1, " "1, " "1, "0
 "Nei254, 0.391, " "0.433, " "1, " "1, " "1, " "1, " "1, " "1, " "1, " "1, " "1, " "1, " "1, " "1, " "1, " "1, " "1, " "1, " "1, " "1, " "1, " "1, " "1, " "1, " "1, " "1, " "1, " "1, " "1, " "1, " "1, " "1, " "1, " "1, " "1, " "1, " "1, " "1, " "1, " "1, " "1, " "1, " "1, " "1, " "1, " "1, " "1, " "1, " "1, " "1, " "1, " "1, " "1, " "1, " "1, " "1, " "1, " "1, " "1, " "1, " "1, " "1, " "1, " "1, " "1, " "1, " "1, " "1, " "1, " "1, " "1, " "1, " "1, " "1, " "1, " "1, " "1, " "1, " "1, " "1, " "1, " "1, " "1, " "1, " "1, " "1, " "1, " "1, " "1, " "1, " "1, " "1, " "1, " "1, " "1, " "1, " "1, " "1, " "1, " "1, " "1, " "1, " "1, " "1, " "1, " "1, " "1, " "1, " "1, " "1, " "1, " "1, " "1, " "1, " "1, " "1, " "1, " "1, " "1, " "1, " "1, " "1, " "1, " "1, " "1, " "1, " "1, " "1, " "1, " "1, " "1, " "1, " "1, " "1, " "1, " "1, " "1, " "1, " "1, " "1, " "1, " "1, " "1, " "1, " "1, " "1, " "1, " "1, " "1, " "1, " "1, " "1, " "1, " "1, " "1, " "1, " "1, " "1, " "1, " "1, " "1, " "1, " "1, " "1, " "1, " "1, " "1, " "1, " "1, " "1, " "1, " "1, " "1, " "1, " "1, " "1, " "1, " "1, " "1, " "1, " "1, " "1, " "1, " "1, " "1, " "1, " "1, " "1, " "1, " "1, " "1, " "1, " "1, " "1, " "1, " "1, " "1, " "1, " "1, " "1, " "1, " "1, " "1, " "1, " "1, " "1, " "1, " "1, " "1, " "1, " "1, " "1, " "1, " "1, " "1, " "1, " "1, " "1, " "1, " "1, " "1, " "1, " "1, " "1, " "1, " "1, " "1, " "1, " "1, " "1, " "1, " "1, " "1, " "1, " "1, " "1, " "1, " "1, " "1, " "1, " "1, " "1, " "1, " "1, " "1, " "1, " "1, " "1, " "1, " "1, " "1, " "1, " "1, " "1, " "1, " "1, " "0, " "1, " "1, "0
 "Nei255, 0.422, " "0.133, " "1, " "1, " "1, " "1, " "1, " "1, " "1, " "1, " "1, " "1, " "1, " "1, " "1, " "1, " "1, " "1, " "1, " "1, " "1, " "1, " "1, " "1, " "1, " "1, " "1, " "1, " "1, " "1, " "1, " "1, " "1, " "1, " "1, " "1, " "1, " "1, " "1, " "1, " "1, " "1, " "1, " "1, " "1, " "1, " "1, " "1, " "1, " "1, " "1, " "1, " "1, " "1, " "1, " "1, " "1, " "1, " "1, " "1, " "1, " "1, " "1, " "1, " "1, " "1, " "1, " "1, " "1, " "1, " "1, " "1, " "1, " "1, " "1, " "1, " "1, " "1, " "1, " "1, " "1, " "1, " "1, " "1, " "1, " "1, " "1, " "1, " "1, " "1, " "1, " "1, " "1, " "1, " "1, " "1, " "1, " "1, " "1, " "1, " "1, " "1, " "1, " "1, " "1, " "1, " "1, " "1, " "1, " "1, " "1, " "1, " "1, " "1, " "1, " "1, " "1, " "1, " "1, " "1, " "1, " "1, " "1, " "1, " "1, " "1, " "1, " "1, " "1, " "1, " "1, " "1, " "1, " "1, " "1, " "1, " "1, " "1, " "1, " "1, " "1, " "1, " "1, " "1, " "1, " "1, " "1, " "1, " "1, " "1, " "1, " "1, " "1, " "1, " "1, " "1, " "1, " "1, " "1, " "1, " "1, " "1, " "1, " "1, " "1, " "1, " "1, " "1, " "1, " "1, " "1, " "1, " "1, " "1, " "1, " "1, " "1, " "1, " "1, " "1, " "1, " "1, " "1, " "1, " "1, " "1, " "1, " "1, " "1, " "1, " "1, " "1, " "1, " "1, " "1, " "1, " "1, " "1, " "1, " "1, " "1, " "1, " "1, " "1, " "1, " "1, " "1, " "1, " "1, " "1, " "1, " "1, " "1, " "1, " "1, " "1, " "1, " "1, " "1, " "1, " "1, " "1, " "1, " "1, " "1, " "1, " "1, " "1, " "1, " "1, " "1, " "1, " "1, " "1, " "1, " "1, " "1, " "1, " "1, " "1, " "1, " "1, " "1, " "1, " "1, " "1, " "1, " "1, " "1, " "1, " "1, " "1, " "1, " "1, " "1, " "1, " "1, " "0, " "1, "0
 "Nei256, 0.129, " "-0.858, " "1, " "1, " "1, " "1, " "1, " "1, " "1, " "1, " "1, " "1, " "1, " "1, " "1, " "1, " "1, " "1, " "1, " "1, " "1, " "1, " "1, " "1, " "1, " "1, " "1, " "1, " "1, " "1, " "1, " "1, " "1, " "1, " "1, " "1, " "1, " "1, " "1, " "1, " "1, " "1, " "1, " "1, " "1, " "1, " "1, " "1, " "1, " "1, " "1, " "1, " "1, " "1, " "1, " "1, " "1, " "1, " "1, " "1, " "1, " "1, " "1, " "1, " "1, " "1, " "1, " "1, " "1, " "1, " "1, " "1, " "1, " "1, " "1, " "1, " "1, " "1, " "1, " "1, " "1, " "1, " "1, " "1, " "1, " "1, " "1, " "1, " "1, " "1, " "1, " "1, " "1, " "1, " "1, " "1, " "1, " "1, " "1, " "1, " "1, " "1, " "1, " "1, " "1, " "1, " "1, " "1, " "1, " "1, " "1, " "1, " "1, " "1, " "1, " "1, " "1, " "1, " "1, " "1, " "1, " "1, " "1, " "1, " "1, " "1, " "1, " "1, " "1, " "1, " "1, " "1, " "1, " "1, " "1, " "1, " "1, " "1, " "1, " "1, " "1, " "1, " "1, " "1, " "1, " "1, " "1, " "1, " "1, " "1, " "1, " "1, " "1, " "1, " "1, " "1, " "1, " "1, " "1, " "1, " "1, " "1, " "1, " "1, " "1, " "1, " "1, " "1, " "1, " "1, " "1, " "1, " "1, " "1, " "1, " "1, " "1, " "1, " "1, " "1, " "1, " "1, " "1, " "1, " "1, " "1, " "1, " "1, " "1, " "1, " "1, " "1, " "1, " "1, " "1, " "1, " "1, " "1, " "1, " "1, " "1, " "1, " "1, " "1, " "1, " "1, " "1, " "1, " "1, " "1, " "1, " "1, " "1, " "1, " "1, " "1, " "1, " "1, " "1, " "1, " "1, " "1, " "1, " "1, " "1, " "1, " "1, " "1, " "1, " "1, " "1, " "1, " "1, " "1, " "1, " "1, " "1, " "1, " "1, " "1, " "1, " "1, " "1, " "1, " "1, " "1, " "1, " "1, " "1, " "1, " "1, " "1, " "1, " "1, " "1, " "1, " "1, " "1, " "0, "0
 "Nei0, 0.267, " "-0.003, " "0, " "1, " "1, " "1, " "1, " "1, " "1, " "1, " "1, " "1, " "1, " "1, " "1, " "1, " "1, " "1, " "1, " "1, " "1, " "1, " "1, " "1, " "1, " "1, " "1, " "1, " "1, " "1, " "1, " "1, " "1, " "1, " "1, " "1, " "1, " "1, " "1, " "1, " "1, " "1, " "1, " "1, " "1, " "1, " "1, " "1, " "1, " "1, " "1, " "1, " "1, " "1, " "1, " "1, " "1, " "1, " "1, " "1, " "1, " "1, " "1, " "1, " "1, " "1, " "1, " "1, " "1, " "1, " "1, " "1, " "1, " "1, " "1, " "1, " "1, " "1, " "1, " "1, " "1, " "1, " "1, " "1, " "1, " "1, " "1, " "1, " "1, " "1, " "1, " "1, " "1, " "1, " "1, " "1, " "1, " "1, " "1, " "1, " "1, " "1, " "1, " "1, " "1, " "1, " "1, " "1, " "1, " "1, " "1, " "1, " "1, " "1, " "1, " "1, " "1, " "1, " "1, " "1, " "1, " "1, " "1, " "1, " "1, " "1, " "1, " "1, " "1, " "1, " "1, " "1, " "1, " "1, " "1, " "1, " "1, " "1, " "1, " "1, " "1, " "1, " "1, " "1, " "1, " "1, " "1, " "1, " "1, " "1, " "1, " "1, " "1, " "1, " "1, " "1, " "1, " "1, " "1, " "1, " "1, " "1, " "1, " "1, " "1, " "1, " "1, " "1, " "1, " "1, " "1, " "1, " "1, " "1, " "1, " "1, " "1, " "1, " "1, " "1, " "1, " "1, " "1, " "1, " "1, " "1, " "1, " "1, " "1, " "1, " "1, " "1, " "1, " "1, " "1, " "1, " "1, " "1, " "1, " "1, " "1, " "1, " "1, " "1, " "1, " "1, " "1, " "1, " "1, " "1, " "1, " "1, " "1, " "1, " "1, " "1, " "1, " "1, " "1, " "1, " "1, " "1, " "1, " "1, " "1, " "1, " "1, " "1, " "1, " "1, " "1, " "1, " "1, " "1, " "1, " "1, " "1, " "1, " "1, " "1, " "1, " "1, " "1, " "1, " "1, " "1, " "1, " "1, " "1, " "1, " "1, " "1, " "1, " "1, " "1, " "1, " "1, " "1, " "1, "203
 "Nei1, 0.097, " "-0.003, " "1, " "0, " "1, " "1, " "1, " "1, " "1, " "1, " "1, " "1, " "1, " "1, " "1, " "1, " "1, " "1, " "1, " "1, " "1, " "1, " "1, " "1, " "1, " "1, " "1, " "1, " "1, " "1, " "1, " "1, " "1, " "1, " "1, " "1, " "1, " "1, " "1, " "1, " "1, " "1, " "1, " "1, " "1, " "1, " "1, " "1, " "1, " "1, " "1, " "1, " "1, " "1, " "1, " "1, " "1, " "1, " "1, " "1, " "1, " "1, " "1, " "1, " "1, " "1, " "1, " "1, " "1, " "1, " "1, " "1, " "1, " "1, " "1, " "1, " "1, " "1, " "1, " "1, " "1, " "1, " "1, " "1, " "1, " "1, " "1, " "1, " "1, " "1, " "1, " "1, " "1, " "1, " "1, " "1, " "1, " "1, " "1, " "1, " "1, " "1, " "1, " "1, " "1, " "1, " "1, " "1, " "1, " "1, " "1, " "1, " "1, " "1, " "1, " "1, " "1, " "1, " "1, " "1, " "1, " "1, " "1, " "1, " "1, " "1, " "1, " "1, " "1, " "1, " "1, " "1, " "1, " "1, " "1, " "1, " "1, " "1, " "1, " "1, " "1, " "1, " "1, " "1, " "1, " "1, " "1, " "1, " "1, " "1, " "1, " "1, " "1, " "1, " "1, " "1, " "1, " "1, " "1, " "1, " "1, " "1, " "1, " "1, " "1, " "1, " "1, " "1, " "1, " "1, " "1, " "1, " "1, " "1, " "1, " "1, " "1, " "1, " "1, " "1, " "1, " "1, " "1, " "1, " "1, " "1, " "1, " "1, " "1, " "1, " "1, " "1, " "1, " "1, " "1, " "1, " "1, " "1, " "1, " "1, " "1, " "1, " "1, " "1, " "1, " "1, " "1, " "1, " "1, " "1, " "1, " "1, " "1, " "1, " "1, " "1, " "1, " "1, " "1, " "1, " "1, " "1, " "1, " "1, " "1, " "1, " "1, " "1, " "1, " "1, " "1, " "1, " "1, " "1, " "1, " "1, " "1, " "1, " "1, " "1, " "1, " "1, " "1, " "1, " "1, " "1, " "1, " "1, " "1, " "1, " "1, " "1, " "1, " "1, " "1, " "1, " "1, " "1, " "1, "203
 "Nei2, 0.449, " "-0.003, " "1, " "1, " "0, " "1, " "1, " "1, " "1, " "1, " "1, " "1, " "1, " "1, " "1, " "1, " "1, " "1, " "1, " "1, " "1, " "1, " "1, " "1, " "1, " "1, " "1, " "1, " "1, " "1, " "1, " "1, " "1, " "1, " "1, " "1, " "1, " "1, " "1, " "1, " "1, " "1, " "1, " "1, " "1, " "1, " "1, " "1, " "1, " "1, " "1, " "1, " "1, " "1, " "1, " "1, " "1, " "1, " "1, " "1, " "1, " "1, " "1, " "1, " "1, " "1, " "1, " "1, " "1, " "1, " "1, " "1, " "1, " "1, " "1, " "1, " "1, " "1, " "1, " "1, " "1, " "1, " "1, " "1, " "1, " "1, " "1, " "1, " "1, " "1, " "1, " "1, " "1, " "1, " "1, " "1, " "1, " "1, " "1, " "1, " "1, " "1, " "1, " "1, " "1, " "1, " "1, " "1, " "1, " "1, " "1, " "1, " "1, " "1, " "1, " "1, " "1, " "1, " "1, " "1, " "1, " "1, " "1, " "1, " "1, " "1, " "1, " "1, " "1, " "1, " "1, " "1, " "1, " "1, " "1, " "1, " "1, " "1, " "1, " "1, " "1, " "1, " "1, " "1, " "1, " "1, " "1, " "1, " "1, " "1, " "1, " "1, " "1, " "1, " "1, " "1, " "1, " "1, " "1, " "1, " "1, " "1, " "1, " "1, " "1, " "1, " "1, " "1, " "1, " "1, " "1, " "1, " "1, " "1, " "1, " "1, " "1, " "1, " "1, " "1, " "1, " "1, " "1, " "1, " "1, " "1, " "1, " "1, " "1, " "1, " "1, " "1, " "1, " "1, " "1, " "1, " "1, " "1, " "1, " "1, " "1, " "1, " "1, " "1, " "1, " "1, " "1, " "1, " "1, " "1, " "1, " "1, " "1, " "1, " "1, " "1, " "1, " "1, " "1, " "1, " "1, " "1, " "1, " "1, " "1, " "1, " "1, " "1, " "1, " "1, " "1, " "1, " "1, " "1, " "1, " "1, " "1, " "1, " "1, " "1, " "1, " "1, " "1, " "1, " "1, " "1, " "1, " "1, " "1, " "1, " "1, " "1, " "1, " "1, " "1, " "1, " "1, " "1, " "1, "203
 "Nei3, 0.545, " "-0.003, " "1, " "1, " "1, " "0, " "1, " "1, " "1, " "1, " "1, " "1, " "1, " "1, " "1, " "1, " "1, " "1, " "1, " "1, " "1, " "1, " "1, " "1, " "1, " "1, " "1, " "1, " "1, " "1, " "1, " "1, " "1, " "1, " "1, " "1, " "1, " "1, " "1, " "1, " "1, " "1, " "1, " "1, " "1, " "1, " "1, " "1, " "1, " "1, " "1, " "1, " "1, " "1, " "1, " "1, " "1, " "1, " "1, " "1, " "1, " "1, " "1, " "1, " "1, " "1, " "1, " "1, " "1, " "1, " "1, " "1, " "1, " "1, " "1, " "1, " "1, " "1, " "1, " "1, " "1, " "1, " "1, " "1, " "1, " "1, " "1, " "1, " "1, " "1, " "1, " "1, " "1, " "1, " "1, " "1, " "1, " "1, " "1, " "1, " "1, " "1, " "1, " "1, " "1, " "1, " "1, " "1, " "1, " "1, " "1, " "1, " "1, " "1, " "1, " "1, " "1, " "1, " "1, " "1, " "1, " "1, " "1, " "1, " "1, " "1, " "1, " "1, " "1, " "1, " "1, " "1, " "1, " "1, " "1, " "1, " "1, " "1, " "1, " "1, " "1, " "1, " "1, " "1, " "1, " "1, " "1, " "1, " "1, " "1, " "1, " "1, " "1, " "1, " "1, " "1, " "1, " "1, " "1, " "1, " "1, " "1, " "1, " "1, " "1, " "1, " "1, " "1, " "1, " "1, " "1, " "1, " "1, " "1, " "1, " "1, " "1, " "1, " "1, " "1, " "1, " "1, " "1, " "1, " "1, " "1, " "1, " "1, " "1, " "1, " "1, " "1, " "1, " "1, " "1, " "1, " "1, " "1, " "1, " "1, " "1, " "1, " "1, " "1, " "1, " "1, " "1, " "1, " "1, " "1, " "1, " "1, " "1, " "1, " "1, " "1, " "1, " "1, " "1, " "1, " "1, " "1, " "1, " "1, " "1, " "1, " "1, " "1, " "1, " "1, " "1, " "1, " "1, " "1, " "1, " "1, " "1, " "1, " "1, " "1, " "1, " "1, " "1, " "1, " "1, " "1, " "1, " "1, " "1, " "1, " "1, " "1, " "1, " "1, " "1, " "1, " "1, " "1, " "1, "203
 "Nei4, 0.363, " "-0.003, " "1, " "1, " "1, " "1, " "0, " "1, " "1, " "1, " "1, " "1, " "1, " "1, " "1, " "1, " "1, " "1, " "1, " "1, " "1, " "1, " "1, " "1, " "1, " "1, " "1, " "1, " "1, " "1, " "1, " "1, " "1, " "1, " "1, " "1, " "1, " "1, " "1, " "1, " "1, " "1, " "1, " "1, " "1, " "1, " "1, " "1, " "1, " "1, " "1, " "1, " "1, " "1, " "1, " "1, " "1, " "1, " "1, " "1, " "1, " "1, " "1, " "1, " "1, " "1, " "1, " "1, " "1, " "1, " "1, " "1, " "1, " "1, " "1, " "1, " "1, " "1, " "1, " "1, " "1, " "1, " "1, " "1, " "1, " "1, " "1, " "1, " "1, " "1, " "1, " "1, " "1, " "1, " "1, " "1, " "1, " "1, " "1, " "1, " "1, " "1, " "1, " "1, " "1, " "1, " "1, " "1, " "1, " "1, " "1, " "1, " "1, " "1, " "1, " "1, " "1, " "1, " "1, " "1, " "1, " "1, " "1, " "1, " "1, " "1, " "1, " "1, " "1, " "1, " "1, " "1, " "1, " "1, " "1, " "1, " "1, " "1, " "1, " "1, " "1, " "1, " "1, " "1, " "1, " "1, " "1, " "1, " "1, " "1, " "1, " "1, " "1, " "1, " "1, " "1, " "1, " "1, " "1, " "1, " "1, " "1, " "1, " "1, " "1, " "1, " "1, " "1, " "1, " "1, " "1, " "1, " "1, " "1, " "1, " "1, " "1, " "1, " "1, " "1, " "1, " "1, " "1, " "1, " "1, " "1, " "1, " "1, " "1, " "1, " "1, " "1, " "1, " "1, " "1, " "1, " "1, " "1, " "1, " "1, " "1, " "1, " "1, " "1, " "1, " "1, " "1, " "1, " "1, " "1, " "1, " "1, " "1, " "1, " "1, " "1, " "1, " "1, " "1, " "1, " "1, " "1, " "1, " "1, " "1, " "1, " "1, " "1, " "1, " "1, " "1, " "1, " "1, " "1, " "1, " "1, " "1, " "1, " "1, " "1, " "1, " "1, " "1, " "1, " "1, " "1, " "1, " "1, " "1, " "1, " "1, " "1, " "1, " "1, " "1, " "1, " "1, " "1, " "1, "203
 "Nei5, 0.254, " "-0.003, " "1, " "1, " "1, " "1, " "1, " "0, " "1, " "1, " "1, " "1, " "1, " "1, " "1, " "1, " "1, " "1, " "1, " "1, " "1, " "1, " "1, " "1, " "1, " "1, " "1, " "1, " "1, " "1, " "1, " "1, " "1, " "1, " "1, " "1, " "1, " "1, " "1, " "1, " "1, " "1, " "1, " "1, " "1, " "1, " "1, " "1, " "1, " "1, " "1, " "1, " "1, " "1, " "1, " "1, " "1, " "1, " "1, " "1, " "1, " "1, " "1, " "1, " "1, " "1, " "1, " "1, " "1, " "1, " "1, " "1, " "1, " "1, " "1, " "1, " "1, " "1, " "1, " "1, " "1, " "1, " "1, " "1, " "1, " "1, " "1, " "1, " "1, " "1, " "1, " "1, " "1, " "1, " "1, " "1, " "1, " "1, " "1, " "1, " "1, " "1, " "1, " "1, " "1, " "1, " "1, " "1, " "1, " "1, " "1, " "1, " "1, " "1, " "1, " "1, " "1, " "1, " "1, " "1, " "1, " "1, " "1, " "1, " "1, " "1, " "1, " "1, " "1, " "1, " "1, " "1, " "1, " "1, " "1, " "1, " "1, " "1, " "1, " "1, " "1, " "1, " "1, " "1, " "1, " "1, " "1, " "1, " "1, " "1, " "1, " "1, " "1, " "1, " "1, " "1, " "1, " "1, " "1, " "1, " "1, " "1, " "1, " "1, " "1, " "1, " "1, " "1, " "1, " "1, " "1, " "1, " "1, " "1, " "1, " "1, " "1, " "1, " "1, " "1, " "1, " "1, " "1, " "1, " "1, " "1, " "1, " "1, " "1, " "1, " "1, " "1, " "1, " "1, " "1, " "1, " "1, " "1, " "1, " "1, " "1, " "1, " "1, " "1, " "1, " "1, " "1, " "1, " "1, " "1, " "1, " "1, " "1, " "1, " "1, " "1, " "1, " "1, " "1, " "1, " "1, " "1, " "1, " "1, " "1, " "1, " "1, " "1, " "1, " "1, " "1, " "1, " "1, " "1, " "1, " "1, " "1, " "1, " "1, " "1, " "1, " "1, " "1, " "1, " "1, " "1, " "1, " "1, " "1, " "1, " "1, " "1, " "1, " "1, " "1, " "1, " "1, " "1, " "1, "203
 "Nei6, 0.203, " "-0.003, " "1, " "1, " "1, " "1, " "1, " "1, " "0, " "1, " "1, " "1, " "1, " "1, " "1, " "1, " "1, " "1, " "1, " "1, " "1, " "1, " "1, " "1, " "1, " "1, " "1, " "1, " "1, " "1, " "1, " "1, " "1, " "1, " "1, " "1, " "1, " "1, " "1, " "1, " "1, " "1, " "1, " "1, " "1, " "1, " "1, " "1, " "1, " "1, " "1, " "1, " "1, " "1, " "1, " "1, " "1, " "1, " "1, " "1, " "1, " "1, " "1, " "1, " "1, " "1, " "1, " "1, " "1, " "1, " "1, " "1, " "1, " "1, " "1, " "1, " "1, " "1, " "1, " "1, " "1, " "1, " "1, " "1, " "1, " "1, " "1, " "1, " "1, " "1, " "1, " "1, " "1, " "1, " "1, " "1, " "1, " "1, " "1, " "1, " "1, " "1, " "1, " "1, " "1, " "1, " "1, " "1, " "1, " "1, " "1, " "1, " "1, " "1, " "1, " "1, " "1, " "1, " "1, " "1, " "1, " "1, " "1, " "1, " "1, " "1, " "1, " "1, " "1, " "1, " "1, " "1, " "1, " "1, " "1, " "1, " "1, " "1, " "1, " "1, " "1, " "1, " "1, " "1, " "1, " "1, " "1, " "1, " "1, " "1, " "1, " "1, " "1, " "1, " "1, " "1, " "1, " "1, " "1, " "1, " "1, " "1, " "1, " "1, " "1, " "1, " "1, " "1, " "1, " "1, " "1, " "1, " "1, " "1, " "1, " "1, " "1, " "1, " "1, " "1, " "1, " "1, " "1, " "1, " "1, " "1, " "1, " "1, " "1, " "1, " "1, " "1, " "1, " "1, " "1, " "1, " "1, " "1, " "1, " "1, " "1, " "1, " "1, " "1, " "1, " "1, " "1, " "1, " "1, " "1, " "1, " "1, " "1, " "1, " "1, " "1, " "1, " "1, " "1, " "1, " "1, " "1, " "1, " "1, " "1, " "1, " "1, " "1, " "1, " "1, " "1, " "1, " "1, " "1, " "1, " "1, " "1, " "1, " "1, " "1, " "1, " "1, " "1, " "1, " "1, " "1, " "1, " "1, " "1, " "1, " "1, " "1, " "1, " "1, " "1, " "1, " "1, " "1, " "1, "203
 "Nei7, 0.112, " "-0.003, " "1, " "1, " "1, " "1, " "1, " "1, " "1, " "0, " "1, " "1, " "1, " "1, " "1, " "1, " "1, " "1, " "1, " "1, " "1, " "1, " "1, " "1, " "1, " "1, " "1, " "1, " "1, " "1, " "1, " "1, " "1, " "1, " "1, " "1, " "1, " "1, " "1, " "1, " "1, " "1, " "1, " "1, " "1, " "1, " "1, " "1, " "1, " "1, " "1, " "1, " "1, " "1, " "1, " "1, " "1, " "1, " "1, " "1, " "1, " "1, " "1, " "1, " "1, " "1, " "1, " "1, " "1, " "1, " "1, " "1, " "1, " "1, " "1, " "1, " "1, " "1, " "1, " "1, " "1, " "1, " "1, " "1, " "1, " "1, " "1, " "1, " "1, " "1, " "1, " "1, " "1, " "1, " "1, " "1, " "1, " "1, " "1, " "1, " "1, " "1, " "1, " "1, " "1, " "1, " "1, " "1, " "1, " "1, " "1, " "1, " "1, " "1, " "1, " "1, " "1, " "1, " "1, " "1, " "1, " "1, " "1, " "1, " "1, " "1, " "1, " "1, " "1, " "1, " "1, " "1, " "1, " "1, " "1, " "1, " "1, " "1, " "1, " "1, " "1, " "1, " "1, " "1, " "1, " "1, " "1, " "1, " "1, " "1, " "1, " "1, " "1, " "1, " "1, " "1, " "1, " "1, " "1, " "1, " "1, " "1, " "1, " "1, " "1, " "1, " "1, " "1, " "1, " "1, " "1, " "1, " "1, " "1, " "1, " "1, " "1, " "1, " "1, " "1, " "1, " "1, " "1, " "1, " "1, " "1, " "1, " "1, " "1, " "1, " "1, " "1, " "1, " "1, " "1, " "1, " "1, " "1, " "1, " "1, " "1, " "1, " "1, " "1, " "1, " "1, " "1, " "1, " "1, " "1, " "1, " "1, " "1, " "1, " "1, " "1, " "1, " "1, " "1, " "1, " "1, " "1, " "1, " "1, " "1, " "1, " "1, " "1, " "1, " "1, " "1, " "1, " "1, " "1, " "1, " "1, " "1, " "1, " "1, " "1, " "1, " "1, " "1, " "1, " "1, " "1, " "1, " "1, " "1, " "1, " "1, " "1, " "1, " "1, " "1, " "1, " "1, " "1, " "1, "203
 "Nei8, 0.47, " "-0.003, " "1, " "1, " "1, " "1, " "1, " "1, " "1, " "1, " "0, " "1, " "1, " "1, " "1, " "1, " "1, " "1, " "1, " "1, " "1, " "1, " "1, " "1, " "1, " "1, " "1, " "1, " "1, " "1, " "1, " "1, " "1, " "1, " "1, " "1, " "1, " "1, " "1, " "1, " "1, " "1, " "1, " "1, " "1, " "1, " "1, " "1, " "1, " "1, " "1, " "1, " "1, " "1, " "1, " "1, " "1, " "1, " "1, " "1, " "1, " "1, " "1, " "1, " "1, " "1, " "1, " "1, " "1, " "1, " "1, " "1, " "1, " "1, " "1, " "1, " "1, " "1, " "1, " "1, " "1, " "1, " "1, " "1, " "1, " "1, " "1, " "1, " "1, " "1, " "1, " "1, " "1, " "1, " "1, " "1, " "1, " "1, " "1, " "1, " "1, " "1, " "1, " "1, " "1, " "1, " "1, " "1, " "1, " "1, " "1, " "1, " "1, " "1, " "1, " "1, " "1, " "1, " "1, " "1, " "1, " "1, " "1, " "1, " "1, " "1, " "1, " "1, " "1, " "1, " "1, " "1, " "1, " "1, " "1, " "1, " "1, " "1, " "1, " "1, " "1, " "1, " "1, " "1, " "1, " "1, " "1, " "1, " "1, " "1, " "1, " "1, " "1, " "1, " "1, " "1, " "1, " "1, " "1, " "1, " "1, " "1, " "1, " "1, " "1, " "1, " "1, " "1, " "1, " "1, " "1, " "1, " "1, " "1, " "1, " "1, " "1, " "1, " "1, " "1, " "1, " "1, " "1, " "1, " "1, " "1, " "1, " "1, " "1, " "1, " "1, " "1, " "1, " "1, " "1, " "1, " "1, " "1, " "1, " "1, " "1, " "1, " "1, " "1, " "1, " "1, " "1, " "1, " "1, " "1, " "1, " "1, " "1, " "1, " "1, " "1, " "1, " "1, " "1, " "1, " "1, " "1, " "1, " "1, " "1, " "1, " "1, " "1, " "1, " "1, " "1, " "1, " "1, " "1, " "1, " "1, " "1, " "1, " "1, " "1, " "1, " "1, " "1, " "1, " "1, " "1, " "1, " "1, " "1, " "1, " "1, " "1, " "1, " "1, " "1, " "1, " "1, " "1, " "1, "203
 "Nei9, 0.309, " "-0.003, " "1, " "1, " "1, " "1, " "1, " "1, " "1, " "1, " "1, " "0, " "1, " "1, " "1, " "1, " "1, " "1, " "1, " "1, " "1, " "1, " "1, " "1, " "1, " "1, " "1, " "1, " "1, " "1, " "1, " "1, " "1, " "1, " "1, " "1, " "1, " "1, " "1, " "1, " "1, " "1, " "1, " "1, " "1, " "1, " "1, " "1, " "1, " "1, " "1, " "1, " "1, " "1, " "1, " "1, " "1, " "1, " "1, " "1, " "1, " "1, " "1, " "1, " "1, " "1, " "1, " "1, " "1, " "1, " "1, " "1, " "1, " "1, " "1, " "1, " "1, " "1, " "1, " "1, " "1, " "1, " "1, " "1, " "1, " "1, " "1, " "1, " "1, " "1, " "1, " "1, " "1, " "1, " "1, " "1, " "1, " "1, " "1, " "1, " "1, " "1, " "1, " "1, " "1, " "1, " "1, " "1, " "1, " "1, " "1, " "1, " "1, " "1, " "1, " "1, " "1, " "1, " "1, " "1, " "1, " "1, " "1, " "1, " "1, " "1, " "1, " "1, " "1, " "1, " "1, " "1, " "1, " "1, " "1, " "1, " "1, " "1, " "1, " "1, " "1, " "1, " "1, " "1, " "1, " "1, " "1, " "1, " "1, " "1, " "1, " "1, " "1, " "1, " "1, " "1, " "1, " "1, " "1, " "1, " "1, " "1, " "1, " "1, " "1, " "1, " "1, " "1, " "1, " "1, " "1, " "1, " "1, " "1, " "1, " "1, " "1, " "1, " "1, " "1, " "1, " "1, " "1, " "1, " "1, " "1, " "1, " "1, " "1, " "1, " "1, " "1, " "1, " "1, " "1, " "1, " "1, " "1, " "1, " "1, " "1, " "1, " "1, " "1, " "1, " "1, " "1, " "1, " "1, " "1, " "1, " "1, " "1, " "1, " "1, " "1, " "1, " "1, " "1, " "1, " "1, " "1, " "1, " "1, " "1, " "1, " "1, " "1, " "1, " "1, " "1, " "1, " "1, " "1, " "1, " "1, " "1, " "1, " "1, " "1, " "1, " "1, " "1, " "1, " "1, " "1, " "1, " "1, " "1, " "1, " "1, " "1, " "1, " "1, " "1, " "1, " "1, " "1, " "1, "203
 "Nei10, 0.48, " "-0.003, " "1, " "1, " "1, " "1, " "1, " "1, " "1, " "1, " "1, " "1, " "0, " "1, " "1, " "1, " "1, " "1, " "1, " "1, " "1, " "1, " "1, " "1, " "1, " "1, " "1, " "1, " "1, " "1, " "1, " "1, " "1, " "1, " "1, " "1, " "1, " "1, " "1, " "1, " "1, " "1, " "1, " "1, " "1, " "1, " "1, " "1, " "1, " "1, " "1, " "1, " "1, " "1, " "1, " "1, " "1, " "1, " "1, " "1, " "1, " "1, " "1, " "1, " "1, " "1, " "1, " "1, " "1, " "1, " "1, " "1, " "1, " "1, " "1, " "1, " "1, " "1, " "1, " "1, " "1, " "1, " "1, " "1, " "1, " "1, " "1, " "1, " "1, " "1, " "1, " "1, " "1, " "1, " "1, " "1, " "1, " "1, " "1, " "1, " "1, " "1, " "1, " "1, " "1, " "1, " "1, " "1, " "1, " "1, " "1, " "1, " "1, " "1, " "1, " "1, " "1, " "1, " "1, " "1, " "1, " "1, " "1, " "1, " "1, " "1, " "1, " "1, " "1, " "1, " "1, " "1, " "1, " "1, " "1, " "1, " "1, " "1, " "1, " "1, " "1, " "1, " "1, " "1, " "1, " "1, " "1, " "1, " "1, " "1, " "1, " "1, " "1, " "1, " "1, " "1, " "1, " "1, " "1, " "1, " "1, " "1, " "1, " "1, " "1, " "1, " "1, " "1, " "1, " "1, " "1, " "1, " "1, " "1, " "1, " "1, " "1, " "1, " "1, " "1, " "1, " "1, " "1, " "1, " "1, " "1, " "1, " "1, " "1, " "1, " "1, " "1, " "1, " "1, " "1, " "1, " "1, " "1, " "1, " "1, " "1, " "1, " "1, " "1, " "1, " "1, " "1, " "1, " "1, " "1, " "1, " "1, " "1, " "1, " "1, " "1, " "1, " "1, " "1, " "1, " "1, " "1, " "1, " "1, " "1, " "1, " "1, " "1, " "1, " "1, " "1, " "1, " "1, " "1, " "1, " "1, " "1, " "1, " "1, " "1, " "1, " "1, " "1, " "1, " "1, " "1, " "1, " "1, " "1, " "1, " "1, " "1, " "1, " "1, " "1, " "1, " "1, " "1, " "1, "203
 "Nei11, 0.538, " "-0.003, " "1, " "1, " "1, " "1, " "1, " "1, " "1, " "1, " "1, " "1, " "1, " "0, " "1, " "1, " "1, " "1, " "1, " "1, " "1, " "1, " "1, " "1, " "1, " "1, " "1, " "1, " "1, " "1, " "1, " "1, " "1, " "1, " "1, " "1, " "1, " "1, " "1, " "1, " "1, " "1, " "1, " "1, " "1, " "1, " "1, " "1, " "1, " "1, " "1, " "1, " "1, " "1, " "1, " "1, " "1, " "1, " "1, " "1, " "1, " "1, " "1, " "1, " "1, " "1, " "1, " "1, " "1, " "1, " "1, " "1, " "1, " "1, " "1, " "1, " "1, " "1, " "1, " "1, " "1, " "1, " "1, " "1, " "1, " "1, " "1, " "1, " "1, " "1, " "1, " "1, " "1, " "1, " "1, " "1, " "1, " "1, " "1, " "1, " "1, " "1, " "1, " "1, " "1, " "1, " "1, " "1, " "1, " "1, " "1, " "1, " "1, " "1, " "1, " "1, " "1, " "1, " "1, " "1, " "1, " "1, " "1, " "1, " "1, " "1, " "1, " "1, " "1, " "1, " "1, " "1, " "1, " "1, " "1, " "1, " "1, " "1, " "1, " "1, " "1, " "1, " "1, " "1, " "1, " "1, " "1, " "1, " "1, " "1, " "1, " "1, " "1, " "1, " "1, " "1, " "1, " "1, " "1, " "1, " "1, " "1, " "1, " "1, " "1, " "1, " "1, " "1, " "1, " "1, " "1, " "1, " "1, " "1, " "1, " "1, " "1, " "1, " "1, " "1, " "1, " "1, " "1, " "1, " "1, " "1, " "1, " "1, " "1, " "1, " "1, " "1, " "1, " "1, " "1, " "1, " "1, " "1, " "1, " "1, " "1, " "1, " "1, " "1, " "1, " "1, " "1, " "1, " "1, " "1, " "1, " "1, " "1, " "1, " "1, " "1, " "1, " "1, " "1, " "1, " "1, " "1, " "1, " "1, " "1, " "1, " "1, " "1, " "1, " "1, " "1, " "1, " "1, " "1, " "1, " "1, " "1, " "1, " "1, " "1, " "1, " "1, " "1, " "1, " "1, " "1, " "1, " "1, " "1, " "1, " "1, " "1, " "1, " "1, " "1, " "1, " "1, " "1, " "1, "203
 "Nei12, 0.061, " "-0.003, " "1, " "1, " "1, " "1, " "1, " "1, " "1, " "1, " "1, " "1, " "1, " "1, " "0, " "1, " "1, " "1, " "1, " "1, " "1, " "1, " "1, " "1, " "1, " "1, " "1, " "1, " "1, " "1, " "1, " "1, " "1, " "1, " "1, " "1, " "1, " "1, " "1, " "1, " "1, " "1, " "1, " "1, " "1, " "1, " "1, " "1, " "1, " "1, " "1, " "1, " "1, " "1, " "1, " "1, " "1, " "1, " "1, " "1, " "1, " "1, " "1, " "1, " "1, " "1, " "1, " "1, " "1, " "1, " "1, " "1, " "1, " "1, " "1, " "1, " "1, " "1, " "1, " "1, " "1, " "1, " "1, " "1, " "1, " "1, " "1, " "1, " "1, " "1, " "1, " "1, " "1, " "1, " "1, " "1, " "1, " "1, " "1, " "1, " "1, " "1, " "1, " "1, " "1, " "1, " "1, " "1, " "1, " "1, " "1, " "1, " "1, " "1, " "1, " "1, " "1, " "1, " "1, " "1, " "1, " "1, " "1, " "1, " "1, " "1, " "1, " "1, " "1, " "1, " "1, " "1, " "1, " "1, " "1, " "1, " "1, " "1, " "1, " "1, " "1, " "1, " "1, " "1, " "1, " "1, " "1, " "1, " "1, " "1, " "1, " "1, " "1, " "1, " "1, " "1, " "1, " "1, " "1, " "1, " "1, " "1, " "1, " "1, " "1, " "1, " "1, " "1, " "1, " "1, " "1, " "1, " "1, " "1, " "1, " "1, " "1, " "1, " "1, " "1, " "1, " "1, " "1, " "1, " "1, " "1, " "1, " "1, " "1, " "1, " "1, " "1, " "1, " "1, " "1, " "1, " "1, " "1, " "1, " "1, " "1, " "1, " "1, " "1, " "1, " "1, " "1, " "1, " "1, " "1, " "1, " "1, " "1, " "1, " "1, " "1, " "1, " "1, " "1, " "1, " "1, " "1, " "1, " "1, " "1, " "1, " "1, " "1, " "1, " "1, " "1, " "1, " "1, " "1, " "1, " "1, " "1, " "1, " "1, " "1, " "1, " "1, " "1, " "1, " "1, " "1, " "1, " "1, " "1, " "1, " "1, " "1, " "1, " "1, " "1, " "1, " "1, " "1, " "1, "203
 "Nei13, 0.404, " "-0.003, " "1, " "1, " "1, " "1, " "1, " "1, " "1, " "1, " "1, " "1, " "1, " "1, " "1, " "0, " "1, " "1, " "1, " "1, " "1, " "1, " "1, " "1, " "1, " "1, " "1, " "1, " "1, " "1, " "1, " "1, " "1, " "1, " "1, " "1, " "1, " "1, " "1, " "1, " "1, " "1, " "1, " "1, " "1, " "1, " "1, " "1, " "1, " "1, " "1, " "1, " "1, " "1, " "1, " "1, " "1, " "1, " "1, " "1, " "1, " "1, " "1, " "1, " "1, " "1, " "1, " "1, " "1, " "1, " "1, " "1, " "1, " "1, " "1, " "1, " "1, " "1, " "1, " "1, " "1, " "1, " "1, " "1, " "1, " "1, " "1, " "1, " "1, " "1, " "1, " "1, " "1, " "1, " "1, " "1, " "1, " "1, " "1, " "1, " "1, " "1, " "1, " "1, " "1, " "1, " "1, " "1, " "1, " "1, " "1, " "1, " "1, " "1, " "1, " "1, " "1, " "1, " "1, " "1, " "1, " "1, " "1, " "1, " "1, " "1, " "1, " "1, " "1, " "1, " "1, " "1, " "1, " "1, " "1, " "1, " "1, " "1, " "1, " "1, " "1, " "1, " "1, " "1, " "1, " "1, " "1, " "1, " "1, " "1, " "1, " "1, " "1, " "1, " "1, " "1, " "1, " "1, " "1, " "1, " "1, " "1, " "1, " "1, " "1, " "1, " "1, " "1, " "1, " "1, " "1, " "1, " "1, " "1, " "1, " "1, " "1, " "1, " "1, " "1, " "1, " "1, " "1, " "1, " "1, " "1, " "1, " "1, " "1, " "1, " "1, " "1, " "1, " "1, " "1, " "1, " "1, " "1, " "1, " "1, " "1, " "1, " "1, " "1, " "1, " "1, " "1, " "1, " "1, " "1, " "1, " "1, " "1, " "1, " "1, " "1, " "1, " "1, " "1, " "1, " "1, " "1, " "1, " "1, " "1, " "1, " "1, " "1, " "1, " "1, " "1, " "1, " "1, " "1, " "1, " "1, " "1, " "1, " "1, " "1, " "1, " "1, " "1, " "1, " "1, " "1, " "1, " "1, " "1, " "1, " "1, " "1, " "1, " "1, " "1, " "1, " "1, " "1, " "1, "203
 "Nei14, 0.081, " "-0.003, " "1, " "1, " "1, " "1, " "1, " "1, " "1, " "1, " "1, " "1, " "1, " "1, " "1, " "1, " "0, " "1, " "1, " "1, " "1, " "1, " "1, " "1, " "1, " "1, " "1, " "1, " "1, " "1, " "1, " "1, " "1, " "1, " "1, " "1, " "1, " "1, " "1, " "1, " "1, " "1, " "1, " "1, " "1, " "1, " "1, " "1, " "1, " "1, " "1, " "1, " "1, " "1, " "1, " "1, " "1, " "1, " "1, " "1, " "1, " "1, " "1, " "1, " "1, " "1, " "1, " "1, " "1, " "1, " "1, " "1, " "1, " "1, " "1, " "1, " "1, " "1, " "1, " "1, " "1, " "1, " "1, " "1, " "1, " "1, " "1, " "1, " "1, " "1, " "1, " "1, " "1, " "1, " "1, " "1, " "1, " "1, " "1, " "1, " "1, " "1, " "1, " "1, " "1, " "1, " "1, " "1, " "1, " "1, " "1, " "1, " "1, " "1, " "1, " "1, " "1, " "1, " "1, " "1, " "1, " "1, " "1, " "1, " "1, " "1, " "1, " "1, " "1, " "1, " "1, " "1, " "1, " "1, " "1, " "1, " "1, " "1, " "1, " "1, " "1, " "1, " "1, " "1, " "1, " "1, " "1, " "1, " "1, " "1, " "1, " "1, " "1, " "1, " "1, " "1, " "1, " "1, " "1, " "1, " "1, " "1, " "1, " "1, " "1, " "1, " "1, " "1, " "1, " "1, " "1, " "1, " "1, " "1, " "1, " "1, " "1, " "1, " "1, " "1, " "1, " "1, " "1, " "1, " "1, " "1, " "1, " "1, " "1, " "1, " "1, " "1, " "1, " "1, " "1, " "1, " "1, " "1, " "1, " "1, " "1, " "1, " "1, " "1, " "1, " "1, " "1, " "1, " "1, " "1, " "1, " "1, " "1, " "1, " "1, " "1, " "1, " "1, " "1, " "1, " "1, " "1, " "1, " "1, " "1, " "1, " "1, " "1, " "1, " "1, " "1, " "1, " "1, " "1, " "1, " "1, " "1, " "1, " "1, " "1, " "1, " "1, " "1, " "1, " "1, " "1, " "1, " "1, " "1, " "1, " "1, " "1, " "1, " "1, " "1, " "1, " "1, " "1, " "1, "203
 "Nei15, 0.033, " "-0.003, " "1, " "1, " "1, " "1, " "1, " "1, " "1, " "1, " "1, " "1, " "1, " "1, " "1, " "1, " "1, " "0, " "1, " "1, " "1, " "1, " "1, " "1, " "1, " "1, " "1, " "1, " "1, " "1, " "1, " "1, " "1, " "1, " "1, " "1, " "1, " "1, " "1, " "1, " "1, " "1, " "1, " "1, " "1, " "1, " "1, " "1, " "1, " "1, " "1, " "1, " "1, " "1, " "1, " "1, " "1, " "1, " "1, " "1, " "1, " "1, " "1, " "1, " "1, " "1, " "1, " "1, " "1, " "1, " "1, " "1, " "1, " "1, " "1, " "1, " "1, " "1, " "1, " "1, " "1, " "1, " "1, " "1, " "1, " "1, " "1, " "1, " "1, " "1, " "1, " "1, " "1, " "1, " "1, " "1, " "1, " "1, " "1, " "1, " "1, " "1, " "1, " "1, " "1, " "1, " "1, " "1, " "1, " "1, " "1, " "1, " "1, " "1, " "1, " "1, " "1, " "1, " "1, " "1, " "1, " "1, " "1, " "1, " "1, " "1, " "1, " "1, " "1, " "1, " "1, " "1, " "1, " "1, " "1, " "1, " "1, " "1, " "1, " "1, " "1, " "1, " "1, " "1, " "1, " "1, " "1, " "1, " "1, " "1, " "1, " "1, " "1, " "1, " "1, " "1, " "1, " "1, " "1, " "1, " "1, " "1, " "1, " "1, " "1, " "1, " "1, " "1, " "1, " "1, " "1, " "1, " "1, " "1, " "1, " "1, " "1, " "1, " "1, " "1, " "1, " "1, " "1, " "1, " "1, " "1, " "1, " "1, " "1, " "1, " "1, " "1, " "1, " "1, " "1, " "1, " "1, " "1, " "1, " "1, " "1, " "1, " "1, " "1, " "1, " "1, " "1, " "1, " "1, " "1, " "1, " "1, " "1, " "1, " "1, " "1, " "1, " "1, " "1, " "1, " "1, " "1, " "1, " "1, " "1, " "1, " "1, " "1, " "1, " "1, " "1, " "1, " "1, " "1, " "1, " "1, " "1, " "1, " "1, " "1, " "1, " "1, " "1, " "1, " "1, " "1, " "1, " "1, " "1, " "1, " "1, " "1, " "1, " "1, " "1, " "1, " "1, " "1, " "1, "203
 "Nei16, 0.576, " "-0.003, " "1, " "1, " "1, " "1, " "1, " "1, " "1, " "1, " "1, " "1, " "1, " "1, " "1, " "1, " "1, " "1, " "0, " "1, " "1, " "1, " "1, " "1, " "1, " "1, " "1, " "1, " "1, " "1, " "1, " "1, " "1, " "1, " "1, " "1, " "1, " "1, " "1, " "1, " "1, " "1, " "1, " "1, " "1, " "1, " "1, " "1, " "1, " "1, " "1, " "1, " "1, " "1, " "1, " "1, " "1, " "1, " "1, " "1, " "1, " "1, " "1, " "1, " "1, " "1, " "1, " "1, " "1, " "1, " "1, " "1, " "1, " "1, " "1, " "1, " "1, " "1, " "1, " "1, " "1, " "1, " "1, " "1, " "1, " "1, " "1, " "1, " "1, " "1, " "1, " "1, " "1, " "1, " "1, " "1, " "1, " "1, " "1, " "1, " "1, " "1, " "1, " "1, " "1, " "1, " "1, " "1, " "1, " "1, " "1, " "1, " "1, " "1, " "1, " "1, " "1, " "1, " "1, " "1, " "1, " "1, " "1, " "1, " "1, " "1, " "1, " "1, " "1, " "1, " "1, " "1, " "1, " "1, " "1, " "1, " "1, " "1, " "1, " "1, " "1, " "1, " "1, " "1, " "1, " "1, " "1, " "1, " "1, " "1, " "1, " "1, " "1, " "1, " "1, " "1, " "1, " "1, " "1, " "1, " "1, " "1, " "1, " "1, " "1, " "1, " "1, " "1, " "1, " "1, " "1, " "1, " "1, " "1, " "1, " "1, " "1, " "1, " "1, " "1, " "1, " "1, " "1, " "1, " "1, " "1, " "1, " "1, " "1, " "1, " "1, " "1, " "1, " "1, " "1, " "1, " "1, " "1, " "1, " "1, " "1, " "1, " "1, " "1, " "1, " "1, " "1, " "1, " "1, " "1, " "1, " "1, " "1, " "1, " "1, " "1, " "1, " "1, " "1, " "1, " "1, " "1, " "1, " "1, " "1, " "1, " "1, " "1, " "1, " "1, " "1, " "1, " "1, " "1, " "1, " "1, " "1, " "1, " "1, " "1, " "1, " "1, " "1, " "1, " "1, " "1, " "1, " "1, " "1, " "1, " "1, " "1, " "1, " "1, " "1, " "1, " "1, " "1, " "1, "203
 "Nei17, 0.407, " "-0.003, " "1, " "1, " "1, " "1, " "1, " "1, " "1, " "1, " "1, " "1, " "1, " "1, " "1, " "1, " "1, " "1, " "1, " "0, " "1, " "1, " "1, " "1, " "1, " "1, " "1, " "1, " "1, " "1, " "1, " "1, " "1, " "1, " "1, " "1, " "1, " "1, " "1, " "1, " "1, " "1, " "1, " "1, " "1, " "1, " "1, " "1, " "1, " "1, " "1, " "1, " "1, " "1, " "1, " "1, " "1, " "1, " "1, " "1, " "1, " "1, " "1, " "1, " "1, " "1, " "1, " "1, " "1, " "1, " "1, " "1, " "1, " "1, " "1, " "1, " "1, " "1, " "1, " "1, " "1, " "1, " "1, " "1, " "1, " "1, " "1, " "1, " "1, " "1, " "1, " "1, " "1, " "1, " "1, " "1, " "1, " "1, " "1, " "1, " "1, " "1, " "1, " "1, " "1, " "1, " "1, " "1, " "1, " "1, " "1, " "1, " "1, " "1, " "1, " "1, " "1, " "1, " "1, " "1, " "1, " "1, " "1, " "1, " "1, " "1, " "1, " "1, " "1, " "1, " "1, " "1, " "1, " "1, " "1, " "1, " "1, " "1, " "1, " "1, " "1, " "1, " "1, " "1, " "1, " "1, " "1, " "1, " "1, " "1, " "1, " "1, " "1, " "1, " "1, " "1, " "1, " "1, " "1, " "1, " "1, " "1, " "1, " "1, " "1, " "1, " "1, " "1, " "1, " "1, " "1, " "1, " "1, " "1, " "1, " "1, " "1, " "1, " "1, " "1, " "1, " "1, " "1, " "1, " "1, " "1, " "1, " "1, " "1, " "1, " "1, " "1, " "1, " "1, " "1, " "1, " "1, " "1, " "1, " "1, " "1, " "1, " "1, " "1, " "1, " "1, " "1, " "1, " "1, " "1, " "1, " "1, " "1, " "1, " "1, " "1, " "1, " "1, " "1, " "1, " "1, " "1, " "1, " "1, " "1, " "1, " "1, " "1, " "1, " "1, " "1, " "1, " "1, " "1, " "1, " "1, " "1, " "1, " "1, " "1, " "1, " "1, " "1, " "1, " "1, " "1, " "1, " "1, " "1, " "1, " "1, " "1, " "1, " "1, " "1, " "1, " "1, " "1, " "1, "203
 "Nei18, 0.43, " "-0.003, " "1, " "1, " "1, " "1, " "1, " "1, " "1, " "1, " "1, " "1, " "1, " "1, " "1, " "1, " "1, " "1, " "1, " "1, " "0, " "1, " "1, " "1, " "1, " "1, " "1, " "1, " "1, " "1, " "1, " "1, " "1, " "1, " "1, " "1, " "1, " "1, " "1, " "1, " "1, " "1, " "1, " "1, " "1, " "1, " "1, " "1, " "1, " "1, " "1, " "1, " "1, " "1, " "1, " "1, " "1, " "1, " "1, " "1, " "1, " "1, " "1, " "1, " "1, " "1, " "1, " "1, " "1, " "1, " "1, " "1, " "1, " "1, " "1, " "1, " "1, " "1, " "1, " "1, " "1, " "1, " "1, " "1, " "1, " "1, " "1, " "1, " "1, " "1, " "1, " "1, " "1, " "1, " "1, " "1, " "1, " "1, " "1, " "1, " "1, " "1, " "1, " "1, " "1, " "1, " "1, " "1, " "1, " "1, " "1, " "1, " "1, " "1, " "1, " "1, " "1, " "1, " "1, " "1, " "1, " "1, " "1, " "1, " "1, " "1, " "1, " "1, " "1, " "1, " "1, " "1, " "1, " "1, " "1, " "1, " "1, " "1, " "1, " "1, " "1, " "1, " "1, " "1, " "1, " "1, " "1, " "1, " "1, " "1, " "1, " "1, " "1, " "1, " "1, " "1, " "1, " "1, " "1, " "1, " "1, " "1, " "1, " "1, " "1, " "1, " "1, " "1, " "1, " "1, " "1, " "1, " "1, " "1, " "1, " "1, " "1, " "1, " "1, " "1, " "1, " "1, " "1, " "1, " "1, " "1, " "1, " "1, " "1, " "1, " "1, " "1, " "1, " "1, " "1, " "1, " "1, " "1, " "1, " "1, " "1, " "1, " "1, " "1, " "1, " "1, " "1, " "1, " "1, " "1, " "1, " "1, " "1, " "1, " "1, " "1, " "1, " "1, " "1, " "1, " "1, " "1, " "1, " "1, " "1, " "1, " "1, " "1, " "1, " "1, " "1, " "1, " "1, " "1, " "1, " "1, " "1, " "1, " "1, " "1, " "1, " "1, " "1, " "1, " "1, " "1, " "1, " "1, " "1, " "1, " "1, " "1, " "1, " "1, " "1, " "1, " "1, " "1, " "1, "203
 "Nei19, 0.319, " "-0.003, " "1, " "1, " "1, " "1, " "1, " "1, " "1, " "1, " "1, " "1, " "1, " "1, " "1, " "1, " "1, " "1, " "1, " "1, " "1, " "0, " "1, " "1, " "1, " "1, " "1, " "1, " "1, " "1, " "1, " "1, " "1, " "1, " "1, " "1, " "1, " "1, " "1, " "1, " "1, " "1, " "1, " "1, " "1, " "1, " "1, " "1, " "1, " "1, " "1, " "1, " "1, " "1, " "1, " "1, " "1, " "1, " "1, " "1, " "1, " "1, " "1, " "1, " "1, " "1, " "1, " "1, " "1, " "1, " "1, " "1, " "1, " "1, " "1, " "1, " "1, " "1, " "1, " "1, " "1, " "1, " "1, " "1, " "1, " "1, " "1, " "1, " "1, " "1, " "1, " "1, " "1, " "1, " "1, " "1, " "1, " "1, " "1, " "1, " "1, " "1, " "1, " "1, " "1, " "1, " "1, " "1, " "1, " "1, " "1, " "1, " "1, " "1, " "1, " "1, " "1, " "1, " "1, " "1, " "1, " "1, " "1, " "1, " "1, " "1, " "1, " "1, " "1, " "1, " "1, " "1, " "1, " "1, " "1, " "1, " "1, " "1, " "1, " "1, " "1, " "1, " "1, " "1, " "1, " "1, " "1, " "1, " "1, " "1, " "1, " "1, " "1, " "1, " "1, " "1, " "1, " "1, " "1, " "1, " "1, " "1, " "1, " "1, " "1, " "1, " "1, " "1, " "1, " "1, " "1, " "1, " "1, " "1, " "1, " "1, " "1, " "1, " "1, " "1, " "1, " "1, " "1, " "1, " "1, " "1, " "1, " "1, " "1, " "1, " "1, " "1, " "1, " "1, " "1, " "1, " "1, " "1, " "1, " "1, " "1, " "1, " "1, " "1, " "1, " "1, " "1, " "1, " "1, " "1, " "1, " "1, " "1, " "1, " "1, " "1, " "1, " "1, " "1, " "1, " "1, " "1, " "1, " "1, " "1, " "1, " "1, " "1, " "1, " "1, " "1, " "1, " "1, " "1, " "1, " "1, " "1, " "1, " "1, " "1, " "1, " "1, " "1, " "1, " "1, " "1, " "1, " "1, " "1, " "1, " "1, " "1, " "1, " "1, " "1, " "1, " "1, " "1, " "1, "203
 "Nei20, 0.381, " "-0.003, " "1, " "1, " "1, " "1, " "1, " "1, " "1, " "1, " "1, " "1, " "1, " "1, " "1, " "1, " "1, " "1, " "1, " "1, " "1, " "1, " "0, " "1, " "1, " "1, " "1, " "1, " "1, " "1, " "1, " "1, " "1, " "1, " "1, " "1, " "1, " "1, " "1, " "1, " "1, " "1, " "1, " "1, " "1, " "1, " "1, " "1, " "1, " "1, " "1, " "1, " "1, " "1, " "1, " "1, " "1, " "1, " "1, " "1, " "1, " "1, " "1, " "1, " "1, " "1, " "1, " "1, " "1, " "1, " "1, " "1, " "1, " "1, " "1, " "1, " "1, " "1, " "1, " "1, " "1, " "1, " "1, " "1, " "1, " "1, " "1, " "1, " "1, " "1, " "1, " "1, " "1, " "1, " "1, " "1, " "1, " "1, " "1, " "1, " "1, " "1, " "1, " "1, " "1, " "1, " "1, " "1, " "1, " "1, " "1, " "1, " "1, " "1, " "1, " "1, " "1, " "1, " "1, " "1, " "1, " "1, " "1, " "1, " "1, " "1, " "1, " "1, " "1, " "1, " "1, " "1, " "1, " "1, " "1, " "1, " "1, " "1, " "1, " "1, " "1, " "1, " "1, " "1, " "1, " "1, " "1, " "1, " "1, " "1, " "1, " "1, " "1, " "1, " "1, " "1, " "1, " "1, " "1, " "1, " "1, " "1, " "1, " "1, " "1, " "1, " "1, " "1, " "1, " "1, " "1, " "1, " "1, " "1, " "1, " "1, " "1, " "1, " "1, " "1, " "1, " "1, " "1, " "1, " "1, " "1, " "1, " "1, " "1, " "1, " "1, " "1, " "1, " "1, " "1, " "1, " "1, " "1, " "1, " "1, " "1, " "1, " "1, " "1, " "1, " "1, " "1, " "1, " "1, " "1, " "1, " "1, " "1, " "1, " "1, " "1, " "1, " "1, " "1, " "1, " "1, " "1, " "1, " "1, " "1, " "1, " "1, " "1, " "1, " "1, " "1, " "1, " "1, " "1, " "1, " "1, " "1, " "1, " "1, " "1, " "1, " "1, " "1, " "1, " "1, " "1, " "1, " "1, " "1, " "1, " "1, " "1, " "1, " "1, " "1, " "1, " "1, " "1, " "1, "203
 "Nei21, 0.258, " "-0.003, " "1, " "1, " "1, " "1, " "1, " "1, " "1, " "1, " "1, " "1, " "1, " "1, " "1, " "1, " "1, " "1, " "1, " "1, " "1, " "1, " "1, " "0, " "1, " "1, " "1, " "1, " "1, " "1, " "1, " "1, " "1, " "1, " "1, " "1, " "1, " "1, " "1, " "1, " "1, " "1, " "1, " "1, " "1, " "1, " "1, " "1, " "1, " "1, " "1, " "1, " "1, " "1, " "1, " "1, " "1, " "1, " "1, " "1, " "1, " "1, " "1, " "1, " "1, " "1, " "1, " "1, " "1, " "1, " "1, " "1, " "1, " "1, " "1, " "1, " "1, " "1, " "1, " "1, " "1, " "1, " "1, " "1, " "1, " "1, " "1, " "1, " "1, " "1, " "1, " "1, " "1, " "1, " "1, " "1, " "1, " "1, " "1, " "1, " "1, " "1, " "1, " "1, " "1, " "1, " "1, " "1, " "1, " "1, " "1, " "1, " "1, " "1, " "1, " "1, " "1, " "1, " "1, " "1, " "1, " "1, " "1, " "1, " "1, " "1, " "1, " "1, " "1, " "1, " "1, " "1, " "1, " "1, " "1, " "1, " "1, " "1, " "1, " "1, " "1, " "1, " "1, " "1, " "1, " "1, " "1, " "1, " "1, " "1, " "1, " "1, " "1, " "1, " "1, " "1, " "1, " "1, " "1, " "1, " "1, " "1, " "1, " "1, " "1, " "1, " "1, " "1, " "1, " "1, " "1, " "1, " "1, " "1, " "1, " "1, " "1, " "1, " "1, " "1, " "1, " "1, " "1, " "1, " "1, " "1, " "1, " "1, " "1, " "1, " "1, " "1, " "1, " "1, " "1, " "1, " "1, " "1, " "1, " "1, " "1, " "1, " "1, " "1, " "1, " "1, " "1, " "1, " "1, " "1, " "1, " "1, " "1, " "1, " "1, " "1, " "1, " "1, " "1, " "1, " "1, " "1, " "1, " "1, " "1, " "1, " "1, " "1, " "1, " "1, " "1, " "1, " "1, " "1, " "1, " "1, " "1, " "1, " "1, " "1, " "1, " "1, " "1, " "1, " "1, " "1, " "1, " "1, " "1, " "1, " "1, " "1, " "1, " "1, " "1, " "1, " "1, " "1, " "1, "203
 "Nei22, 0.333, " "-0.003, " "1, " "1, " "1, " "1, " "1, " "1, " "1, " "1, " "1, " "1, " "1, " "1, " "1, " "1, " "1, " "1, " "1, " "1, " "1, " "1, " "1, " "1, " "0, " "1, " "1, " "1, " "1, " "1, " "1, " "1, " "1, " "1, " "1, " "1, " "1, " "1, " "1, " "1, " "1, " "1, " "1, " "1, " "1, " "1, " "1, " "1, " "1, " "1, " "1, " "1, " "1, " "1, " "1, " "1, " "1, " "1, " "1, " "1, " "1, " "1, " "1, " "1, " "1, " "1, " "1, " "1, " "1, " "1, " "1, " "1, " "1, " "1, " "1, " "1, " "1, " "1, " "1, " "1, " "1, " "1, " "1, " "1, " "1, " "1, " "1, " "1, " "1, " "1, " "1, " "1, " "1, " "1, " "1, " "1, " "1, " "1, " "1, " "1, " "1, " "1, " "1, " "1, " "1, " "1, " "1, " "1, " "1, " "1, " "1, " "1, " "1, " "1, " "1, " "1, " "1, " "1, " "1, " "1, " "1, " "1, " "1, " "1, " "1, " "1, " "1, " "1, " "1, " "1, " "1, " "1, " "1, " "1, " "1, " "1, " "1, " "1, " "1, " "1, " "1, " "1, " "1, " "1, " "1, " "1, " "1, " "1, " "1, " "1, " "1, " "1, " "1, " "1, " "1, " "1, " "1, " "1, " "1, " "1, " "1, " "1, " "1, " "1, " "1, " "1, " "1, " "1, " "1, " "1, " "1, " "1, " "1, " "1, " "1, " "1, " "1, " "1, " "1, " "1, " "1, " "1, " "1, " "1, " "1, " "1, " "1, " "1, " "1, " "1, " "1, " "1, " "1, " "1, " "1, " "1, " "1, " "1, " "1, " "1, " "1, " "1, " "1, " "1, " "1, " "1, " "1, " "1, " "1, " "1, " "1, " "1, " "1, " "1, " "1, " "1, " "1, " "1, " "1, " "1, " "1, " "1, " "1, " "1, " "1, " "1, " "1, " "1, " "1, " "1, " "1, " "1, " "1, " "1, " "1, " "1, " "1, " "1, " "1, " "1, " "1, " "1, " "1, " "1, " "1, " "1, " "1, " "1, " "1, " "1, " "1, " "1, " "1, " "1, " "1, " "1, " "1, " "1, " "1, "203
 "Nei23, 0.483, " "-0.003, " "1, " "1, " "1, " "1, " "1, " "1, " "1, " "1, " "1, " "1, " "1, " "1, " "1, " "1, " "1, " "1, " "1, " "1, " "1, " "1, " "1, " "1, " "1, " "0, " "1, " "1, " "1, " "1, " "1, " "1, " "1, " "1, " "1, " "1, " "1, " "1, " "1, " "1, " "1, " "1, " "1, " "1, " "1, " "1, " "1, " "1, " "1, " "1, " "1, " "1, " "1, " "1, " "1, " "1, " "1, " "1, " "1, " "1, " "1, " "1, " "1, " "1, " "1, " "1, " "1, " "1, " "1, " "1, " "1, " "1, " "1, " "1, " "1, " "1, " "1, " "1, " "1, " "1, " "1, " "1, " "1, " "1, " "1, " "1, " "1, " "1, " "1, " "1, " "1, " "1, " "1, " "1, " "1, " "1, " "1, " "1, " "1, " "1, " "1, " "1, " "1, " "1, " "1, " "1, " "1, " "1, " "1, " "1, " "1, " "1, " "1, " "1, " "1, " "1, " "1, " "1, " "1, " "1, " "1, " "1, " "1, " "1, " "1, " "1, " "1, " "1, " "1, " "1, " "1, " "1, " "1, " "1, " "1, " "1, " "1, " "1, " "1, " "1, " "1, " "1, " "1, " "1, " "1, " "1, " "1, " "1, " "1, " "1, " "1, " "1, " "1, " "1, " "1, " "1, " "1, " "1, " "1, " "1, " "1, " "1, " "1, " "1, " "1, " "1, " "1, " "1, " "1, " "1, " "1, " "1, " "1, " "1, " "1, " "1, " "1, " "1, " "1, " "1, " "1, " "1, " "1, " "1, " "1, " "1, " "1, " "1, " "1, " "1, " "1, " "1, " "1, " "1, " "1, " "1, " "1, " "1, " "1, " "1, " "1, " "1, " "1, " "1, " "1, " "1, " "1, " "1, " "1, " "1, " "1, " "1, " "1, " "1, " "1, " "1, " "1, " "1, " "1, " "1, " "1, " "1, " "1, " "1, " "1, " "1, " "1, " "1, " "1, " "1, " "1, " "1, " "1, " "1, " "1, " "1, " "1, " "1, " "1, " "1, " "1, " "1, " "1, " "1, " "1, " "1, " "1, " "1, " "1, " "1, " "1, " "1, " "1, " "1, " "1, " "1, " "1, " "1, " "1, "203
 "Nei24, 0.004, " "-0.003, " "1, " "1, " "1, " "1, " "1, " "1, " "1, " "1, " "1, " "1, " "1, " "1, " "1, " "1, " "1, " "1, " "1, " "1, " "1, " "1, " "1, " "1, " "1, " "1, " "0, " "1, " "1, " "1, " "1, " "1, " "1, " "1, " "1, " "1, " "1, " "1, " "1, " "1, " "1, " "1, " "1, " "1, " "1, " "1, " "1, " "1, " "1, " "1, " "1, " "1, " "1, " "1, " "1, " "1, " "1, " "1, " "1, " "1, " "1, " "1, " "1, " "1, " "1, " "1, " "1, " "1, " "1, " "1, " "1, " "1, " "1, " "1, " "1, " "1, " "1, " "1, " "1, " "1, " "1, " "1, " "1, " "1, " "1, " "1, " "1, " "1, " "1, " "1, " "1, " "1, " "1, " "1, " "1, " "1, " "1, " "1, " "1, " "1, " "1, " "1, " "1, " "1, " "1, " "1, " "1, " "1, " "1, " "1, " "1, " "1, " "1, " "1, " "1, " "1, " "1, " "1, " "1, " "1, " "1, " "1, " "1, " "1, " "1, " "1, " "1, " "1, " "1, " "1, " "1, " "1, " "1, " "1, " "1, " "1, " "1, " "1, " "1, " "1, " "1, " "1, " "1, " "1, " "1, " "1, " "1, " "1, " "1, " "1, " "1, " "1, " "1, " "1, " "1, " "1, " "1, " "1, " "1, " "1, " "1, " "1, " "1, " "1, " "1, " "1, " "1, " "1, " "1, " "1, " "1, " "1, " "1, " "1, " "1, " "1, " "1, " "1, " "1, " "1, " "1, " "1, " "1, " "1, " "1, " "1, " "1, " "1, " "1, " "1, " "1, " "1, " "1, " "1, " "1, " "1, " "1, " "1, " "1, " "1, " "1, " "1, " "1, " "1, " "1, " "1, " "1, " "1, " "1, " "1, " "1, " "1, " "1, " "1, " "1, " "1, " "1, " "1, " "1, " "1, " "1, " "1, " "1, " "1, " "1, " "1, " "1, " "1, " "1, " "1, " "1, " "1, " "1, " "1, " "1, " "1, " "1, " "1, " "1, " "1, " "1, " "1, " "1, " "1, " "1, " "1, " "1, " "1, " "1, " "1, " "1, " "1, " "1, " "1, " "1, " "1, " "1, " "1, " "1, "203
 "Nei25, 0.563, " "-0.003, " "1, " "1, " "1, " "1, " "1, " "1, " "1, " "1, " "1, " "1, " "1, " "1, " "1, " "1, " "1, " "1, " "1, " "1, " "1, " "1, " "1, " "1, " "1, " "1, " "1, " "0, " "1, " "1, " "1, " "1, " "1, " "1, " "1, " "1, " "1, " "1, " "1, " "1, " "1, " "1, " "1, " "1, " "1, " "1, " "1, " "1, " "1, " "1, " "1, " "1, " "1, " "1, " "1, " "1, " "1, " "1, " "1, " "1, " "1, " "1, " "1, " "1, " "1, " "1, " "1, " "1, " "1, " "1, " "1, " "1, " "1, " "1, " "1, " "1, " "1, " "1, " "1, " "1, " "1, " "1, " "1, " "1, " "1, " "1, " "1, " "1, " "1, " "1, " "1, " "1, " "1, " "1, " "1, " "1, " "1, " "1, " "1, " "1, " "1, " "1, " "1, " "1, " "1, " "1, " "1, " "1, " "1, " "1, " "1, " "1, " "1, " "1, " "1, " "1, " "1, " "1, " "1, " "1, " "1, " "1, " "1, " "1, " "1, " "1, " "1, " "1, " "1, " "1, " "1, " "1, " "1, " "1, " "1, " "1, " "1, " "1, " "1, " "1, " "1, " "1, " "1, " "1, " "1, " "1, " "1, " "1, " "1, " "1, " "1, " "1, " "1, " "1, " "1, " "1, " "1, " "1, " "1, " "1, " "1, " "1, " "1, " "1, " "1, " "1, " "1, " "1, " "1, " "1, " "1, " "1, " "1, " "1, " "1, " "1, " "1, " "1, " "1, " "1, " "1, " "1, " "1, " "1, " "1, " "1, " "1, " "1, " "1, " "1, " "1, " "1, " "1, " "1, " "1, " "1, " "1, " "1, " "1, " "1, " "1, " "1, " "1, " "1, " "1, " "1, " "1, " "1, " "1, " "1, " "1, " "1, " "1, " "1, " "1, " "1, " "1, " "1, " "1, " "1, " "1, " "1, " "1, " "1, " "1, " "1, " "1, " "1, " "1, " "1, " "1, " "1, " "1, " "1, " "1, " "1, " "1, " "1, " "1, " "1, " "1, " "1, " "1, " "1, " "1, " "1, " "1, " "1, " "1, " "1, " "1, " "1, " "1, " "1, " "1, " "1, " "1, " "1, " "1, "203
 "Nei26, 0.251, " "-0.003, " "1, " "1, " "1, " "1, " "1, " "1, " "1, " "1, " "1, " "1, " "1, " "1, " "1, " "1, " "1, " "1, " "1, " "1, " "1, " "1, " "1, " "1, " "1, " "1, " "1, " "1, " "0, " "1, " "1, " "1, " "1, " "1, " "1, " "1, " "1, " "1, " "1, " "1, " "1, " "1, " "1, " "1, " "1, " "1, " "1, " "1, " "1, " "1, " "1, " "1, " "1, " "1, " "1, " "1, " "1, " "1, " "1, " "1, " "1, " "1, " "1, " "1, " "1, " "1, " "1, " "1, " "1, " "1, " "1, " "1, " "1, " "1, " "1, " "1, " "1, " "1, " "1, " "1, " "1, " "1, " "1, " "1, " "1, " "1, " "1, " "1, " "1, " "1, " "1, " "1, " "1, " "1, " "1, " "1, " "1, " "1, " "1, " "1, " "1, " "1, " "1, " "1, " "1, " "1, " "1, " "1, " "1, " "1, " "1, " "1, " "1, " "1, " "1, " "1, " "1, " "1, " "1, " "1, " "1, " "1, " "1, " "1, " "1, " "1, " "1, " "1, " "1, " "1, " "1, " "1, " "1, " "1, " "1, " "1, " "1, " "1, " "1, " "1, " "1, " "1, " "1, " "1, " "1, " "1, " "1, " "1, " "1, " "1, " "1, " "1, " "1, " "1, " "1, " "1, " "1, " "1, " "1, " "1, " "1, " "1, " "1, " "1, " "1, " "1, " "1, " "1, " "1, " "1, " "1, " "1, " "1, " "1, " "1, " "1, " "1, " "1, " "1, " "1, " "1, " "1, " "1, " "1, " "1, " "1, " "1, " "1, " "1, " "1, " "1, " "1, " "1, " "1, " "1, " "1, " "1, " "1, " "1, " "1, " "1, " "1, " "1, " "1, " "1, " "1, " "1, " "1, " "1, " "1, " "1, " "1, " "1, " "1, " "1, " "1, " "1, " "1, " "1, " "1, " "1, " "1, " "1, " "1, " "1, " "1, " "1, " "1, " "1, " "1, " "1, " "1, " "1, " "1, " "1, " "1, " "1, " "1, " "1, " "1, " "1, " "1, " "1, " "1, " "1, " "1, " "1, " "1, " "1, " "1, " "1, " "1, " "1, " "1, " "1, " "1, " "1, " "1, " "1, "203
 "Nei27, 0.03, " "-0.003, " "1, " "1, " "1, " "1, " "1, " "1, " "1, " "1, " "1, " "1, " "1, " "1, " "1, " "1, " "1, " "1, " "1, " "1, " "1, " "1, " "1, " "1, " "1, " "1, " "1, " "1, " "1, " "0, " "1, " "1, " "1, " "1, " "1, " "1, " "1, " "1, " "1, " "1, " "1, " "1, " "1, " "1, " "1, " "1, " "1, " "1, " "1, " "1, " "1, " "1, " "1, " "1, " "1, " "1, " "1, " "1, " "1, " "1, " "1, " "1, " "1, " "1, " "1, " "1, " "1, " "1, " "1, " "1, " "1, " "1, " "1, " "1, " "1, " "1, " "1, " "1, " "1, " "1, " "1, " "1, " "1, " "1, " "1, " "1, " "1, " "1, " "1, " "1, " "1, " "1, " "1, " "1, " "1, " "1, " "1, " "1, " "1, " "1, " "1, " "1, " "1, " "1, " "1, " "1, " "1, " "1, " "1, " "1, " "1, " "1, " "1, " "1, " "1, " "1, " "1, " "1, " "1, " "1, " "1, " "1, " "1, " "1, " "1, " "1, " "1, " "1, " "1, " "1, " "1, " "1, " "1, " "1, " "1, " "1, " "1, " "1, " "1, " "1, " "1, " "1, " "1, " "1, " "1, " "1, " "1, " "1, " "1, " "1, " "1, " "1, " "1, " "1, " "1, " "1, " "1, " "1, " "1, " "1, " "1, " "1, " "1, " "1, " "1, " "1, " "1, " "1, " "1, " "1, " "1, " "1, " "1, " "1, " "1, " "1, " "1, " "1, " "1, " "1, " "1, " "1, " "1, " "1, " "1, " "1, " "1, " "1, " "1, " "1, " "1, " "1, " "1, " "1, " "1, " "1, " "1, " "1, " "1, " "1, " "1, " "1, " "1, " "1, " "1, " "1, " "1, " "1, " "1, " "1, " "1, " "1, " "1, " "1, " "1, " "1, " "1, " "1, " "1, " "1, " "1, " "1, " "1, " "1, " "1, " "1, " "1, " "1, " "1, " "1, " "1, " "1, " "1, " "1, " "1, " "1, " "1, " "1, " "1, " "1, " "1, " "1, " "1, " "1, " "1, " "1, " "1, " "1, " "1, " "1, " "1, " "1, " "1, " "1, " "1, " "1, " "1, " "1, " "1, "203
 "Nei28, 0.466, " "-0.003, " "1, " "1, " "1, " "1, " "1, " "1, " "1, " "1, " "1, " "1, " "1, " "1, " "1, " "1, " "1, " "1, " "1, " "1, " "1, " "1, " "1, " "1, " "1, " "1, " "1, " "1, " "1, " "1, " "0, " "1, " "1, " "1, " "1, " "1, " "1, " "1, " "1, " "1, " "1, " "1, " "1, " "1, " "1, " "1, " "1, " "1, " "1, " "1, " "1, " "1, " "1, " "1, " "1, " "1, " "1, " "1, " "1, " "1, " "1, " "1, " "1, " "1, " "1, " "1, " "1, " "1, " "1, " "1, " "1, " "1, " "1, " "1, " "1, " "1, " "1, " "1, " "1, " "1, " "1, " "1, " "1, " "1, " "1, " "1, " "1, " "1, " "1, " "1, " "1, " "1, " "1, " "1, " "1, " "1, " "1, " "1, " "1, " "1, " "1, " "1, " "1, " "1, " "1, " "1, " "1, " "1, " "1, " "1, " "1, " "1, " "1, " "1, " "1, " "1, " "1, " "1, " "1, " "1, " "1, " "1, " "1, " "1, " "1, " "1, " "1, " "1, " "1, " "1, " "1, " "1, " "1, " "1, " "1, " "1, " "1, " "1, " "1, " "1, " "1, " "1, " "1, " "1, " "1, " "1, " "1, " "1, " "1, " "1, " "1, " "1, " "1, " "1, " "1, " "1, " "1, " "1, " "1, " "1, " "1, " "1, " "1, " "1, " "1, " "1, " "1, " "1, " "1, " "1, " "1, " "1, " "1, " "1, " "1, " "1, " "1, " "1, " "1, " "1, " "1, " "1, " "1, " "1, " "1, " "1, " "1, " "1, " "1, " "1, " "1, " "1, " "1, " "1, " "1, " "1, " "1, " "1, " "1, " "1, " "1, " "1, " "1, " "1, " "1, " "1, " "1, " "1, " "1, " "1, " "1, " "1, " "1, " "1, " "1, " "1, " "1, " "1, " "1, " "1, " "1, " "1, " "1, " "1, " "1, " "1, " "1, " "1, " "1, " "1, " "1, " "1, " "1, " "1, " "1, " "1, " "1, " "1, " "1, " "1, " "1, " "1, " "1, " "1, " "1, " "1, " "1, " "1, " "1, " "1, " "1, " "1, " "1, " "1, " "1, " "1, " "1, " "1, " "1, "203
 "Nei29, 0.077, " "-0.003, " "1, " "1, " "1, " "1, " "1, " "1, " "1, " "1, " "1, " "1, " "1, " "1, " "1, " "1, " "1, " "1, " "1, " "1, " "1, " "1, " "1, " "1, " "1, " "1, " "1, " "1, " "1, " "1, " "1, " "0, " "1, " "1, " "1, " "1, " "1, " "1, " "1, " "1, " "1, " "1, " "1, " "1, " "1, " "1, " "1, " "1, " "1, " "1, " "1, " "1, " "1, " "1, " "1, " "1, " "1, " "1, " "1, " "1, " "1, " "1, " "1, " "1, " "1, " "1, " "1, " "1, " "1, " "1, " "1, " "1, " "1, " "1, " "1, " "1, " "1, " "1, " "1, " "1, " "1, " "1, " "1, " "1, " "1, " "1, " "1, " "1, " "1, " "1, " "1, " "1, " "1, " "1, " "1, " "1, " "1, " "1, " "1, " "1, " "1, " "1, " "1, " "1, " "1, " "1, " "1, " "1, " "1, " "1, " "1, " "1, " "1, " "1, " "1, " "1, " "1, " "1, " "1, " "1, " "1, " "1, " "1, " "1, " "1, " "1, " "1, " "1, " "1, " "1, " "1, " "1, " "1, " "1, " "1, " "1, " "1, " "1, " "1, " "1, " "1, " "1, " "1, " "1, " "1, " "1, " "1, " "1, " "1, " "1, " "1, " "1, " "1, " "1, " "1, " "1, " "1, " "1, " "1, " "1, " "1, " "1, " "1, " "1, " "1, " "1, " "1, " "1, " "1, " "1, " "1, " "1, " "1, " "1, " "1, " "1, " "1, " "1, " "1, " "1, " "1, " "1, " "1, " "1, " "1, " "1, " "1, " "1, " "1, " "1, " "1, " "1, " "1, " "1, " "1, " "1, " "1, " "1, " "1, " "1, " "1, " "1, " "1, " "1, " "1, " "1, " "1, " "1, " "1, " "1, " "1, " "1, " "1, " "1, " "1, " "1, " "1, " "1, " "1, " "1, " "1, " "1, " "1, " "1, " "1, " "1, " "1, " "1, " "1, " "1, " "1, " "1, " "1, " "1, " "1, " "1, " "1, " "1, " "1, " "1, " "1, " "1, " "1, " "1, " "1, " "1, " "1, " "1, " "1, " "1, " "1, " "1, " "1, " "1, " "1, " "1, " "1, " "1, " "1, "203
 "Nei30, 0.545, " "-0.003, " "1, " "1, " "1, " "1, " "1, " "1, " "1, " "1, " "1, " "1, " "1, " "1, " "1, " "1, " "1, " "1, " "1, " "1, " "1, " "1, " "1, " "1, " "1, " "1, " "1, " "1, " "1, " "1, " "1, " "1, " "0, " "1, " "1, " "1, " "1, " "1, " "1, " "1, " "1, " "1, " "1, " "1, " "1, " "1, " "1, " "1, " "1, " "1, " "1, " "1, " "1, " "1, " "1, " "1, " "1, " "1, " "1, " "1, " "1, " "1, " "1, " "1, " "1, " "1, " "1, " "1, " "1, " "1, " "1, " "1, " "1, " "1, " "1, " "1, " "1, " "1, " "1, " "1, " "1, " "1, " "1, " "1, " "1, " "1, " "1, " "1, " "1, " "1, " "1, " "1, " "1, " "1, " "1, " "1, " "1, " "1, " "1, " "1, " "1, " "1, " "1, " "1, " "1, " "1, " "1, " "1, " "1, " "1, " "1, " "1, " "1, " "1, " "1, " "1, " "1, " "1, " "1, " "1, " "1, " "1, " "1, " "1, " "1, " "1, " "1, " "1, " "1, " "1, " "1, " "1, " "1, " "1, " "1, " "1, " "1, " "1, " "1, " "1, " "1, " "1, " "1, " "1, " "1, " "1, " "1, " "1, " "1, " "1, " "1, " "1, " "1, " "1, " "1, " "1, " "1, " "1, " "1, " "1, " "1, " "1, " "1, " "1, " "1, " "1, " "1, " "1, " "1, " "1, " "1, " "1, " "1, " "1, " "1, " "1, " "1, " "1, " "1, " "1, " "1, " "1, " "1, " "1, " "1, " "1, " "1, " "1, " "1, " "1, " "1, " "1, " "1, " "1, " "1, " "1, " "1, " "1, " "1, " "1, " "1, " "1, " "1, " "1, " "1, " "1, " "1, " "1, " "1, " "1, " "1, " "1, " "1, " "1, " "1, " "1, " "1, " "1, " "1, " "1, " "1, " "1, " "1, " "1, " "1, " "1, " "1, " "1, " "1, " "1, " "1, " "1, " "1, " "1, " "1, " "1, " "1, " "1, " "1, " "1, " "1, " "1, " "1, " "1, " "1, " "1, " "1, " "1, " "1, " "1, " "1, " "1, " "1, " "1, " "1, " "1, " "1, " "1, " "1, "203
 "Nei31, 0.595, " "-0.003, " "1, " "1, " "1, " "1, " "1, " "1, " "1, " "1, " "1, " "1, " "1, " "1, " "1, " "1, " "1, " "1, " "1, " "1, " "1, " "1, " "1, " "1, " "1, " "1, " "1, " "1, " "1, " "1, " "1, " "1, " "1, " "0, " "1, " "1, " "1, " "1, " "1, " "1, " "1, " "1, " "1, " "1, " "1, " "1, " "1, " "1, " "1, " "1, " "1, " "1, " "1, " "1, " "1, " "1, " "1, " "1, " "1, " "1, " "1, " "1, " "1, " "1, " "1, " "1, " "1, " "1, " "1, " "1, " "1, " "1, " "1, " "1, " "1, " "1, " "1, " "1, " "1, " "1, " "1, " "1, " "1, " "1, " "1, " "1, " "1, " "1, " "1, " "1, " "1, " "1, " "1, " "1, " "1, " "1, " "1, " "1, " "1, " "1, " "1, " "1, " "1, " "1, " "1, " "1, " "1, " "1, " "1, " "1, " "1, " "1, " "1, " "1, " "1, " "1, " "1, " "1, " "1, " "1, " "1, " "1, " "1, " "1, " "1, " "1, " "1, " "1, " "1, " "1, " "1, " "1, " "1, " "1, " "1, " "1, " "1, " "1, " "1, " "1, " "1, " "1, " "1, " "1, " "1, " "1, " "1, " "1, " "1, " "1, " "1, " "1, " "1, " "1, " "1, " "1, " "1, " "1, " "1, " "1, " "1, " "1, " "1, " "1, " "1, " "1, " "1, " "1, " "1, " "1, " "1, " "1, " "1, " "1, " "1, " "1, " "1, " "1, " "1, " "1, " "1, " "1, " "1, " "1, " "1, " "1, " "1, " "1, " "1, " "1, " "1, " "1, " "1, " "1, " "1, " "1, " "1, " "1, " "1, " "1, " "1, " "1, " "1, " "1, " "1, " "1, " "1, " "1, " "1, " "1, " "1, " "1, " "1, " "1, " "1, " "1, " "1, " "1, " "1, " "1, " "1, " "1, " "1, " "1, " "1, " "1, " "1, " "1, " "1, " "1, " "1, " "1, " "1, " "1, " "1, " "1, " "1, " "1, " "1, " "1, " "1, " "1, " "1, " "1, " "1, " "1, " "1, " "1, " "1, " "1, " "1, " "1, " "1, " "1, " "1, " "1, " "1, " "1, " "1, "203
 "Nei32, 0.222, " "-0.003, " "1, " "1, " "1, " "1, " "1, " "1, " "1, " "1, " "1, " "1, " "1, " "1, " "1, " "1, " "1, " "1, " "1, " "1, " "1, " "1, " "1, " "1, " "1, " "1, " "1, " "1, " "1, " "1, " "1, " "1, " "1, " "1, " "0, " "1, " "1, " "1, " "1, " "1, " "1, " "1, " "1, " "1, " "1, " "1, " "1, " "1, " "1, " "1, " "1, " "1, " "1, " "1, " "1, " "1, " "1, " "1, " "1, " "1, " "1, " "1, " "1, " "1, " "1, " "1, " "1, " "1, " "1, " "1, " "1, " "1, " "1, " "1, " "1, " "1, " "1, " "1, " "1, " "1, " "1, " "1, " "1, " "1, " "1, " "1, " "1, " "1, " "1, " "1, " "1, " "1, " "1, " "1, " "1, " "1, " "1, " "1, " "1, " "1, " "1, " "1, " "1, " "1, " "1, " "1, " "1, " "1, " "1, " "1, " "1, " "1, " "1, " "1, " "1, " "1, " "1, " "1, " "1, " "1, " "1, " "1, " "1, " "1, " "1, " "1, " "1, " "1, " "1, " "1, " "1, " "1, " "1, " "1, " "1, " "1, " "1, " "1, " "1, " "1, " "1, " "1, " "1, " "1, " "1, " "1, " "1, " "1, " "1, " "1, " "1, " "1, " "1, " "1, " "1, " "1, " "1, " "1, " "1, " "1, " "1, " "1, " "1, " "1, " "1, " "1, " "1, " "1, " "1, " "1, " "1, " "1, " "1, " "1, " "1, " "1, " "1, " "1, " "1, " "1, " "1, " "1, " "1, " "1, " "1, " "1, " "1, " "1, " "1, " "1, " "1, " "1, " "1, " "1, " "1, " "1, " "1, " "1, " "1, " "1, " "1, " "1, " "1, " "1, " "1, " "1, " "1, " "1, " "1, " "1, " "1, " "1, " "1, " "1, " "1, " "1, " "1, " "1, " "1, " "1, " "1, " "1, " "1, " "1, " "1, " "1, " "1, " "1, " "1, " "1, " "1, " "1, " "1, " "1, " "1, " "1, " "1, " "1, " "1, " "1, " "1, " "1, " "1, " "1, " "1, " "1, " "1, " "1, " "1, " "1, " "1, " "1, " "1, " "1, " "1, " "1, " "1, " "1, " "1, "203
 "Nei33, 0.442, " "-0.003, " "1, " "1, " "1, " "1, " "1, " "1, " "1, " "1, " "1, " "1, " "1, " "1, " "1, " "1, " "1, " "1, " "1, " "1, " "1, " "1, " "1, " "1, " "1, " "1, " "1, " "1, " "1, " "1, " "1, " "1, " "1, " "1, " "1, " "0, " "1, " "1, " "1, " "1, " "1, " "1, " "1, " "1, " "1, " "1, " "1, " "1, " "1, " "1, " "1, " "1, " "1, " "1, " "1, " "1, " "1, " "1, " "1, " "1, " "1, " "1, " "1, " "1, " "1, " "1, " "1, " "1, " "1, " "1, " "1, " "1, " "1, " "1, " "1, " "1, " "1, " "1, " "1, " "1, " "1, " "1, " "1, " "1, " "1, " "1, " "1, " "1, " "1, " "1, " "1, " "1, " "1, " "1, " "1, " "1, " "1, " "1, " "1, " "1, " "1, " "1, " "1, " "1, " "1, " "1, " "1, " "1, " "1, " "1, " "1, " "1, " "1, " "1, " "1, " "1, " "1, " "1, " "1, " "1, " "1, " "1, " "1, " "1, " "1, " "1, " "1, " "1, " "1, " "1, " "1, " "1, " "1, " "1, " "1, " "1, " "1, " "1, " "1, " "1, " "1, " "1, " "1, " "1, " "1, " "1, " "1, " "1, " "1, " "1, " "1, " "1, " "1, " "1, " "1, " "1, " "1, " "1, " "1, " "1, " "1, " "1, " "1, " "1, " "1, " "1, " "1, " "1, " "1, " "1, " "1, " "1, " "1, " "1, " "1, " "1, " "1, " "1, " "1, " "1, " "1, " "1, " "1, " "1, " "1, " "1, " "1, " "1, " "1, " "1, " "1, " "1, " "1, " "1, " "1, " "1, " "1, " "1, " "1, " "1, " "1, " "1, " "1, " "1, " "1, " "1, " "1, " "1, " "1, " "1, " "1, " "1, " "1, " "1, " "1, " "1, " "1, " "1, " "1, " "1, " "1, " "1, " "1, " "1, " "1, " "1, " "1, " "1, " "1, " "1, " "1, " "1, " "1, " "1, " "1, " "1, " "1, " "1, " "1, " "1, " "1, " "1, " "1, " "1, " "1, " "1, " "1, " "1, " "1, " "1, " "1, " "1, " "1, " "1, " "1, " "1, " "1, " "1, " "1, "203
 "Nei34, 0.135, " "-0.003, " "1, " "1, " "1, " "1, " "1, " "1, " "1, " "1, " "1, " "1, " "1, " "1, " "1, " "1, " "1, " "1, " "1, " "1, " "1, " "1, " "1, " "1, " "1, " "1, " "1, " "1, " "1, " "1, " "1, " "1, " "1, " "1, " "1, " "1, " "0, " "1, " "1, " "1, " "1, " "1, " "1, " "1, " "1, " "1, " "1, " "1, " "1, " "1, " "1, " "1, " "1, " "1, " "1, " "1, " "1, " "1, " "1, " "1, " "1, " "1, " "1, " "1, " "1, " "1, " "1, " "1, " "1, " "1, " "1, " "1, " "1, " "1, " "1, " "1, " "1, " "1, " "1, " "1, " "1, " "1, " "1, " "1, " "1, " "1, " "1, " "1, " "1, " "1, " "1, " "1, " "1, " "1, " "1, " "1, " "1, " "1, " "1, " "1, " "1, " "1, " "1, " "1, " "1, " "1, " "1, " "1, " "1, " "1, " "1, " "1, " "1, " "1, " "1, " "1, " "1, " "1, " "1, " "1, " "1, " "1, " "1, " "1, " "1, " "1, " "1, " "1, " "1, " "1, " "1, " "1, " "1, " "1, " "1, " "1, " "1, " "1, " "1, " "1, " "1, " "1, " "1, " "1, " "1, " "1, " "1, " "1, " "1, " "1, " "1, " "1, " "1, " "1, " "1, " "1, " "1, " "1, " "1, " "1, " "1, " "1, " "1, " "1, " "1, " "1, " "1, " "1, " "1, " "1, " "1, " "1, " "1, " "1, " "1, " "1, " "1, " "1, " "1, " "1, " "1, " "1, " "1, " "1, " "1, " "1, " "1, " "1, " "1, " "1, " "1, " "1, " "1, " "1, " "1, " "1, " "1, " "1, " "1, " "1, " "1, " "1, " "1, " "1, " "1, " "1, " "1, " "1, " "1, " "1, " "1, " "1, " "1, " "1, " "1, " "1, " "1, " "1, " "1, " "1, " "1, " "1, " "1, " "1, " "1, " "1, " "1, " "1, " "1, " "1, " "1, " "1, " "1, " "1, " "1, " "1, " "1, " "1, " "1, " "1, " "1, " "1, " "1, " "1, " "1, " "1, " "1, " "1, " "1, " "1, " "1, " "1, " "1, " "1, " "1, " "1, " "1, " "1, " "1, "203
 "Nei35, 0.315, " "-0.003, " "1, " "1, " "1, " "1, " "1, " "1, " "1, " "1, " "1, " "1, " "1, " "1, " "1, " "1, " "1, " "1, " "1, " "1, " "1, " "1, " "1, " "1, " "1, " "1, " "1, " "1, " "1, " "1, " "1, " "1, " "1, " "1, " "1, " "1, " "1, " "0, " "1, " "1, " "1, " "1, " "1, " "1, " "1, " "1, " "1, " "1, " "1, " "1, " "1, " "1, " "1, " "1, " "1, " "1, " "1, " "1, " "1, " "1, " "1, " "1, " "1, " "1, " "1, " "1, " "1, " "1, " "1, " "1, " "1, " "1, " "1, " "1, " "1, " "1, " "1, " "1, " "1, " "1, " "1, " "1, " "1, " "1, " "1, " "1, " "1, " "1, " "1, " "1, " "1, " "1, " "1, " "1, " "1, " "1, " "1, " "1, " "1, " "1, " "1, " "1, " "1, " "1, " "1, " "1, " "1, " "1, " "1, " "1, " "1, " "1, " "1, " "1, " "1, " "1, " "1, " "1, " "1, " "1, " "1, " "1, " "1, " "1, " "1, " "1, " "1, " "1, " "1, " "1, " "1, " "1, " "1, " "1, " "1, " "1, " "1, " "1, " "1, " "1, " "1, " "1, " "1, " "1, " "1, " "1, " "1, " "1, " "1, " "1, " "1, " "1, " "1, " "1, " "1, " "1, " "1, " "1, " "1, " "1, " "1, " "1, " "1, " "1, " "1, " "1, " "1, " "1, " "1, " "1, " "1, " "1, " "1, " "1, " "1, " "1, " "1, " "1, " "1, " "1, " "1, " "1, " "1, " "1, " "1, " "1, " "1, " "1, " "1, " "1, " "1, " "1, " "1, " "1, " "1, " "1, " "1, " "1, " "1, " "1, " "1, " "1, " "1, " "1, " "1, " "1, " "1, " "1, " "1, " "1, " "1, " "1, " "1, " "1, " "1, " "1, " "1, " "1, " "1, " "1, " "1, " "1, " "1, " "1, " "1, " "1, " "1, " "1, " "1, " "1, " "1, " "1, " "1, " "1, " "1, " "1, " "1, " "1, " "1, " "1, " "1, " "1, " "1, " "1, " "1, " "1, " "1, " "1, " "1, " "1, " "1, " "1, " "1, " "1, " "1, " "1, " "1, " "1, " "1, "203
 "Nei36, 0.409, " "-0.003, " "1, " "1, " "1, " "1, " "1, " "1, " "1, " "1, " "1, " "1, " "1, " "1, " "1, " "1, " "1, " "1, " "1, " "1, " "1, " "1, " "1, " "1, " "1, " "1, " "1, " "1, " "1, " "1, " "1, " "1, " "1, " "1, " "1, " "1, " "1, " "1, " "0, " "1, " "1, " "1, " "1, " "1, " "1, " "1, " "1, " "1, " "1, " "1, " "1, " "1, " "1, " "1, " "1, " "1, " "1, " "1, " "1, " "1, " "1, " "1, " "1, " "1, " "1, " "1, " "1, " "1, " "1, " "1, " "1, " "1, " "1, " "1, " "1, " "1, " "1, " "1, " "1, " "1, " "1, " "1, " "1, " "1, " "1, " "1, " "1, " "1, " "1, " "1, " "1, " "1, " "1, " "1, " "1, " "1, " "1, " "1, " "1, " "1, " "1, " "1, " "1, " "1, " "1, " "1, " "1, " "1, " "1, " "1, " "1, " "1, " "1, " "1, " "1, " "1, " "1, " "1, " "1, " "1, " "1, " "1, " "1, " "1, " "1, " "1, " "1, " "1, " "1, " "1, " "1, " "1, " "1, " "1, " "1, " "1, " "1, " "1, " "1, " "1, " "1, " "1, " "1, " "1, " "1, " "1, " "1, " "1, " "1, " "1, " "1, " "1, " "1, " "1, " "1, " "1, " "1, " "1, " "1, " "1, " "1, " "1, " "1, " "1, " "1, " "1, " "1, " "1, " "1, " "1, " "1, " "1, " "1, " "1, " "1, " "1, " "1, " "1, " "1, " "1, " "1, " "1, " "1, " "1, " "1, " "1, " "1, " "1, " "1, " "1, " "1, " "1, " "1, " "1, " "1, " "1, " "1, " "1, " "1, " "1, " "1, " "1, " "1, " "1, " "1, " "1, " "1, " "1, " "1, " "1, " "1, " "1, " "1, " "1, " "1, " "1, " "1, " "1, " "1, " "1, " "1, " "1, " "1, " "1, " "1, " "1, " "1, " "1, " "1, " "1, " "1, " "1, " "1, " "1, " "1, " "1, " "1, " "1, " "1, " "1, " "1, " "1, " "1, " "1, " "1, " "1, " "1, " "1, " "1, " "1, " "1, " "1, " "1, " "1, " "1, " "1, " "1, " "1, " "1, "203
 "Nei37, 0.1, " "-0.003, " "1, " "1, " "1, " "1, " "1, " "1, " "1, " "1, " "1, " "1, " "1, " "1, " "1, " "1, " "1, " "1, " "1, " "1, " "1, " "1, " "1, " "1, " "1, " "1, " "1, " "1, " "1, " "1, " "1, " "1, " "1, " "1, " "1, " "1, " "1, " "1, " "1, " "0, " "1, " "1, " "1, " "1, " "1, " "1, " "1, " "1, " "1, " "1, " "1, " "1, " "1, " "1, " "1, " "1, " "1, " "1, " "1, " "1, " "1, " "1, " "1, " "1, " "1, " "1, " "1, " "1, " "1, " "1, " "1, " "1, " "1, " "1, " "1, " "1, " "1, " "1, " "1, " "1, " "1, " "1, " "1, " "1, " "1, " "1, " "1, " "1, " "1, " "1, " "1, " "1, " "1, " "1, " "1, " "1, " "1, " "1, " "1, " "1, " "1, " "1, " "1, " "1, " "1, " "1, " "1, " "1, " "1, " "1, " "1, " "1, " "1, " "1, " "1, " "1, " "1, " "1, " "1, " "1, " "1, " "1, " "1, " "1, " "1, " "1, " "1, " "1, " "1, " "1, " "1, " "1, " "1, " "1, " "1, " "1, " "1, " "1, " "1, " "1, " "1, " "1, " "1, " "1, " "1, " "1, " "1, " "1, " "1, " "1, " "1, " "1, " "1, " "1, " "1, " "1, " "1, " "1, " "1, " "1, " "1, " "1, " "1, " "1, " "1, " "1, " "1, " "1, " "1, " "1, " "1, " "1, " "1, " "1, " "1, " "1, " "1, " "1, " "1, " "1, " "1, " "1, " "1, " "1, " "1, " "1, " "1, " "1, " "1, " "1, " "1, " "1, " "1, " "1, " "1, " "1, " "1, " "1, " "1, " "1, " "1, " "1, " "1, " "1, " "1, " "1, " "1, " "1, " "1, " "1, " "1, " "1, " "1, " "1, " "1, " "1, " "1, " "1, " "1, " "1, " "1, " "1, " "1, " "1, " "1, " "1, " "1, " "1, " "1, " "1, " "1, " "1, " "1, " "1, " "1, " "1, " "1, " "1, " "1, " "1, " "1, " "1, " "1, " "1, " "1, " "1, " "1, " "1, " "1, " "1, " "1, " "1, " "1, " "1, " "1, " "1, " "1, " "1, " "1, "203
 "Nei38, 0.23, " "-0.003, " "1, " "1, " "1, " "1, " "1, " "1, " "1, " "1, " "1, " "1, " "1, " "1, " "1, " "1, " "1, " "1, " "1, " "1, " "1, " "1, " "1, " "1, " "1, " "1, " "1, " "1, " "1, " "1, " "1, " "1, " "1, " "1, " "1, " "1, " "1, " "1, " "1, " "1, " "0, " "1, " "1, " "1, " "1, " "1, " "1, " "1, " "1, " "1, " "1, " "1, " "1, " "1, " "1, " "1, " "1, " "1, " "1, " "1, " "1, " "1, " "1, " "1, " "1, " "1, " "1, " "1, " "1, " "1, " "1, " "1, " "1, " "1, " "1, " "1, " "1, " "1, " "1, " "1, " "1, " "1, " "1, " "1, " "1, " "1, " "1, " "1, " "1, " "1, " "1, " "1, " "1, " "1, " "1, " "1, " "1, " "1, " "1, " "1, " "1, " "1, " "1, " "1, " "1, " "1, " "1, " "1, " "1, " "1, " "1, " "1, " "1, " "1, " "1, " "1, " "1, " "1, " "1, " "1, " "1, " "1, " "1, " "1, " "1, " "1, " "1, " "1, " "1, " "1, " "1, " "1, " "1, " "1, " "1, " "1, " "1, " "1, " "1, " "1, " "1, " "1, " "1, " "1, " "1, " "1, " "1, " "1, " "1, " "1, " "1, " "1, " "1, " "1, " "1, " "1, " "1, " "1, " "1, " "1, " "1, " "1, " "1, " "1, " "1, " "1, " "1, " "1, " "1, " "1, " "1, " "1, " "1, " "1, " "1, " "1, " "1, " "1, " "1, " "1, " "1, " "1, " "1, " "1, " "1, " "1, " "1, " "1, " "1, " "1, " "1, " "1, " "1, " "1, " "1, " "1, " "1, " "1, " "1, " "1, " "1, " "1, " "1, " "1, " "1, " "1, " "1, " "1, " "1, " "1, " "1, " "1, " "1, " "1, " "1, " "1, " "1, " "1, " "1, " "1, " "1, " "1, " "1, " "1, " "1, " "1, " "1, " "1, " "1, " "1, " "1, " "1, " "1, " "1, " "1, " "1, " "1, " "1, " "1, " "1, " "1, " "1, " "1, " "1, " "1, " "1, " "1, " "1, " "1, " "1, " "1, " "1, " "1, " "1, " "1, " "1, " "1, " "1, " "1, "203
 "Nei39, 0.599, " "-0.003, " "1, " "1, " "1, " "1, " "1, " "1, " "1, " "1, " "1, " "1, " "1, " "1, " "1, " "1, " "1, " "1, " "1, " "1, " "1, " "1, " "1, " "1, " "1, " "1, " "1, " "1, " "1, " "1, " "1, " "1, " "1, " "1, " "1, " "1, " "1, " "1, " "1, " "1, " "1, " "0, " "1, " "1, " "1, " "1, " "1, " "1, " "1, " "1, " "1, " "1, " "1, " "1, " "1, " "1, " "1, " "1, " "1, " "1, " "1, " "1, " "1, " "1, " "1, " "1, " "1, " "1, " "1, " "1, " "1, " "1, " "1, " "1, " "1, " "1, " "1, " "1, " "1, " "1, " "1, " "1, " "1, " "1, " "1, " "1, " "1, " "1, " "1, " "1, " "1, " "1, " "1, " "1, " "1, " "1, " "1, " "1, " "1, " "1, " "1, " "1, " "1, " "1, " "1, " "1, " "1, " "1, " "1, " "1, " "1, " "1, " "1, " "1, " "1, " "1, " "1, " "1, " "1, " "1, " "1, " "1, " "1, " "1, " "1, " "1, " "1, " "1, " "1, " "1, " "1, " "1, " "1, " "1, " "1, " "1, " "1, " "1, " "1, " "1, " "1, " "1, " "1, " "1, " "1, " "1, " "1, " "1, " "1, " "1, " "1, " "1, " "1, " "1, " "1, " "1, " "1, " "1, " "1, " "1, " "1, " "1, " "1, " "1, " "1, " "1, " "1, " "1, " "1, " "1, " "1, " "1, " "1, " "1, " "1, " "1, " "1, " "1, " "1, " "1, " "1, " "1, " "1, " "1, " "1, " "1, " "1, " "1, " "1, " "1, " "1, " "1, " "1, " "1, " "1, " "1, " "1, " "1, " "1, " "1, " "1, " "1, " "1, " "1, " "1, " "1, " "1, " "1, " "1, " "1, " "1, " "1, " "1, " "1, " "1, " "1, " "1, " "1, " "1, " "1, " "1, " "1, " "1, " "1, " "1, " "1, " "1, " "1, " "1, " "1, " "1, " "1, " "1, " "1, " "1, " "1, " "1, " "1, " "1, " "1, " "1, " "1, " "1, " "1, " "1, " "1, " "1, " "1, " "1, " "1, " "1, " "1, " "1, " "1, " "1, " "1, " "1, " "1, " "1, "203
 "Nei40, 0.215, " "-0.003, " "1, " "1, " "1, " "1, " "1, " "1, " "1, " "1, " "1, " "1, " "1, " "1, " "1, " "1, " "1, " "1, " "1, " "1, " "1, " "1, " "1, " "1, " "1, " "1, " "1, " "1, " "1, " "1, " "1, " "1, " "1, " "1, " "1, " "1, " "1, " "1, " "1, " "1, " "1, " "1, " "0, " "1, " "1, " "1, " "1, " "1, " "1, " "1, " "1, " "1, " "1, " "1, " "1, " "1, " "1, " "1, " "1, " "1, " "1, " "1, " "1, " "1, " "1, " "1, " "1, " "1, " "1, " "1, " "1, " "1, " "1, " "1, " "1, " "1, " "1, " "1, " "1, " "1, " "1, " "1, " "1, " "1, " "1, " "1, " "1, " "1, " "1, " "1, " "1, " "1, " "1, " "1, " "1, " "1, " "1, " "1, " "1, " "1, " "1, " "1, " "1, " "1, " "1, " "1, " "1, " "1, " "1, " "1, " "1, " "1, " "1, " "1, " "1, " "1, " "1, " "1, " "1, " "1, " "1, " "1, " "1, " "1, " "1, " "1, " "1, " "1, " "1, " "1, " "1, " "1, " "1, " "1, " "1, " "1, " "1, " "1, " "1, " "1, " "1, " "1, " "1, " "1, " "1, " "1, " "1, " "1, " "1, " "1, " "1, " "1, " "1, " "1, " "1, " "1, " "1, " "1, " "1, " "1, " "1, " "1, " "1, " "1, " "1, " "1, " "1, " "1, " "1, " "1, " "1, " "1, " "1, " "1, " "1, " "1, " "1, " "1, " "1, " "1, " "1, " "1, " "1, " "1, " "1, " "1, " "1, " "1, " "1, " "1, " "1, " "1, " "1, " "1, " "1, " "1, " "1, " "1, " "1, " "1, " "1, " "1, " "1, " "1, " "1, " "1, " "1, " "1, " "1, " "1, " "1, " "1, " "1, " "1, " "1, " "1, " "1, " "1, " "1, " "1, " "1, " "1, " "1, " "1, " "1, " "1, " "1, " "1, " "1, " "1, " "1, " "1, " "1, " "1, " "1, " "1, " "1, " "1, " "1, " "1, " "1, " "1, " "1, " "1, " "1, " "1, " "1, " "1, " "1, " "1, " "1, " "1, " "1, " "1, " "1, " "1, " "1, " "1, " "1, "203
 "Nei41, 0.365, " "-0.003, " "1, " "1, " "1, " "1, " "1, " "1, " "1, " "1, " "1, " "1, " "1, " "1, " "1, " "1, " "1, " "1, " "1, " "1, " "1, " "1, " "1, " "1, " "1, " "1, " "1, " "1, " "1, " "1, " "1, " "1, " "1, " "1, " "1, " "1, " "1, " "1, " "1, " "1, " "1, " "1, " "1, " "0, " "1, " "1, " "1, " "1, " "1, " "1, " "1, " "1, " "1, " "1, " "1, " "1, " "1, " "1, " "1, " "1, " "1, " "1, " "1, " "1, " "1, " "1, " "1, " "1, " "1, " "1, " "1, " "1, " "1, " "1, " "1, " "1, " "1, " "1, " "1, " "1, " "1, " "1, " "1, " "1, " "1, " "1, " "1, " "1, " "1, " "1, " "1, " "1, " "1, " "1, " "1, " "1, " "1, " "1, " "1, " "1, " "1, " "1, " "1, " "1, " "1, " "1, " "1, " "1, " "1, " "1, " "1, " "1, " "1, " "1, " "1, " "1, " "1, " "1, " "1, " "1, " "1, " "1, " "1, " "1, " "1, " "1, " "1, " "1, " "1, " "1, " "1, " "1, " "1, " "1, " "1, " "1, " "1, " "1, " "1, " "1, " "1, " "1, " "1, " "1, " "1, " "1, " "1, " "1, " "1, " "1, " "1, " "1, " "1, " "1, " "1, " "1, " "1, " "1, " "1, " "1, " "1, " "1, " "1, " "1, " "1, " "1, " "1, " "1, " "1, " "1, " "1, " "1, " "1, " "1, " "1, " "1, " "1, " "1, " "1, " "1, " "1, " "1, " "1, " "1, " "1, " "1, " "1, " "1, " "1, " "1, " "1, " "1, " "1, " "1, " "1, " "1, " "1, " "1, " "1, " "1, " "1, " "1, " "1, " "1, " "1, " "1, " "1, " "1, " "1, " "1, " "1, " "1, " "1, " "1, " "1, " "1, " "1, " "1, " "1, " "1, " "1, " "1, " "1, " "1, " "1, " "1, " "1, " "1, " "1, " "1, " "1, " "1, " "1, " "1, " "1, " "1, " "1, " "1, " "1, " "1, " "1, " "1, " "1, " "1, " "1, " "1, " "1, " "1, " "1, " "1, " "1, " "1, " "1, " "1, " "1, " "1, " "1, " "1, " "1, "203
 "Nei42, 0.542, " "-0.003, " "1, " "1, " "1, " "1, " "1, " "1, " "1, " "1, " "1, " "1, " "1, " "1, " "1, " "1, " "1, " "1, " "1, " "1, " "1, " "1, " "1, " "1, " "1, " "1, " "1, " "1, " "1, " "1, " "1, " "1, " "1, " "1, " "1, " "1, " "1, " "1, " "1, " "1, " "1, " "1, " "1, " "1, " "0, " "1, " "1, " "1, " "1, " "1, " "1, " "1, " "1, " "1, " "1, " "1, " "1, " "1, " "1, " "1, " "1, " "1, " "1, " "1, " "1, " "1, " "1, " "1, " "1, " "1, " "1, " "1, " "1, " "1, " "1, " "1, " "1, " "1, " "1, " "1, " "1, " "1, " "1, " "1, " "1, " "1, " "1, " "1, " "1, " "1, " "1, " "1, " "1, " "1, " "1, " "1, " "1, " "1, " "1, " "1, " "1, " "1, " "1, " "1, " "1, " "1, " "1, " "1, " "1, " "1, " "1, " "1, " "1, " "1, " "1, " "1, " "1, " "1, " "1, " "1, " "1, " "1, " "1, " "1, " "1, " "1, " "1, " "1, " "1, " "1, " "1, " "1, " "1, " "1, " "1, " "1, " "1, " "1, " "1, " "1, " "1, " "1, " "1, " "1, " "1, " "1, " "1, " "1, " "1, " "1, " "1, " "1, " "1, " "1, " "1, " "1, " "1, " "1, " "1, " "1, " "1, " "1, " "1, " "1, " "1, " "1, " "1, " "1, " "1, " "1, " "1, " "1, " "1, " "1, " "1, " "1, " "1, " "1, " "1, " "1, " "1, " "1, " "1, " "1, " "1, " "1, " "1, " "1, " "1, " "1, " "1, " "1, " "1, " "1, " "1, " "1, " "1, " "1, " "1, " "1, " "1, " "1, " "1, " "1, " "1, " "1, " "1, " "1, " "1, " "1, " "1, " "1, " "1, " "1, " "1, " "1, " "1, " "1, " "1, " "1, " "1, " "1, " "1, " "1, " "1, " "1, " "1, " "1, " "1, " "1, " "1, " "1, " "1, " "1, " "1, " "1, " "1, " "1, " "1, " "1, " "1, " "1, " "1, " "1, " "1, " "1, " "1, " "1, " "1, " "1, " "1, " "1, " "1, " "1, " "1, " "1, " "1, " "1, " "1, "203
 "Nei43, 0.268, " "-0.003, " "1, " "1, " "1, " "1, " "1, " "1, " "1, " "1, " "1, " "1, " "1, " "1, " "1, " "1, " "1, " "1, " "1, " "1, " "1, " "1, " "1, " "1, " "1, " "1, " "1, " "1, " "1, " "1, " "1, " "1, " "1, " "1, " "1, " "1, " "1, " "1, " "1, " "1, " "1, " "1, " "1, " "1, " "1, " "0, " "1, " "1, " "1, " "1, " "1, " "1, " "1, " "1, " "1, " "1, " "1, " "1, " "1, " "1, " "1, " "1, " "1, " "1, " "1, " "1, " "1, " "1, " "1, " "1, " "1, " "1, " "1, " "1, " "1, " "1, " "1, " "1, " "1, " "1, " "1, " "1, " "1, " "1, " "1, " "1, " "1, " "1, " "1, " "1, " "1, " "1, " "1, " "1, " "1, " "1, " "1, " "1, " "1, " "1, " "1, " "1, " "1, " "1, " "1, " "1, " "1, " "1, " "1, " "1, " "1, " "1, " "1, " "1, " "1, " "1, " "1, " "1, " "1, " "1, " "1, " "1, " "1, " "1, " "1, " "1, " "1, " "1, " "1, " "1, " "1, " "1, " "1, " "1, " "1, " "1, " "1, " "1, " "1, " "1, " "1, " "1, " "1, " "1, " "1, " "1, " "1, " "1, " "1, " "1, " "1, " "1, " "1, " "1, " "1, " "1, " "1, " "1, " "1, " "1, " "1, " "1, " "1, " "1, " "1, " "1, " "1, " "1, " "1, " "1, " "1, " "1, " "1, " "1, " "1, " "1, " "1, " "1, " "1, " "1, " "1, " "1, " "1, " "1, " "1, " "1, " "1, " "1, " "1, " "1, " "1, " "1, " "1, " "1, " "1, " "1, " "1, " "1, " "1, " "1, " "1, " "1, " "1, " "1, " "1, " "1, " "1, " "1, " "1, " "1, " "1, " "1, " "1, " "1, " "1, " "1, " "1, " "1, " "1, " "1, " "1, " "1, " "1, " "1, " "1, " "1, " "1, " "1, " "1, " "1, " "1, " "1, " "1, " "1, " "1, " "1, " "1, " "1, " "1, " "1, " "1, " "1, " "1, " "1, " "1, " "1, " "1, " "1, " "1, " "1, " "1, " "1, " "1, " "1, " "1, " "1, " "1, " "1, " "1, "203
 "Nei44, 0.29, " "-0.003, " "1, " "1, " "1, " "1, " "1, " "1, " "1, " "1, " "1, " "1, " "1, " "1, " "1, " "1, " "1, " "1, " "1, " "1, " "1, " "1, " "1, " "1, " "1, " "1, " "1, " "1, " "1, " "1, " "1, " "1, " "1, " "1, " "1, " "1, " "1, " "1, " "1, " "1, " "1, " "1, " "1, " "1, " "1, " "1, " "0, " "1, " "1, " "1, " "1, " "1, " "1, " "1, " "1, " "1, " "1, " "1, " "1, " "1, " "1, " "1, " "1, " "1, " "1, " "1, " "1, " "1, " "1, " "1, " "1, " "1, " "1, " "1, " "1, " "1, " "1, " "1, " "1, " "1, " "1, " "1, " "1, " "1, " "1, " "1, " "1, " "1, " "1, " "1, " "1, " "1, " "1, " "1, " "1, " "1, " "1, " "1, " "1, " "1, " "1, " "1, " "1, " "1, " "1, " "1, " "1, " "1, " "1, " "1, " "1, " "1, " "1, " "1, " "1, " "1, " "1, " "1, " "1, " "1, " "1, " "1, " "1, " "1, " "1, " "1, " "1, " "1, " "1, " "1, " "1, " "1, " "1, " "1, " "1, " "1, " "1, " "1, " "1, " "1, " "1, " "1, " "1, " "1, " "1, " "1, " "1, " "1, " "1, " "1, " "1, " "1, " "1, " "1, " "1, " "1, " "1, " "1, " "1, " "1, " "1, " "1, " "1, " "1, " "1, " "1, " "1, " "1, " "1, " "1, " "1, " "1, " "1, " "1, " "1, " "1, " "1, " "1, " "1, " "1, " "1, " "1, " "1, " "1, " "1, " "1, " "1, " "1, " "1, " "1, " "1, " "1, " "1, " "1, " "1, " "1, " "1, " "1, " "1, " "1, " "1, " "1, " "1, " "1, " "1, " "1, " "1, " "1, " "1, " "1, " "1, " "1, " "1, " "1, " "1, " "1, " "1, " "1, " "1, " "1, " "1, " "1, " "1, " "1, " "1, " "1, " "1, " "1, " "1, " "1, " "1, " "1, " "1, " "1, " "1, " "1, " "1, " "1, " "1, " "1, " "1, " "1, " "1, " "1, " "1, " "1, " "1, " "1, " "1, " "1, " "1, " "1, " "1, " "1, " "1, " "1, " "1, " "1, " "1, "203
 "Nei45, 0.162, " "-0.003, " "1, " "1, " "1, " "1, " "1, " "1, " "1, " "1, " "1, " "1, " "1, " "1, " "1, " "1, " "1, " "1, " "1, " "1, " "1, " "1, " "1, " "1, " "1, " "1, " "1, " "1, " "1, " "1, " "1, " "1, " "1, " "1, " "1, " "1, " "1, " "1, " "1, " "1, " "1, " "1, " "1, " "1, " "1, " "1, " "1, " "0, " "1, " "1, " "1, " "1, " "1, " "1, " "1, " "1, " "1, " "1, " "1, " "1, " "1, " "1, " "1, " "1, " "1, " "1, " "1, " "1, " "1, " "1, " "1, " "1, " "1, " "1, " "1, " "1, " "1, " "1, " "1, " "1, " "1, " "1, " "1, " "1, " "1, " "1, " "1, " "1, " "1, " "1, " "1, " "1, " "1, " "1, " "1, " "1, " "1, " "1, " "1, " "1, " "1, " "1, " "1, " "1, " "1, " "1, " "1, " "1, " "1, " "1, " "1, " "1, " "1, " "1, " "1, " "1, " "1, " "1, " "1, " "1, " "1, " "1, " "1, " "1, " "1, " "1, " "1, " "1, " "1, " "1, " "1, " "1, " "1, " "1, " "1, " "1, " "1, " "1, " "1, " "1, " "1, " "1, " "1, " "1, " "1, " "1, " "1, " "1, " "1, " "1, " "1, " "1, " "1, " "1, " "1, " "1, " "1, " "1, " "1, " "1, " "1, " "1, " "1, " "1, " "1, " "1, " "1, " "1, " "1, " "1, " "1, " "1, " "1, " "1, " "1, " "1, " "1, " "1, " "1, " "1, " "1, " "1, " "1, " "1, " "1, " "1, " "1, " "1, " "1, " "1, " "1, " "1, " "1, " "1, " "1, " "1, " "1, " "1, " "1, " "1, " "1, " "1, " "1, " "1, " "1, " "1, " "1, " "1, " "1, " "1, " "1, " "1, " "1, " "1, " "1, " "1, " "1, " "1, " "1, " "1, " "1, " "1, " "1, " "1, " "1, " "1, " "1, " "1, " "1, " "1, " "1, " "1, " "1, " "1, " "1, " "1, " "1, " "1, " "1, " "1, " "1, " "1, " "1, " "1, " "1, " "1, " "1, " "1, " "1, " "1, " "1, " "1, " "1, " "1, " "1, " "1, " "1, " "1, " "1, "203
 "Nei46, 0.435, " "-0.003, " "1, " "1, " "1, " "1, " "1, " "1, " "1, " "1, " "1, " "1, " "1, " "1, " "1, " "1, " "1, " "1, " "1, " "1, " "1, " "1, " "1, " "1, " "1, " "1, " "1, " "1, " "1, " "1, " "1, " "1, " "1, " "1, " "1, " "1, " "1, " "1, " "1, " "1, " "1, " "1, " "1, " "1, " "1, " "1, " "1, " "1, " "0, " "1, " "1, " "1, " "1, " "1, " "1, " "1, " "1, " "1, " "1, " "1, " "1, " "1, " "1, " "1, " "1, " "1, " "1, " "1, " "1, " "1, " "1, " "1, " "1, " "1, " "1, " "1, " "1, " "1, " "1, " "1, " "1, " "1, " "1, " "1, " "1, " "1, " "1, " "1, " "1, " "1, " "1, " "1, " "1, " "1, " "1, " "1, " "1, " "1, " "1, " "1, " "1, " "1, " "1, " "1, " "1, " "1, " "1, " "1, " "1, " "1, " "1, " "1, " "1, " "1, " "1, " "1, " "1, " "1, " "1, " "1, " "1, " "1, " "1, " "1, " "1, " "1, " "1, " "1, " "1, " "1, " "1, " "1, " "1, " "1, " "1, " "1, " "1, " "1, " "1, " "1, " "1, " "1, " "1, " "1, " "1, " "1, " "1, " "1, " "1, " "1, " "1, " "1, " "1, " "1, " "1, " "1, " "1, " "1, " "1, " "1, " "1, " "1, " "1, " "1, " "1, " "1, " "1, " "1, " "1, " "1, " "1, " "1, " "1, " "1, " "1, " "1, " "1, " "1, " "1, " "1, " "1, " "1, " "1, " "1, " "1, " "1, " "1, " "1, " "1, " "1, " "1, " "1, " "1, " "1, " "1, " "1, " "1, " "1, " "1, " "1, " "1, " "1, " "1, " "1, " "1, " "1, " "1, " "1, " "1, " "1, " "1, " "1, " "1, " "1, " "1, " "1, " "1, " "1, " "1, " "1, " "1, " "1, " "1, " "1, " "1, " "1, " "1, " "1, " "1, " "1, " "1, " "1, " "1, " "1, " "1, " "1, " "1, " "1, " "1, " "1, " "1, " "1, " "1, " "1, " "1, " "1, " "1, " "1, " "1, " "1, " "1, " "1, " "1, " "1, " "1, " "1, " "1, " "1, " "1, "203
 "Nei47, 0.01, " "-0.003, " "1, " "1, " "1, " "1, " "1, " "1, " "1, " "1, " "1, " "1, " "1, " "1, " "1, " "1, " "1, " "1, " "1, " "1, " "1, " "1, " "1, " "1, " "1, " "1, " "1, " "1, " "1, " "1, " "1, " "1, " "1, " "1, " "1, " "1, " "1, " "1, " "1, " "1, " "1, " "1, " "1, " "1, " "1, " "1, " "1, " "1, " "1, " "0, " "1, " "1, " "1, " "1, " "1, " "1, " "1, " "1, " "1, " "1, " "1, " "1, " "1, " "1, " "1, " "1, " "1, " "1, " "1, " "1, " "1, " "1, " "1, " "1, " "1, " "1, " "1, " "1, " "1, " "1, " "1, " "1, " "1, " "1, " "1, " "1, " "1, " "1, " "1, " "1, " "1, " "1, " "1, " "1, " "1, " "1, " "1, " "1, " "1, " "1, " "1, " "1, " "1, " "1, " "1, " "1, " "1, " "1, " "1, " "1, " "1, " "1, " "1, " "1, " "1, " "1, " "1, " "1, " "1, " "1, " "1, " "1, " "1, " "1, " "1, " "1, " "1, " "1, " "1, " "1, " "1, " "1, " "1, " "1, " "1, " "1, " "1, " "1, " "1, " "1, " "1, " "1, " "1, " "1, " "1, " "1, " "1, " "1, " "1, " "1, " "1, " "1, " "1, " "1, " "1, " "1, " "1, " "1, " "1, " "1, " "1, " "1, " "1, " "1, " "1, " "1, " "1, " "1, " "1, " "1, " "1, " "1, " "1, " "1, " "1, " "1, " "1, " "1, " "1, " "1, " "1, " "1, " "1, " "1, " "1, " "1, " "1, " "1, " "1, " "1, " "1, " "1, " "1, " "1, " "1, " "1, " "1, " "1, " "1, " "1, " "1, " "1, " "1, " "1, " "1, " "1, " "1, " "1, " "1, " "1, " "1, " "1, " "1, " "1, " "1, " "1, " "1, " "1, " "1, " "1, " "1, " "1, " "1, " "1, " "1, " "1, " "1, " "1, " "1, " "1, " "1, " "1, " "1, " "1, " "1, " "1, " "1, " "1, " "1, " "1, " "1, " "1, " "1, " "1, " "1, " "1, " "1, " "1, " "1, " "1, " "1, " "1, " "1, " "1, " "1, " "1, " "1, " "1, " "1, "203
 "Nei48, 0.211, " "-0.003, " "1, " "1, " "1, " "1, " "1, " "1, " "1, " "1, " "1, " "1, " "1, " "1, " "1, " "1, " "1, " "1, " "1, " "1, " "1, " "1, " "1, " "1, " "1, " "1, " "1, " "1, " "1, " "1, " "1, " "1, " "1, " "1, " "1, " "1, " "1, " "1, " "1, " "1, " "1, " "1, " "1, " "1, " "1, " "1, " "1, " "1, " "1, " "1, " "0, " "1, " "1, " "1, " "1, " "1, " "1, " "1, " "1, " "1, " "1, " "1, " "1, " "1, " "1, " "1, " "1, " "1, " "1, " "1, " "1, " "1, " "1, " "1, " "1, " "1, " "1, " "1, " "1, " "1, " "1, " "1, " "1, " "1, " "1, " "1, " "1, " "1, " "1, " "1, " "1, " "1, " "1, " "1, " "1, " "1, " "1, " "1, " "1, " "1, " "1, " "1, " "1, " "1, " "1, " "1, " "1, " "1, " "1, " "1, " "1, " "1, " "1, " "1, " "1, " "1, " "1, " "1, " "1, " "1, " "1, " "1, " "1, " "1, " "1, " "1, " "1, " "1, " "1, " "1, " "1, " "1, " "1, " "1, " "1, " "1, " "1, " "1, " "1, " "1, " "1, " "1, " "1, " "1, " "1, " "1, " "1, " "1, " "1, " "1, " "1, " "1, " "1, " "1, " "1, " "1, " "1, " "1, " "1, " "1, " "1, " "1, " "1, " "1, " "1, " "1, " "1, " "1, " "1, " "1, " "1, " "1, " "1, " "1, " "1, " "1, " "1, " "1, " "1, " "1, " "1, " "1, " "1, " "1, " "1, " "1, " "1, " "1, " "1, " "1, " "1, " "1, " "1, " "1, " "1, " "1, " "1, " "1, " "1, " "1, " "1, " "1, " "1, " "1, " "1, " "1, " "1, " "1, " "1, " "1, " "1, " "1, " "1, " "1, " "1, " "1, " "1, " "1, " "1, " "1, " "1, " "1, " "1, " "1, " "1, " "1, " "1, " "1, " "1, " "1, " "1, " "1, " "1, " "1, " "1, " "1, " "1, " "1, " "1, " "1, " "1, " "1, " "1, " "1, " "1, " "1, " "1, " "1, " "1, " "1, " "1, " "1, " "1, " "1, " "1, " "1, " "1, " "1, " "1, "203
 "Nei49, 0.085, " "-0.003, " "1, " "1, " "1, " "1, " "1, " "1, " "1, " "1, " "1, " "1, " "1, " "1, " "1, " "1, " "1, " "1, " "1, " "1, " "1, " "1, " "1, " "1, " "1, " "1, " "1, " "1, " "1, " "1, " "1, " "1, " "1, " "1, " "1, " "1, " "1, " "1, " "1, " "1, " "1, " "1, " "1, " "1, " "1, " "1, " "1, " "1, " "1, " "1, " "1, " "0, " "1, " "1, " "1, " "1, " "1, " "1, " "1, " "1, " "1, " "1, " "1, " "1, " "1, " "1, " "1, " "1, " "1, " "1, " "1, " "1, " "1, " "1, " "1, " "1, " "1, " "1, " "1, " "1, " "1, " "1, " "1, " "1, " "1, " "1, " "1, " "1, " "1, " "1, " "1, " "1, " "1, " "1, " "1, " "1, " "1, " "1, " "1, " "1, " "1, " "1, " "1, " "1, " "1, " "1, " "1, " "1, " "1, " "1, " "1, " "1, " "1, " "1, " "1, " "1, " "1, " "1, " "1, " "1, " "1, " "1, " "1, " "1, " "1, " "1, " "1, " "1, " "1, " "1, " "1, " "1, " "1, " "1, " "1, " "1, " "1, " "1, " "1, " "1, " "1, " "1, " "1, " "1, " "1, " "1, " "1, " "1, " "1, " "1, " "1, " "1, " "1, " "1, " "1, " "1, " "1, " "1, " "1, " "1, " "1, " "1, " "1, " "1, " "1, " "1, " "1, " "1, " "1, " "1, " "1, " "1, " "1, " "1, " "1, " "1, " "1, " "1, " "1, " "1, " "1, " "1, " "1, " "1, " "1, " "1, " "1, " "1, " "1, " "1, " "1, " "1, " "1, " "1, " "1, " "1, " "1, " "1, " "1, " "1, " "1, " "1, " "1, " "1, " "1, " "1, " "1, " "1, " "1, " "1, " "1, " "1, " "1, " "1, " "1, " "1, " "1, " "1, " "1, " "1, " "1, " "1, " "1, " "1, " "1, " "1, " "1, " "1, " "1, " "1, " "1, " "1, " "1, " "1, " "1, " "1, " "1, " "1, " "1, " "1, " "1, " "1, " "1, " "1, " "1, " "1, " "1, " "1, " "1, " "1, " "1, " "1, " "1, " "1, " "1, " "1, " "1, " "1, " "1, "203
 "Nei50, 0.139, " "-0.003, " "1, " "1, " "1, " "1, " "1, " "1, " "1, " "1, " "1, " "1, " "1, " "1, " "1, " "1, " "1, " "1, " "1, " "1, " "1, " "1, " "1, " "1, " "1, " "1, " "1, " "1, " "1, " "1, " "1, " "1, " "1, " "1, " "1, " "1, " "1, " "1, " "1, " "1, " "1, " "1, " "1, " "1, " "1, " "1, " "1, " "1, " "1, " "1, " "1, " "1, " "0, " "1, " "1, " "1, " "1, " "1, " "1, " "1, " "1, " "1, " "1, " "1, " "1, " "1, " "1, " "1, " "1, " "1, " "1, " "1, " "1, " "1, " "1, " "1, " "1, " "1, " "1, " "1, " "1, " "1, " "1, " "1, " "1, " "1, " "1, " "1, " "1, " "1, " "1, " "1, " "1, " "1, " "1, " "1, " "1, " "1, " "1, " "1, " "1, " "1, " "1, " "1, " "1, " "1, " "1, " "1, " "1, " "1, " "1, " "1, " "1, " "1, " "1, " "1, " "1, " "1, " "1, " "1, " "1, " "1, " "1, " "1, " "1, " "1, " "1, " "1, " "1, " "1, " "1, " "1, " "1, " "1, " "1, " "1, " "1, " "1, " "1, " "1, " "1, " "1, " "1, " "1, " "1, " "1, " "1, " "1, " "1, " "1, " "1, " "1, " "1, " "1, " "1, " "1, " "1, " "1, " "1, " "1, " "1, " "1, " "1, " "1, " "1, " "1, " "1, " "1, " "1, " "1, " "1, " "1, " "1, " "1, " "1, " "1, " "1, " "1, " "1, " "1, " "1, " "1, " "1, " "1, " "1, " "1, " "1, " "1, " "1, " "1, " "1, " "1, " "1, " "1, " "1, " "1, " "1, " "1, " "1, " "1, " "1, " "1, " "1, " "1, " "1, " "1, " "1, " "1, " "1, " "1, " "1, " "1, " "1, " "1, " "1, " "1, " "1, " "1, " "1, " "1, " "1, " "1, " "1, " "1, " "1, " "1, " "1, " "1, " "1, " "1, " "1, " "1, " "1, " "1, " "1, " "1, " "1, " "1, " "1, " "1, " "1, " "1, " "1, " "1, " "1, " "1, " "1, " "1, " "1, " "1, " "1, " "1, " "1, " "1, " "1, " "1, " "1, " "1, " "1, "203
 "Nei51, 0.328, " "-0.003, " "1, " "1, " "1, " "1, " "1, " "1, " "1, " "1, " "1, " "1, " "1, " "1, " "1, " "1, " "1, " "1, " "1, " "1, " "1, " "1, " "1, " "1, " "1, " "1, " "1, " "1, " "1, " "1, " "1, " "1, " "1, " "1, " "1, " "1, " "1, " "1, " "1, " "1, " "1, " "1, " "1, " "1, " "1, " "1, " "1, " "1, " "1, " "1, " "1, " "1, " "1, " "0, " "1, " "1, " "1, " "1, " "1, " "1, " "1, " "1, " "1, " "1, " "1, " "1, " "1, " "1, " "1, " "1, " "1, " "1, " "1, " "1, " "1, " "1, " "1, " "1, " "1, " "1, " "1, " "1, " "1, " "1, " "1, " "1, " "1, " "1, " "1, " "1, " "1, " "1, " "1, " "1, " "1, " "1, " "1, " "1, " "1, " "1, " "1, " "1, " "1, " "1, " "1, " "1, " "1, " "1, " "1, " "1, " "1, " "1, " "1, " "1, " "1, " "1, " "1, " "1, " "1, " "1, " "1, " "1, " "1, " "1, " "1, " "1, " "1, " "1, " "1, " "1, " "1, " "1, " "1, " "1, " "1, " "1, " "1, " "1, " "1, " "1, " "1, " "1, " "1, " "1, " "1, " "1, " "1, " "1, " "1, " "1, " "1, " "1, " "1, " "1, " "1, " "1, " "1, " "1, " "1, " "1, " "1, " "1, " "1, " "1, " "1, " "1, " "1, " "1, " "1, " "1, " "1, " "1, " "1, " "1, " "1, " "1, " "1, " "1, " "1, " "1, " "1, " "1, " "1, " "1, " "1, " "1, " "1, " "1, " "1, " "1, " "1, " "1, " "1, " "1, " "1, " "1, " "1, " "1, " "1, " "1, " "1, " "1, " "1, " "1, " "1, " "1, " "1, " "1, " "1, " "1, " "1, " "1, " "1, " "1, " "1, " "1, " "1, " "1, " "1, " "1, " "1, " "1, " "1, " "1, " "1, " "1, " "1, " "1, " "1, " "1, " "1, " "1, " "1, " "1, " "1, " "1, " "1, " "1, " "1, " "1, " "1, " "1, " "1, " "1, " "1, " "1, " "1, " "1, " "1, " "1, " "1, " "1, " "1, " "1, " "1, " "1, " "1, " "1, " "1, "203
 "Nei52, 0.007, " "-0.003, " "1, " "1, " "1, " "1, " "1, " "1, " "1, " "1, " "1, " "1, " "1, " "1, " "1, " "1, " "1, " "1, " "1, " "1, " "1, " "1, " "1, " "1, " "1, " "1, " "1, " "1, " "1, " "1, " "1, " "1, " "1, " "1, " "1, " "1, " "1, " "1, " "1, " "1, " "1, " "1, " "1, " "1, " "1, " "1, " "1, " "1, " "1, " "1, " "1, " "1, " "1, " "1, " "0, " "1, " "1, " "1, " "1, " "1, " "1, " "1, " "1, " "1, " "1, " "1, " "1, " "1, " "1, " "1, " "1, " "1, " "1, " "1, " "1, " "1, " "1, " "1, " "1, " "1, " "1, " "1, " "1, " "1, " "1, " "1, " "1, " "1, " "1, " "1, " "1, " "1, " "1, " "1, " "1, " "1, " "1, " "1, " "1, " "1, " "1, " "1, " "1, " "1, " "1, " "1, " "1, " "1, " "1, " "1, " "1, " "1, " "1, " "1, " "1, " "1, " "1, " "1, " "1, " "1, " "1, " "1, " "1, " "1, " "1, " "1, " "1, " "1, " "1, " "1, " "1, " "1, " "1, " "1, " "1, " "1, " "1, " "1, " "1, " "1, " "1, " "1, " "1, " "1, " "1, " "1, " "1, " "1, " "1, " "1, " "1, " "1, " "1, " "1, " "1, " "1, " "1, " "1, " "1, " "1, " "1, " "1, " "1, " "1, " "1, " "1, " "1, " "1, " "1, " "1, " "1, " "1, " "1, " "1, " "1, " "1, " "1, " "1, " "1, " "1, " "1, " "1, " "1, " "1, " "1, " "1, " "1, " "1, " "1, " "1, " "1, " "1, " "1, " "1, " "1, " "1, " "1, " "1, " "1, " "1, " "1, " "1, " "1, " "1, " "1, " "1, " "1, " "1, " "1, " "1, " "1, " "1, " "1, " "1, " "1, " "1, " "1, " "1, " "1, " "1, " "1, " "1, " "1, " "1, " "1, " "1, " "1, " "1, " "1, " "1, " "1, " "1, " "1, " "1, " "1, " "1, " "1, " "1, " "1, " "1, " "1, " "1, " "1, " "1, " "1, " "1, " "1, " "1, " "1, " "1, " "1, " "1, " "1, " "1, " "1, " "1, " "1, " "1, " "1, "203
 "Nei53, 0.395, " "-0.003, " "1, " "1, " "1, " "1, " "1, " "1, " "1, " "1, " "1, " "1, " "1, " "1, " "1, " "1, " "1, " "1, " "1, " "1, " "1, " "1, " "1, " "1, " "1, " "1, " "1, " "1, " "1, " "1, " "1, " "1, " "1, " "1, " "1, " "1, " "1, " "1, " "1, " "1, " "1, " "1, " "1, " "1, " "1, " "1, " "1, " "1, " "1, " "1, " "1, " "1, " "1, " "1, " "1, " "0, " "1, " "1, " "1, " "1, " "1, " "1, " "1, " "1, " "1, " "1, " "1, " "1, " "1, " "1, " "1, " "1, " "1, " "1, " "1, " "1, " "1, " "1, " "1, " "1, " "1, " "1, " "1, " "1, " "1, " "1, " "1, " "1, " "1, " "1, " "1, " "1, " "1, " "1, " "1, " "1, " "1, " "1, " "1, " "1, " "1, " "1, " "1, " "1, " "1, " "1, " "1, " "1, " "1, " "1, " "1, " "1, " "1, " "1, " "1, " "1, " "1, " "1, " "1, " "1, " "1, " "1, " "1, " "1, " "1, " "1, " "1, " "1, " "1, " "1, " "1, " "1, " "1, " "1, " "1, " "1, " "1, " "1, " "1, " "1, " "1, " "1, " "1, " "1, " "1, " "1, " "1, " "1, " "1, " "1, " "1, " "1, " "1, " "1, " "1, " "1, " "1, " "1, " "1, " "1, " "1, " "1, " "1, " "1, " "1, " "1, " "1, " "1, " "1, " "1, " "1, " "1, " "1, " "1, " "1, " "1, " "1, " "1, " "1, " "1, " "1, " "1, " "1, " "1, " "1, " "1, " "1, " "1, " "1, " "1, " "1, " "1, " "1, " "1, " "1, " "1, " "1, " "1, " "1, " "1, " "1, " "1, " "1, " "1, " "1, " "1, " "1, " "1, " "1, " "1, " "1, " "1, " "1, " "1, " "1, " "1, " "1, " "1, " "1, " "1, " "1, " "1, " "1, " "1, " "1, " "1, " "1, " "1, " "1, " "1, " "1, " "1, " "1, " "1, " "1, " "1, " "1, " "1, " "1, " "1, " "1, " "1, " "1, " "1, " "1, " "1, " "1, " "1, " "1, " "1, " "1, " "1, " "1, " "1, " "1, " "1, " "1, " "1, " "1, "203
 "Nei54, 0.185, " "-0.003, " "1, " "1, " "1, " "1, " "1, " "1, " "1, " "1, " "1, " "1, " "1, " "1, " "1, " "1, " "1, " "1, " "1, " "1, " "1, " "1, " "1, " "1, " "1, " "1, " "1, " "1, " "1, " "1, " "1, " "1, " "1, " "1, " "1, " "1, " "1, " "1, " "1, " "1, " "1, " "1, " "1, " "1, " "1, " "1, " "1, " "1, " "1, " "1, " "1, " "1, " "1, " "1, " "1, " "1, " "0, " "1, " "1, " "1, " "1, " "1, " "1, " "1, " "1, " "1, " "1, " "1, " "1, " "1, " "1, " "1, " "1, " "1, " "1, " "1, " "1, " "1, " "1, " "1, " "1, " "1, " "1, " "1, " "1, " "1, " "1, " "1, " "1, " "1, " "1, " "1, " "1, " "1, " "1, " "1, " "1, " "1, " "1, " "1, " "1, " "1, " "1, " "1, " "1, " "1, " "1, " "1, " "1, " "1, " "1, " "1, " "1, " "1, " "1, " "1, " "1, " "1, " "1, " "1, " "1, " "1, " "1, " "1, " "1, " "1, " "1, " "1, " "1, " "1, " "1, " "1, " "1, " "1, " "1, " "1, " "1, " "1, " "1, " "1, " "1, " "1, " "1, " "1, " "1, " "1, " "1, " "1, " "1, " "1, " "1, " "1, " "1, " "1, " "1, " "1, " "1, " "1, " "1, " "1, " "1, " "1, " "1, " "1, " "1, " "1, " "1, " "1, " "1, " "1, " "1, " "1, " "1, " "1, " "1, " "1, " "1, " "1, " "1, " "1, " "1, " "1, " "1, " "1, " "1, " "1, " "1, " "1, " "1, " "1, " "1, " "1, " "1, " "1, " "1, " "1, " "1, " "1, " "1, " "1, " "1, " "1, " "1, " "1, " "1, " "1, " "1, " "1, " "1, " "1, " "1, " "1, " "1, " "1, " "1, " "1, " "1, " "1, " "1, " "1, " "1, " "1, " "1, " "1, " "1, " "1, " "1, " "1, " "1, " "1, " "1, " "1, " "1, " "1, " "1, " "1, " "1, " "1, " "1, " "1, " "1, " "1, " "1, " "1, " "1, " "1, " "1, " "1, " "1, " "1, " "1, " "1, " "1, " "1, " "1, " "1, " "1, " "1, " "1, "203
 "Nei55, 0.382, " "-0.003, " "1, " "1, " "1, " "1, " "1, " "1, " "1, " "1, " "1, " "1, " "1, " "1, " "1, " "1, " "1, " "1, " "1, " "1, " "1, " "1, " "1, " "1, " "1, " "1, " "1, " "1, " "1, " "1, " "1, " "1, " "1, " "1, " "1, " "1, " "1, " "1, " "1, " "1, " "1, " "1, " "1, " "1, " "1, " "1, " "1, " "1, " "1, " "1, " "1, " "1, " "1, " "1, " "1, " "1, " "1, " "0, " "1, " "1, " "1, " "1, " "1, " "1, " "1, " "1, " "1, " "1, " "1, " "1, " "1, " "1, " "1, " "1, " "1, " "1, " "1, " "1, " "1, " "1, " "1, " "1, " "1, " "1, " "1, " "1, " "1, " "1, " "1, " "1, " "1, " "1, " "1, " "1, " "1, " "1, " "1, " "1, " "1, " "1, " "1, " "1, " "1, " "1, " "1, " "1, " "1, " "1, " "1, " "1, " "1, " "1, " "1, " "1, " "1, " "1, " "1, " "1, " "1, " "1, " "1, " "1, " "1, " "1, " "1, " "1, " "1, " "1, " "1, " "1, " "1, " "1, " "1, " "1, " "1, " "1, " "1, " "1, " "1, " "1, " "1, " "1, " "1, " "1, " "1, " "1, " "1, " "1, " "1, " "1, " "1, " "1, " "1, " "1, " "1, " "1, " "1, " "1, " "1, " "1, " "1, " "1, " "1, " "1, " "1, " "1, " "1, " "1, " "1, " "1, " "1, " "1, " "1, " "1, " "1, " "1, " "1, " "1, " "1, " "1, " "1, " "1, " "1, " "1, " "1, " "1, " "1, " "1, " "1, " "1, " "1, " "1, " "1, " "1, " "1, " "1, " "1, " "1, " "1, " "1, " "1, " "1, " "1, " "1, " "1, " "1, " "1, " "1, " "1, " "1, " "1, " "1, " "1, " "1, " "1, " "1, " "1, " "1, " "1, " "1, " "1, " "1, " "1, " "1, " "1, " "1, " "1, " "1, " "1, " "1, " "1, " "1, " "1, " "1, " "1, " "1, " "1, " "1, " "1, " "1, " "1, " "1, " "1, " "1, " "1, " "1, " "1, " "1, " "1, " "1, " "1, " "1, " "1, " "1, " "1, " "1, " "1, " "1, " "1, "203
 "Nei56, 0.487, " "-0.003, " "1, " "1, " "1, " "1, " "1, " "1, " "1, " "1, " "1, " "1, " "1, " "1, " "1, " "1, " "1, " "1, " "1, " "1, " "1, " "1, " "1, " "1, " "1, " "1, " "1, " "1, " "1, " "1, " "1, " "1, " "1, " "1, " "1, " "1, " "1, " "1, " "1, " "1, " "1, " "1, " "1, " "1, " "1, " "1, " "1, " "1, " "1, " "1, " "1, " "1, " "1, " "1, " "1, " "1, " "1, " "1, " "0, " "1, " "1, " "1, " "1, " "1, " "1, " "1, " "1, " "1, " "1, " "1, " "1, " "1, " "1, " "1, " "1, " "1, " "1, " "1, " "1, " "1, " "1, " "1, " "1, " "1, " "1, " "1, " "1, " "1, " "1, " "1, " "1, " "1, " "1, " "1, " "1, " "1, " "1, " "1, " "1, " "1, " "1, " "1, " "1, " "1, " "1, " "1, " "1, " "1, " "1, " "1, " "1, " "1, " "1, " "1, " "1, " "1, " "1, " "1, " "1, " "1, " "1, " "1, " "1, " "1, " "1, " "1, " "1, " "1, " "1, " "1, " "1, " "1, " "1, " "1, " "1, " "1, " "1, " "1, " "1, " "1, " "1, " "1, " "1, " "1, " "1, " "1, " "1, " "1, " "1, " "1, " "1, " "1, " "1, " "1, " "1, " "1, " "1, " "1, " "1, " "1, " "1, " "1, " "1, " "1, " "1, " "1, " "1, " "1, " "1, " "1, " "1, " "1, " "1, " "1, " "1, " "1, " "1, " "1, " "1, " "1, " "1, " "1, " "1, " "1, " "1, " "1, " "1, " "1, " "1, " "1, " "1, " "1, " "1, " "1, " "1, " "1, " "1, " "1, " "1, " "1, " "1, " "1, " "1, " "1, " "1, " "1, " "1, " "1, " "1, " "1, " "1, " "1, " "1, " "1, " "1, " "1, " "1, " "1, " "1, " "1, " "1, " "1, " "1, " "1, " "1, " "1, " "1, " "1, " "1, " "1, " "1, " "1, " "1, " "1, " "1, " "1, " "1, " "1, " "1, " "1, " "1, " "1, " "1, " "1, " "1, " "1, " "1, " "1, " "1, " "1, " "1, " "1, " "1, " "1, " "1, " "1, " "1, " "1, " "1, "203
 "Nei57, 0.185, " "-0.003, " "1, " "1, " "1, " "1, " "1, " "1, " "1, " "1, " "1, " "1, " "1, " "1, " "1, " "1, " "1, " "1, " "1, " "1, " "1, " "1, " "1, " "1, " "1, " "1, " "1, " "1, " "1, " "1, " "1, " "1, " "1, " "1, " "1, " "1, " "1, " "1, " "1, " "1, " "1, " "1, " "1, " "1, " "1, " "1, " "1, " "1, " "1, " "1, " "1, " "1, " "1, " "1, " "1, " "1, " "1, " "1, " "1, " "0, " "1, " "1, " "1, " "1, " "1, " "1, " "1, " "1, " "1, " "1, " "1, " "1, " "1, " "1, " "1, " "1, " "1, " "1, " "1, " "1, " "1, " "1, " "1, " "1, " "1, " "1, " "1, " "1, " "1, " "1, " "1, " "1, " "1, " "1, " "1, " "1, " "1, " "1, " "1, " "1, " "1, " "1, " "1, " "1, " "1, " "1, " "1, " "1, " "1, " "1, " "1, " "1, " "1, " "1, " "1, " "1, " "1, " "1, " "1, " "1, " "1, " "1, " "1, " "1, " "1, " "1, " "1, " "1, " "1, " "1, " "1, " "1, " "1, " "1, " "1, " "1, " "1, " "1, " "1, " "1, " "1, " "1, " "1, " "1, " "1, " "1, " "1, " "1, " "1, " "1, " "1, " "1, " "1, " "1, " "1, " "1, " "1, " "1, " "1, " "1, " "1, " "1, " "1, " "1, " "1, " "1, " "1, " "1, " "1, " "1, " "1, " "1, " "1, " "1, " "1, " "1, " "1, " "1, " "1, " "1, " "1, " "1, " "1, " "1, " "1, " "1, " "1, " "1, " "1, " "1, " "1, " "1, " "1, " "1, " "1, " "1, " "1, " "1, " "1, " "1, " "1, " "1, " "1, " "1, " "1, " "1, " "1, " "1, " "1, " "1, " "1, " "1, " "1, " "1, " "1, " "1, " "1, " "1, " "1, " "1, " "1, " "1, " "1, " "1, " "1, " "1, " "1, " "1, " "1, " "1, " "1, " "1, " "1, " "1, " "1, " "1, " "1, " "1, " "1, " "1, " "1, " "1, " "1, " "1, " "1, " "1, " "1, " "1, " "1, " "1, " "1, " "1, " "1, " "1, " "1, " "1, " "1, " "1, " "1, "203
 "Nei58, 0.366, " "-0.003, " "1, " "1, " "1, " "1, " "1, " "1, " "1, " "1, " "1, " "1, " "1, " "1, " "1, " "1, " "1, " "1, " "1, " "1, " "1, " "1, " "1, " "1, " "1, " "1, " "1, " "1, " "1, " "1, " "1, " "1, " "1, " "1, " "1, " "1, " "1, " "1, " "1, " "1, " "1, " "1, " "1, " "1, " "1, " "1, " "1, " "1, " "1, " "1, " "1, " "1, " "1, " "1, " "1, " "1, " "1, " "1, " "1, " "1, " "0, " "1, " "1, " "1, " "1, " "1, " "1, " "1, " "1, " "1, " "1, " "1, " "1, " "1, " "1, " "1, " "1, " "1, " "1, " "1, " "1, " "1, " "1, " "1, " "1, " "1, " "1, " "1, " "1, " "1, " "1, " "1, " "1, " "1, " "1, " "1, " "1, " "1, " "1, " "1, " "1, " "1, " "1, " "1, " "1, " "1, " "1, " "1, " "1, " "1, " "1, " "1, " "1, " "1, " "1, " "1, " "1, " "1, " "1, " "1, " "1, " "1, " "1, " "1, " "1, " "1, " "1, " "1, " "1, " "1, " "1, " "1, " "1, " "1, " "1, " "1, " "1, " "1, " "1, " "1, " "1, " "1, " "1, " "1, " "1, " "1, " "1, " "1, " "1, " "1, " "1, " "1, " "1, " "1, " "1, " "1, " "1, " "1, " "1, " "1, " "1, " "1, " "1, " "1, " "1, " "1, " "1, " "1, " "1, " "1, " "1, " "1, " "1, " "1, " "1, " "1, " "1, " "1, " "1, " "1, " "1, " "1, " "1, " "1, " "1, " "1, " "1, " "1, " "1, " "1, " "1, " "1, " "1, " "1, " "1, " "1, " "1, " "1, " "1, " "1, " "1, " "1, " "1, " "1, " "1, " "1, " "1, " "1, " "1, " "1, " "1, " "1, " "1, " "1, " "1, " "1, " "1, " "1, " "1, " "1, " "1, " "1, " "1, " "1, " "1, " "1, " "1, " "1, " "1, " "1, " "1, " "1, " "1, " "1, " "1, " "1, " "1, " "1, " "1, " "1, " "1, " "1, " "1, " "1, " "1, " "1, " "1, " "1, " "1, " "1, " "1, " "1, " "1, " "1, " "1, " "1, " "1, " "1, " "1, "203
 "Nei59, 0.356, " "-0.003, " "1, " "1, " "1, " "1, " "1, " "1, " "1, " "1, " "1, " "1, " "1, " "1, " "1, " "1, " "1, " "1, " "1, " "1, " "1, " "1, " "1, " "1, " "1, " "1, " "1, " "1, " "1, " "1, " "1, " "1, " "1, " "1, " "1, " "1, " "1, " "1, " "1, " "1, " "1, " "1, " "1, " "1, " "1, " "1, " "1, " "1, " "1, " "1, " "1, " "1, " "1, " "1, " "1, " "1, " "1, " "1, " "1, " "1, " "1, " "0, " "1, " "1, " "1, " "1, " "1, " "1, " "1, " "1, " "1, " "1, " "1, " "1, " "1, " "1, " "1, " "1, " "1, " "1, " "1, " "1, " "1, " "1, " "1, " "1, " "1, " "1, " "1, " "1, " "1, " "1, " "1, " "1, " "1, " "1, " "1, " "1, " "1, " "1, " "1, " "1, " "1, " "1, " "1, " "1, " "1, " "1, " "1, " "1, " "1, " "1, " "1, " "1, " "1, " "1, " "1, " "1, " "1, " "1, " "1, " "1, " "1, " "1, " "1, " "1, " "1, " "1, " "1, " "1, " "1, " "1, " "1, " "1, " "1, " "1, " "1, " "1, " "1, " "1, " "1, " "1, " "1, " "1, " "1, " "1, " "1, " "1, " "1, " "1, " "1, " "1, " "1, " "1, " "1, " "1, " "1, " "1, " "1, " "1, " "1, " "1, " "1, " "1, " "1, " "1, " "1, " "1, " "1, " "1, " "1, " "1, " "1, " "1, " "1, " "1, " "1, " "1, " "1, " "1, " "1, " "1, " "1, " "1, " "1, " "1, " "1, " "1, " "1, " "1, " "1, " "1, " "1, " "1, " "1, " "1, " "1, " "1, " "1, " "1, " "1, " "1, " "1, " "1, " "1, " "1, " "1, " "1, " "1, " "1, " "1, " "1, " "1, " "1, " "1, " "1, " "1, " "1, " "1, " "1, " "1, " "1, " "1, " "1, " "1, " "1, " "1, " "1, " "1, " "1, " "1, " "1, " "1, " "1, " "1, " "1, " "1, " "1, " "1, " "1, " "1, " "1, " "1, " "1, " "1, " "1, " "1, " "1, " "1, " "1, " "1, " "1, " "1, " "1, " "1, " "1, " "1, " "1, " "1, "203
 "Nei60, 0.035, " "-0.003, " "1, " "1, " "1, " "1, " "1, " "1, " "1, " "1, " "1, " "1, " "1, " "1, " "1, " "1, " "1, " "1, " "1, " "1, " "1, " "1, " "1, " "1, " "1, " "1, " "1, " "1, " "1, " "1, " "1, " "1, " "1, " "1, " "1, " "1, " "1, " "1, " "1, " "1, " "1, " "1, " "1, " "1, " "1, " "1, " "1, " "1, " "1, " "1, " "1, " "1, " "1, " "1, " "1, " "1, " "1, " "1, " "1, " "1, " "1, " "1, " "0, " "1, " "1, " "1, " "1, " "1, " "1, " "1, " "1, " "1, " "1, " "1, " "1, " "1, " "1, " "1, " "1, " "1, " "1, " "1, " "1, " "1, " "1, " "1, " "1, " "1, " "1, " "1, " "1, " "1, " "1, " "1, " "1, " "1, " "1, " "1, " "1, " "1, " "1, " "1, " "1, " "1, " "1, " "1, " "1, " "1, " "1, " "1, " "1, " "1, " "1, " "1, " "1, " "1, " "1, " "1, " "1, " "1, " "1, " "1, " "1, " "1, " "1, " "1, " "1, " "1, " "1, " "1, " "1, " "1, " "1, " "1, " "1, " "1, " "1, " "1, " "1, " "1, " "1, " "1, " "1, " "1, " "1, " "1, " "1, " "1, " "1, " "1, " "1, " "1, " "1, " "1, " "1, " "1, " "1, " "1, " "1, " "1, " "1, " "1, " "1, " "1, " "1, " "1, " "1, " "1, " "1, " "1, " "1, " "1, " "1, " "1, " "1, " "1, " "1, " "1, " "1, " "1, " "1, " "1, " "1, " "1, " "1, " "1, " "1, " "1, " "1, " "1, " "1, " "1, " "1, " "1, " "1, " "1, " "1, " "1, " "1, " "1, " "1, " "1, " "1, " "1, " "1, " "1, " "1, " "1, " "1, " "1, " "1, " "1, " "1, " "1, " "1, " "1, " "1, " "1, " "1, " "1, " "1, " "1, " "1, " "1, " "1, " "1, " "1, " "1, " "1, " "1, " "1, " "1, " "1, " "1, " "1, " "1, " "1, " "1, " "1, " "1, " "1, " "1, " "1, " "1, " "1, " "1, " "1, " "1, " "1, " "1, " "1, " "1, " "1, " "1, " "1, " "1, " "1, " "1, " "1, "203
 "Nei61, 0.119, " "-0.003, " "1, " "1, " "1, " "1, " "1, " "1, " "1, " "1, " "1, " "1, " "1, " "1, " "1, " "1, " "1, " "1, " "1, " "1, " "1, " "1, " "1, " "1, " "1, " "1, " "1, " "1, " "1, " "1, " "1, " "1, " "1, " "1, " "1, " "1, " "1, " "1, " "1, " "1, " "1, " "1, " "1, " "1, " "1, " "1, " "1, " "1, " "1, " "1, " "1, " "1, " "1, " "1, " "1, " "1, " "1, " "1, " "1, " "1, " "1, " "1, " "1, " "0, " "1, " "1, " "1, " "1, " "1, " "1, " "1, " "1, " "1, " "1, " "1, " "1, " "1, " "1, " "1, " "1, " "1, " "1, " "1, " "1, " "1, " "1, " "1, " "1, " "1, " "1, " "1, " "1, " "1, " "1, " "1, " "1, " "1, " "1, " "1, " "1, " "1, " "1, " "1, " "1, " "1, " "1, " "1, " "1, " "1, " "1, " "1, " "1, " "1, " "1, " "1, " "1, " "1, " "1, " "1, " "1, " "1, " "1, " "1, " "1, " "1, " "1, " "1, " "1, " "1, " "1, " "1, " "1, " "1, " "1, " "1, " "1, " "1, " "1, " "1, " "1, " "1, " "1, " "1, " "1, " "1, " "1, " "1, " "1, " "1, " "1, " "1, " "1, " "1, " "1, " "1, " "1, " "1, " "1, " "1, " "1, " "1, " "1, " "1, " "1, " "1, " "1, " "1, " "1, " "1, " "1, " "1, " "1, " "1, " "1, " "1, " "1, " "1, " "1, " "1, " "1, " "1, " "1, " "1, " "1, " "1, " "1, " "1, " "1, " "1, " "1, " "1, " "1, " "1, " "1, " "1, " "1, " "1, " "1, " "1, " "1, " "1, " "1, " "1, " "1, " "1, " "1, " "1, " "1, " "1, " "1, " "1, " "1, " "1, " "1, " "1, " "1, " "1, " "1, " "1, " "1, " "1, " "1, " "1, " "1, " "1, " "1, " "1, " "1, " "1, " "1, " "1, " "1, " "1, " "1, " "1, " "1, " "1, " "1, " "1, " "1, " "1, " "1, " "1, " "1, " "1, " "1, " "1, " "1, " "1, " "1, " "1, " "1, " "1, " "1, " "1, " "1, " "1, " "1, " "1, "203
 "Nei62, 0.263, " "-0.003, " "1, " "1, " "1, " "1, " "1, " "1, " "1, " "1, " "1, " "1, " "1, " "1, " "1, " "1, " "1, " "1, " "1, " "1, " "1, " "1, " "1, " "1, " "1, " "1, " "1, " "1, " "1, " "1, " "1, " "1, " "1, " "1, " "1, " "1, " "1, " "1, " "1, " "1, " "1, " "1, " "1, " "1, " "1, " "1, " "1, " "1, " "1, " "1, " "1, " "1, " "1, " "1, " "1, " "1, " "1, " "1, " "1, " "1, " "1, " "1, " "1, " "1, " "0, " "1, " "1, " "1, " "1, " "1, " "1, " "1, " "1, " "1, " "1, " "1, " "1, " "1, " "1, " "1, " "1, " "1, " "1, " "1, " "1, " "1, " "1, " "1, " "1, " "1, " "1, " "1, " "1, " "1, " "1, " "1, " "1, " "1, " "1, " "1, " "1, " "1, " "1, " "1, " "1, " "1, " "1, " "1, " "1, " "1, " "1, " "1, " "1, " "1, " "1, " "1, " "1, " "1, " "1, " "1, " "1, " "1, " "1, " "1, " "1, " "1, " "1, " "1, " "1, " "1, " "1, " "1, " "1, " "1, " "1, " "1, " "1, " "1, " "1, " "1, " "1, " "1, " "1, " "1, " "1, " "1, " "1, " "1, " "1, " "1, " "1, " "1, " "1, " "1, " "1, " "1, " "1, " "1, " "1, " "1, " "1, " "1, " "1, " "1, " "1, " "1, " "1, " "1, " "1, " "1, " "1, " "1, " "1, " "1, " "1, " "1, " "1, " "1, " "1, " "1, " "1, " "1, " "1, " "1, " "1, " "1, " "1, " "1, " "1, " "1, " "1, " "1, " "1, " "1, " "1, " "1, " "1, " "1, " "1, " "1, " "1, " "1, " "1, " "1, " "1, " "1, " "1, " "1, " "1, " "1, " "1, " "1, " "1, " "1, " "1, " "1, " "1, " "1, " "1, " "1, " "1, " "1, " "1, " "1, " "1, " "1, " "1, " "1, " "1, " "1, " "1, " "1, " "1, " "1, " "1, " "1, " "1, " "1, " "1, " "1, " "1, " "1, " "1, " "1, " "1, " "1, " "1, " "1, " "1, " "1, " "1, " "1, " "1, " "1, " "1, " "1, " "1, " "1, " "1, "203
 "Nei63, 0.472, " "-0.003, " "1, " "1, " "1, " "1, " "1, " "1, " "1, " "1, " "1, " "1, " "1, " "1, " "1, " "1, " "1, " "1, " "1, " "1, " "1, " "1, " "1, " "1, " "1, " "1, " "1, " "1, " "1, " "1, " "1, " "1, " "1, " "1, " "1, " "1, " "1, " "1, " "1, " "1, " "1, " "1, " "1, " "1, " "1, " "1, " "1, " "1, " "1, " "1, " "1, " "1, " "1, " "1, " "1, " "1, " "1, " "1, " "1, " "1, " "1, " "1, " "1, " "1, " "1, " "0, " "1, " "1, " "1, " "1, " "1, " "1, " "1, " "1, " "1, " "1, " "1, " "1, " "1, " "1, " "1, " "1, " "1, " "1, " "1, " "1, " "1, " "1, " "1, " "1, " "1, " "1, " "1, " "1, " "1, " "1, " "1, " "1, " "1, " "1, " "1, " "1, " "1, " "1, " "1, " "1, " "1, " "1, " "1, " "1, " "1, " "1, " "1, " "1, " "1, " "1, " "1, " "1, " "1, " "1, " "1, " "1, " "1, " "1, " "1, " "1, " "1, " "1, " "1, " "1, " "1, " "1, " "1, " "1, " "1, " "1, " "1, " "1, " "1, " "1, " "1, " "1, " "1, " "1, " "1, " "1, " "1, " "1, " "1, " "1, " "1, " "1, " "1, " "1, " "1, " "1, " "1, " "1, " "1, " "1, " "1, " "1, " "1, " "1, " "1, " "1, " "1, " "1, " "1, " "1, " "1, " "1, " "1, " "1, " "1, " "1, " "1, " "1, " "1, " "1, " "1, " "1, " "1, " "1, " "1, " "1, " "1, " "1, " "1, " "1, " "1, " "1, " "1, " "1, " "1, " "1, " "1, " "1, " "1, " "1, " "1, " "1, " "1, " "1, " "1, " "1, " "1, " "1, " "1, " "1, " "1, " "1, " "1, " "1, " "1, " "1, " "1, " "1, " "1, " "1, " "1, " "1, " "1, " "1, " "1, " "1, " "1, " "1, " "1, " "1, " "1, " "1, " "1, " "1, " "1, " "1, " "1, " "1, " "1, " "1, " "1, " "1, " "1, " "1, " "1, " "1, " "1, " "1, " "1, " "1, " "1, " "1, " "1, " "1, " "1, " "1, " "1, " "1, " "1, "203
 "Nei64, 0.48, " "-0.003, " "1, " "1, " "1, " "1, " "1, " "1, " "1, " "1, " "1, " "1, " "1, " "1, " "1, " "1, " "1, " "1, " "1, " "1, " "1, " "1, " "1, " "1, " "1, " "1, " "1, " "1, " "1, " "1, " "1, " "1, " "1, " "1, " "1, " "1, " "1, " "1, " "1, " "1, " "1, " "1, " "1, " "1, " "1, " "1, " "1, " "1, " "1, " "1, " "1, " "1, " "1, " "1, " "1, " "1, " "1, " "1, " "1, " "1, " "1, " "1, " "1, " "1, " "1, " "1, " "0, " "1, " "1, " "1, " "1, " "1, " "1, " "1, " "1, " "1, " "1, " "1, " "1, " "1, " "1, " "1, " "1, " "1, " "1, " "1, " "1, " "1, " "1, " "1, " "1, " "1, " "1, " "1, " "1, " "1, " "1, " "1, " "1, " "1, " "1, " "1, " "1, " "1, " "1, " "1, " "1, " "1, " "1, " "1, " "1, " "1, " "1, " "1, " "1, " "1, " "1, " "1, " "1, " "1, " "1, " "1, " "1, " "1, " "1, " "1, " "1, " "1, " "1, " "1, " "1, " "1, " "1, " "1, " "1, " "1, " "1, " "1, " "1, " "1, " "1, " "1, " "1, " "1, " "1, " "1, " "1, " "1, " "1, " "1, " "1, " "1, " "1, " "1, " "1, " "1, " "1, " "1, " "1, " "1, " "1, " "1, " "1, " "1, " "1, " "1, " "1, " "1, " "1, " "1, " "1, " "1, " "1, " "1, " "1, " "1, " "1, " "1, " "1, " "1, " "1, " "1, " "1, " "1, " "1, " "1, " "1, " "1, " "1, " "1, " "1, " "1, " "1, " "1, " "1, " "1, " "1, " "1, " "1, " "1, " "1, " "1, " "1, " "1, " "1, " "1, " "1, " "1, " "1, " "1, " "1, " "1, " "1, " "1, " "1, " "1, " "1, " "1, " "1, " "1, " "1, " "1, " "1, " "1, " "1, " "1, " "1, " "1, " "1, " "1, " "1, " "1, " "1, " "1, " "1, " "1, " "1, " "1, " "1, " "1, " "1, " "1, " "1, " "1, " "1, " "1, " "1, " "1, " "1, " "1, " "1, " "1, " "1, " "1, " "1, " "1, " "1, " "1, " "1, "203
 "Nei65, 0.066, " "-0.003, " "1, " "1, " "1, " "1, " "1, " "1, " "1, " "1, " "1, " "1, " "1, " "1, " "1, " "1, " "1, " "1, " "1, " "1, " "1, " "1, " "1, " "1, " "1, " "1, " "1, " "1, " "1, " "1, " "1, " "1, " "1, " "1, " "1, " "1, " "1, " "1, " "1, " "1, " "1, " "1, " "1, " "1, " "1, " "1, " "1, " "1, " "1, " "1, " "1, " "1, " "1, " "1, " "1, " "1, " "1, " "1, " "1, " "1, " "1, " "1, " "1, " "1, " "1, " "1, " "1, " "0, " "1, " "1, " "1, " "1, " "1, " "1, " "1, " "1, " "1, " "1, " "1, " "1, " "1, " "1, " "1, " "1, " "1, " "1, " "1, " "1, " "1, " "1, " "1, " "1, " "1, " "1, " "1, " "1, " "1, " "1, " "1, " "1, " "1, " "1, " "1, " "1, " "1, " "1, " "1, " "1, " "1, " "1, " "1, " "1, " "1, " "1, " "1, " "1, " "1, " "1, " "1, " "1, " "1, " "1, " "1, " "1, " "1, " "1, " "1, " "1, " "1, " "1, " "1, " "1, " "1, " "1, " "1, " "1, " "1, " "1, " "1, " "1, " "1, " "1, " "1, " "1, " "1, " "1, " "1, " "1, " "1, " "1, " "1, " "1, " "1, " "1, " "1, " "1, " "1, " "1, " "1, " "1, " "1, " "1, " "1, " "1, " "1, " "1, " "1, " "1, " "1, " "1, " "1, " "1, " "1, " "1, " "1, " "1, " "1, " "1, " "1, " "1, " "1, " "1, " "1, " "1, " "1, " "1, " "1, " "1, " "1, " "1, " "1, " "1, " "1, " "1, " "1, " "1, " "1, " "1, " "1, " "1, " "1, " "1, " "1, " "1, " "1, " "1, " "1, " "1, " "1, " "1, " "1, " "1, " "1, " "1, " "1, " "1, " "1, " "1, " "1, " "1, " "1, " "1, " "1, " "1, " "1, " "1, " "1, " "1, " "1, " "1, " "1, " "1, " "1, " "1, " "1, " "1, " "1, " "1, " "1, " "1, " "1, " "1, " "1, " "1, " "1, " "1, " "1, " "1, " "1, " "1, " "1, " "1, " "1, " "1, " "1, " "1, " "1, " "1, " "1, "203
 "Nei66, 0.153, " "-0.003, " "1, " "1, " "1, " "1, " "1, " "1, " "1, " "1, " "1, " "1, " "1, " "1, " "1, " "1, " "1, " "1, " "1, " "1, " "1, " "1, " "1, " "1, " "1, " "1, " "1, " "1, " "1, " "1, " "1, " "1, " "1, " "1, " "1, " "1, " "1, " "1, " "1, " "1, " "1, " "1, " "1, " "1, " "1, " "1, " "1, " "1, " "1, " "1, " "1, " "1, " "1, " "1, " "1, " "1, " "1, " "1, " "1, " "1, " "1, " "1, " "1, " "1, " "1, " "1, " "1, " "1, " "0, " "1, " "1, " "1, " "1, " "1, " "1, " "1, " "1, " "1, " "1, " "1, " "1, " "1, " "1, " "1, " "1, " "1, " "1, " "1, " "1, " "1, " "1, " "1, " "1, " "1, " "1, " "1, " "1, " "1, " "1, " "1, " "1, " "1, " "1, " "1, " "1, " "1, " "1, " "1, " "1, " "1, " "1, " "1, " "1, " "1, " "1, " "1, " "1, " "1, " "1, " "1, " "1, " "1, " "1, " "1, " "1, " "1, " "1, " "1, " "1, " "1, " "1, " "1, " "1, " "1, " "1, " "1, " "1, " "1, " "1, " "1, " "1, " "1, " "1, " "1, " "1, " "1, " "1, " "1, " "1, " "1, " "1, " "1, " "1, " "1, " "1, " "1, " "1, " "1, " "1, " "1, " "1, " "1, " "1, " "1, " "1, " "1, " "1, " "1, " "1, " "1, " "1, " "1, " "1, " "1, " "1, " "1, " "1, " "1, " "1, " "1, " "1, " "1, " "1, " "1, " "1, " "1, " "1, " "1, " "1, " "1, " "1, " "1, " "1, " "1, " "1, " "1, " "1, " "1, " "1, " "1, " "1, " "1, " "1, " "1, " "1, " "1, " "1, " "1, " "1, " "1, " "1, " "1, " "1, " "1, " "1, " "1, " "1, " "1, " "1, " "1, " "1, " "1, " "1, " "1, " "1, " "1, " "1, " "1, " "1, " "1, " "1, " "1, " "1, " "1, " "1, " "1, " "1, " "1, " "1, " "1, " "1, " "1, " "1, " "1, " "1, " "1, " "1, " "1, " "1, " "1, " "1, " "1, " "1, " "1, " "1, " "1, " "1, " "1, " "1, "203
 "Nei67, 0.496, " "-0.003, " "1, " "1, " "1, " "1, " "1, " "1, " "1, " "1, " "1, " "1, " "1, " "1, " "1, " "1, " "1, " "1, " "1, " "1, " "1, " "1, " "1, " "1, " "1, " "1, " "1, " "1, " "1, " "1, " "1, " "1, " "1, " "1, " "1, " "1, " "1, " "1, " "1, " "1, " "1, " "1, " "1, " "1, " "1, " "1, " "1, " "1, " "1, " "1, " "1, " "1, " "1, " "1, " "1, " "1, " "1, " "1, " "1, " "1, " "1, " "1, " "1, " "1, " "1, " "1, " "1, " "1, " "1, " "0, " "1, " "1, " "1, " "1, " "1, " "1, " "1, " "1, " "1, " "1, " "1, " "1, " "1, " "1, " "1, " "1, " "1, " "1, " "1, " "1, " "1, " "1, " "1, " "1, " "1, " "1, " "1, " "1, " "1, " "1, " "1, " "1, " "1, " "1, " "1, " "1, " "1, " "1, " "1, " "1, " "1, " "1, " "1, " "1, " "1, " "1, " "1, " "1, " "1, " "1, " "1, " "1, " "1, " "1, " "1, " "1, " "1, " "1, " "1, " "1, " "1, " "1, " "1, " "1, " "1, " "1, " "1, " "1, " "1, " "1, " "1, " "1, " "1, " "1, " "1, " "1, " "1, " "1, " "1, " "1, " "1, " "1, " "1, " "1, " "1, " "1, " "1, " "1, " "1, " "1, " "1, " "1, " "1, " "1, " "1, " "1, " "1, " "1, " "1, " "1, " "1, " "1, " "1, " "1, " "1, " "1, " "1, " "1, " "1, " "1, " "1, " "1, " "1, " "1, " "1, " "1, " "1, " "1, " "1, " "1, " "1, " "1, " "1, " "1, " "1, " "1, " "1, " "1, " "1, " "1, " "1, " "1, " "1, " "1, " "1, " "1, " "1, " "1, " "1, " "1, " "1, " "1, " "1, " "1, " "1, " "1, " "1, " "1, " "1, " "1, " "1, " "1, " "1, " "1, " "1, " "1, " "1, " "1, " "1, " "1, " "1, " "1, " "1, " "1, " "1, " "1, " "1, " "1, " "1, " "1, " "1, " "1, " "1, " "1, " "1, " "1, " "1, " "1, " "1, " "1, " "1, " "1, " "1, " "1, " "1, " "1, " "1, " "1, " "1, "203
 "Nei68, 0.044, " "-0.003, " "1, " "1, " "1, " "1, " "1, " "1, " "1, " "1, " "1, " "1, " "1, " "1, " "1, " "1, " "1, " "1, " "1, " "1, " "1, " "1, " "1, " "1, " "1, " "1, " "1, " "1, " "1, " "1, " "1, " "1, " "1, " "1, " "1, " "1, " "1, " "1, " "1, " "1, " "1, " "1, " "1, " "1, " "1, " "1, " "1, " "1, " "1, " "1, " "1, " "1, " "1, " "1, " "1, " "1, " "1, " "1, " "1, " "1, " "1, " "1, " "1, " "1, " "1, " "1, " "1, " "1, " "1, " "1, " "0, " "1, " "1, " "1, " "1, " "1, " "1, " "1, " "1, " "1, " "1, " "1, " "1, " "1, " "1, " "1, " "1, " "1, " "1, " "1, " "1, " "1, " "1, " "1, " "1, " "1, " "1, " "1, " "1, " "1, " "1, " "1, " "1, " "1, " "1, " "1, " "1, " "1, " "1, " "1, " "1, " "1, " "1, " "1, " "1, " "1, " "1, " "1, " "1, " "1, " "1, " "1, " "1, " "1, " "1, " "1, " "1, " "1, " "1, " "1, " "1, " "1, " "1, " "1, " "1, " "1, " "1, " "1, " "1, " "1, " "1, " "1, " "1, " "1, " "1, " "1, " "1, " "1, " "1, " "1, " "1, " "1, " "1, " "1, " "1, " "1, " "1, " "1, " "1, " "1, " "1, " "1, " "1, " "1, " "1, " "1, " "1, " "1, " "1, " "1, " "1, " "1, " "1, " "1, " "1, " "1, " "1, " "1, " "1, " "1, " "1, " "1, " "1, " "1, " "1, " "1, " "1, " "1, " "1, " "1, " "1, " "1, " "1, " "1, " "1, " "1, " "1, " "1, " "1, " "1, " "1, " "1, " "1, " "1, " "1, " "1, " "1, " "1, " "1, " "1, " "1, " "1, " "1, " "1, " "1, " "1, " "1, " "1, " "1, " "1, " "1, " "1, " "1, " "1, " "1, " "1, " "1, " "1, " "1, " "1, " "1, " "1, " "1, " "1, " "1, " "1, " "1, " "1, " "1, " "1, " "1, " "1, " "1, " "1, " "1, " "1, " "1, " "1, " "1, " "1, " "1, " "1, " "1, " "1, " "1, " "1, " "1, " "1, " "1, "203
 "Nei69, 0.1, " "-0.003, " "1, " "1, " "1, " "1, " "1, " "1, " "1, " "1, " "1, " "1, " "1, " "1, " "1, " "1, " "1, " "1, " "1, " "1, " "1, " "1, " "1, " "1, " "1, " "1, " "1, " "1, " "1, " "1, " "1, " "1, " "1, " "1, " "1, " "1, " "1, " "1, " "1, " "1, " "1, " "1, " "1, " "1, " "1, " "1, " "1, " "1, " "1, " "1, " "1, " "1, " "1, " "1, " "1, " "1, " "1, " "1, " "1, " "1, " "1, " "1, " "1, " "1, " "1, " "1, " "1, " "1, " "1, " "1, " "1, " "0, " "1, " "1, " "1, " "1, " "1, " "1, " "1, " "1, " "1, " "1, " "1, " "1, " "1, " "1, " "1, " "1, " "1, " "1, " "1, " "1, " "1, " "1, " "1, " "1, " "1, " "1, " "1, " "1, " "1, " "1, " "1, " "1, " "1, " "1, " "1, " "1, " "1, " "1, " "1, " "1, " "1, " "1, " "1, " "1, " "1, " "1, " "1, " "1, " "1, " "1, " "1, " "1, " "1, " "1, " "1, " "1, " "1, " "1, " "1, " "1, " "1, " "1, " "1, " "1, " "1, " "1, " "1, " "1, " "1, " "1, " "1, " "1, " "1, " "1, " "1, " "1, " "1, " "1, " "1, " "1, " "1, " "1, " "1, " "1, " "1, " "1, " "1, " "1, " "1, " "1, " "1, " "1, " "1, " "1, " "1, " "1, " "1, " "1, " "1, " "1, " "1, " "1, " "1, " "1, " "1, " "1, " "1, " "1, " "1, " "1, " "1, " "1, " "1, " "1, " "1, " "1, " "1, " "1, " "1, " "1, " "1, " "1, " "1, " "1, " "1, " "1, " "1, " "1, " "1, " "1, " "1, " "1, " "1, " "1, " "1, " "1, " "1, " "1, " "1, " "1, " "1, " "1, " "1, " "1, " "1, " "1, " "1, " "1, " "1, " "1, " "1, " "1, " "1, " "1, " "1, " "1, " "1, " "1, " "1, " "1, " "1, " "1, " "1, " "1, " "1, " "1, " "1, " "1, " "1, " "1, " "1, " "1, " "1, " "1, " "1, " "1, " "1, " "1, " "1, " "1, " "1, " "1, " "1, " "1, " "1, " "1, " "1, "203
 "Nei70, 0.393, " "-0.003, " "1, " "1, " "1, " "1, " "1, " "1, " "1, " "1, " "1, " "1, " "1, " "1, " "1, " "1, " "1, " "1, " "1, " "1, " "1, " "1, " "1, " "1, " "1, " "1, " "1, " "1, " "1, " "1, " "1, " "1, " "1, " "1, " "1, " "1, " "1, " "1, " "1, " "1, " "1, " "1, " "1, " "1, " "1, " "1, " "1, " "1, " "1, " "1, " "1, " "1, " "1, " "1, " "1, " "1, " "1, " "1, " "1, " "1, " "1, " "1, " "1, " "1, " "1, " "1, " "1, " "1, " "1, " "1, " "1, " "1, " "0, " "1, " "1, " "1, " "1, " "1, " "1, " "1, " "1, " "1, " "1, " "1, " "1, " "1, " "1, " "1, " "1, " "1, " "1, " "1, " "1, " "1, " "1, " "1, " "1, " "1, " "1, " "1, " "1, " "1, " "1, " "1, " "1, " "1, " "1, " "1, " "1, " "1, " "1, " "1, " "1, " "1, " "1, " "1, " "1, " "1, " "1, " "1, " "1, " "1, " "1, " "1, " "1, " "1, " "1, " "1, " "1, " "1, " "1, " "1, " "1, " "1, " "1, " "1, " "1, " "1, " "1, " "1, " "1, " "1, " "1, " "1, " "1, " "1, " "1, " "1, " "1, " "1, " "1, " "1, " "1, " "1, " "1, " "1, " "1, " "1, " "1, " "1, " "1, " "1, " "1, " "1, " "1, " "1, " "1, " "1, " "1, " "1, " "1, " "1, " "1, " "1, " "1, " "1, " "1, " "1, " "1, " "1, " "1, " "1, " "1, " "1, " "1, " "1, " "1, " "1, " "1, " "1, " "1, " "1, " "1, " "1, " "1, " "1, " "1, " "1, " "1, " "1, " "1, " "1, " "1, " "1, " "1, " "1, " "1, " "1, " "1, " "1, " "1, " "1, " "1, " "1, " "1, " "1, " "1, " "1, " "1, " "1, " "1, " "1, " "1, " "1, " "1, " "1, " "1, " "1, " "1, " "1, " "1, " "1, " "1, " "1, " "1, " "1, " "1, " "1, " "1, " "1, " "1, " "1, " "1, " "1, " "1, " "1, " "1, " "1, " "1, " "1, " "1, " "1, " "1, " "1, " "1, " "1, " "1, " "1, " "1, "203
 "Nei71, 0.114, " "-0.003, " "1, " "1, " "1, " "1, " "1, " "1, " "1, " "1, " "1, " "1, " "1, " "1, " "1, " "1, " "1, " "1, " "1, " "1, " "1, " "1, " "1, " "1, " "1, " "1, " "1, " "1, " "1, " "1, " "1, " "1, " "1, " "1, " "1, " "1, " "1, " "1, " "1, " "1, " "1, " "1, " "1, " "1, " "1, " "1, " "1, " "1, " "1, " "1, " "1, " "1, " "1, " "1, " "1, " "1, " "1, " "1, " "1, " "1, " "1, " "1, " "1, " "1, " "1, " "1, " "1, " "1, " "1, " "1, " "1, " "1, " "1, " "0, " "1, " "1, " "1, " "1, " "1, " "1, " "1, " "1, " "1, " "1, " "1, " "1, " "1, " "1, " "1, " "1, " "1, " "1, " "1, " "1, " "1, " "1, " "1, " "1, " "1, " "1, " "1, " "1, " "1, " "1, " "1, " "1, " "1, " "1, " "1, " "1, " "1, " "1, " "1, " "1, " "1, " "1, " "1, " "1, " "1, " "1, " "1, " "1, " "1, " "1, " "1, " "1, " "1, " "1, " "1, " "1, " "1, " "1, " "1, " "1, " "1, " "1, " "1, " "1, " "1, " "1, " "1, " "1, " "1, " "1, " "1, " "1, " "1, " "1, " "1, " "1, " "1, " "1, " "1, " "1, " "1, " "1, " "1, " "1, " "1, " "1, " "1, " "1, " "1, " "1, " "1, " "1, " "1, " "1, " "1, " "1, " "1, " "1, " "1, " "1, " "1, " "1, " "1, " "1, " "1, " "1, " "1, " "1, " "1, " "1, " "1, " "1, " "1, " "1, " "1, " "1, " "1, " "1, " "1, " "1, " "1, " "1, " "1, " "1, " "1, " "1, " "1, " "1, " "1, " "1, " "1, " "1, " "1, " "1, " "1, " "1, " "1, " "1, " "1, " "1, " "1, " "1, " "1, " "1, " "1, " "1, " "1, " "1, " "1, " "1, " "1, " "1, " "1, " "1, " "1, " "1, " "1, " "1, " "1, " "1, " "1, " "1, " "1, " "1, " "1, " "1, " "1, " "1, " "1, " "1, " "1, " "1, " "1, " "1, " "1, " "1, " "1, " "1, " "1, " "1, " "1, " "1, " "1, " "1, " "1, "203
 "Nei72, 0.533, " "-0.003, " "1, " "1, " "1, " "1, " "1, " "1, " "1, " "1, " "1, " "1, " "1, " "1, " "1, " "1, " "1, " "1, " "1, " "1, " "1, " "1, " "1, " "1, " "1, " "1, " "1, " "1, " "1, " "1, " "1, " "1, " "1, " "1, " "1, " "1, " "1, " "1, " "1, " "1, " "1, " "1, " "1, " "1, " "1, " "1, " "1, " "1, " "1, " "1, " "1, " "1, " "1, " "1, " "1, " "1, " "1, " "1, " "1, " "1, " "1, " "1, " "1, " "1, " "1, " "1, " "1, " "1, " "1, " "1, " "1, " "1, " "1, " "1, " "0, " "1, " "1, " "1, " "1, " "1, " "1, " "1, " "1, " "1, " "1, " "1, " "1, " "1, " "1, " "1, " "1, " "1, " "1, " "1, " "1, " "1, " "1, " "1, " "1, " "1, " "1, " "1, " "1, " "1, " "1, " "1, " "1, " "1, " "1, " "1, " "1, " "1, " "1, " "1, " "1, " "1, " "1, " "1, " "1, " "1, " "1, " "1, " "1, " "1, " "1, " "1, " "1, " "1, " "1, " "1, " "1, " "1, " "1, " "1, " "1, " "1, " "1, " "1, " "1, " "1, " "1, " "1, " "1, " "1, " "1, " "1, " "1, " "1, " "1, " "1, " "1, " "1, " "1, " "1, " "1, " "1, " "1, " "1, " "1, " "1, " "1, " "1, " "1, " "1, " "1, " "1, " "1, " "1, " "1, " "1, " "1, " "1, " "1, " "1, " "1, " "1, " "1, " "1, " "1, " "1, " "1, " "1, " "1, " "1, " "1, " "1, " "1, " "1, " "1, " "1, " "1, " "1, " "1, " "1, " "1, " "1, " "1, " "1, " "1, " "1, " "1, " "1, " "1, " "1, " "1, " "1, " "1, " "1, " "1, " "1, " "1, " "1, " "1, " "1, " "1, " "1, " "1, " "1, " "1, " "1, " "1, " "1, " "1, " "1, " "1, " "1, " "1, " "1, " "1, " "1, " "1, " "1, " "1, " "1, " "1, " "1, " "1, " "1, " "1, " "1, " "1, " "1, " "1, " "1, " "1, " "1, " "1, " "1, " "1, " "1, " "1, " "1, " "1, " "1, " "1, " "1, " "1, " "1, " "1, "203
 "Nei73, 0.169, " "-0.003, " "1, " "1, " "1, " "1, " "1, " "1, " "1, " "1, " "1, " "1, " "1, " "1, " "1, " "1, " "1, " "1, " "1, " "1, " "1, " "1, " "1, " "1, " "1, " "1, " "1, " "1, " "1, " "1, " "1, " "1, " "1, " "1, " "1, " "1, " "1, " "1, " "1, " "1, " "1, " "1, " "1, " "1, " "1, " "1, " "1, " "1, " "1, " "1, " "1, " "1, " "1, " "1, " "1, " "1, " "1, " "1, " "1, " "1, " "1, " "1, " "1, " "1, " "1, " "1, " "1, " "1, " "1, " "1, " "1, " "1, " "1, " "1, " "1, " "0, " "1, " "1, " "1, " "1, " "1, " "1, " "1, " "1, " "1, " "1, " "1, " "1, " "1, " "1, " "1, " "1, " "1, " "1, " "1, " "1, " "1, " "1, " "1, " "1, " "1, " "1, " "1, " "1, " "1, " "1, " "1, " "1, " "1, " "1, " "1, " "1, " "1, " "1, " "1, " "1, " "1, " "1, " "1, " "1, " "1, " "1, " "1, " "1, " "1, " "1, " "1, " "1, " "1, " "1, " "1, " "1, " "1, " "1, " "1, " "1, " "1, " "1, " "1, " "1, " "1, " "1, " "1, " "1, " "1, " "1, " "1, " "1, " "1, " "1, " "1, " "1, " "1, " "1, " "1, " "1, " "1, " "1, " "1, " "1, " "1, " "1, " "1, " "1, " "1, " "1, " "1, " "1, " "1, " "1, " "1, " "1, " "1, " "1, " "1, " "1, " "1, " "1, " "1, " "1, " "1, " "1, " "1, " "1, " "1, " "1, " "1, " "1, " "1, " "1, " "1, " "1, " "1, " "1, " "1, " "1, " "1, " "1, " "1, " "1, " "1, " "1, " "1, " "1, " "1, " "1, " "1, " "1, " "1, " "1, " "1, " "1, " "1, " "1, " "1, " "1, " "1, " "1, " "1, " "1, " "1, " "1, " "1, " "1, " "1, " "1, " "1, " "1, " "1, " "1, " "1, " "1, " "1, " "1, " "1, " "1, " "1, " "1, " "1, " "1, " "1, " "1, " "1, " "1, " "1, " "1, " "1, " "1, " "1, " "1, " "1, " "1, " "1, " "1, " "1, " "1, " "1, " "1, " "1, "203
 "Nei74, 0.38, " "-0.003, " "1, " "1, " "1, " "1, " "1, " "1, " "1, " "1, " "1, " "1, " "1, " "1, " "1, " "1, " "1, " "1, " "1, " "1, " "1, " "1, " "1, " "1, " "1, " "1, " "1, " "1, " "1, " "1, " "1, " "1, " "1, " "1, " "1, " "1, " "1, " "1, " "1, " "1, " "1, " "1, " "1, " "1, " "1, " "1, " "1, " "1, " "1, " "1, " "1, " "1, " "1, " "1, " "1, " "1, " "1, " "1, " "1, " "1, " "1, " "1, " "1, " "1, " "1, " "1, " "1, " "1, " "1, " "1, " "1, " "1, " "1, " "1, " "1, " "1, " "0, " "1, " "1, " "1, " "1, " "1, " "1, " "1, " "1, " "1, " "1, " "1, " "1, " "1, " "1, " "1, " "1, " "1, " "1, " "1, " "1, " "1, " "1, " "1, " "1, " "1, " "1, " "1, " "1, " "1, " "1, " "1, " "1, " "1, " "1, " "1, " "1, " "1, " "1, " "1, " "1, " "1, " "1, " "1, " "1, " "1, " "1, " "1, " "1, " "1, " "1, " "1, " "1, " "1, " "1, " "1, " "1, " "1, " "1, " "1, " "1, " "1, " "1, " "1, " "1, " "1, " "1, " "1, " "1, " "1, " "1, " "1, " "1, " "1, " "1, " "1, " "1, " "1, " "1, " "1, " "1, " "1, " "1, " "1, " "1, " "1, " "1, " "1, " "1, " "1, " "1, " "1, " "1, " "1, " "1, " "1, " "1, " "1, " "1, " "1, " "1, " "1, " "1, " "1, " "1, " "1, " "1, " "1, " "1, " "1, " "1, " "1, " "1, " "1, " "1, " "1, " "1, " "1, " "1, " "1, " "1, " "1, " "1, " "1, " "1, " "1, " "1, " "1, " "1, " "1, " "1, " "1, " "1, " "1, " "1, " "1, " "1, " "1, " "1, " "1, " "1, " "1, " "1, " "1, " "1, " "1, " "1, " "1, " "1, " "1, " "1, " "1, " "1, " "1, " "1, " "1, " "1, " "1, " "1, " "1, " "1, " "1, " "1, " "1, " "1, " "1, " "1, " "1, " "1, " "1, " "1, " "1, " "1, " "1, " "1, " "1, " "1, " "1, " "1, " "1, " "1, " "1, " "1, "203
 "Nei75, 0.545, " "-0.003, " "1, " "1, " "1, " "1, " "1, " "1, " "1, " "1, " "1, " "1, " "1, " "1, " "1, " "1, " "1, " "1, " "1, " "1, " "1, " "1, " "1, " "1, " "1, " "1, " "1, " "1, " "1, " "1, " "1, " "1, " "1, " "1, " "1, " "1, " "1, " "1, " "1, " "1, " "1, " "1, " "1, " "1, " "1, " "1, " "1, " "1, " "1, " "1, " "1, " "1, " "1, " "1, " "1, " "1, " "1, " "1, " "1, " "1, " "1, " "1, " "1, " "1, " "1, " "1, " "1, " "1, " "1, " "1, " "1, " "1, " "1, " "1, " "1, " "1, " "1, " "0, " "1, " "1, " "1, " "1, " "1, " "1, " "1, " "1, " "1, " "1, " "1, " "1, " "1, " "1, " "1, " "1, " "1, " "1, " "1, " "1, " "1, " "1, " "1, " "1, " "1, " "1, " "1, " "1, " "1, " "1, " "1, " "1, " "1, " "1, " "1, " "1, " "1, " "1, " "1, " "1, " "1, " "1, " "1, " "1, " "1, " "1, " "1, " "1, " "1, " "1, " "1, " "1, " "1, " "1, " "1, " "1, " "1, " "1, " "1, " "1, " "1, " "1, " "1, " "1, " "1, " "1, " "1, " "1, " "1, " "1, " "1, " "1, " "1, " "1, " "1, " "1, " "1, " "1, " "1, " "1, " "1, " "1, " "1, " "1, " "1, " "1, " "1, " "1, " "1, " "1, " "1, " "1, " "1, " "1, " "1, " "1, " "1, " "1, " "1, " "1, " "1, " "1, " "1, " "1, " "1, " "1, " "1, " "1, " "1, " "1, " "1, " "1, " "1, " "1, " "1, " "1, " "1, " "1, " "1, " "1, " "1, " "1, " "1, " "1, " "1, " "1, " "1, " "1, " "1, " "1, " "1, " "1, " "1, " "1, " "1, " "1, " "1, " "1, " "1, " "1, " "1, " "1, " "1, " "1, " "1, " "1, " "1, " "1, " "1, " "1, " "1, " "1, " "1, " "1, " "1, " "1, " "1, " "1, " "1, " "1, " "1, " "1, " "1, " "1, " "1, " "1, " "1, " "1, " "1, " "1, " "1, " "1, " "1, " "1, " "1, " "1, " "1, " "1, " "1, " "1, " "1, "203
 "Nei76, 0.43, " "-0.003, " "1, " "1, " "1, " "1, " "1, " "1, " "1, " "1, " "1, " "1, " "1, " "1, " "1, " "1, " "1, " "1, " "1, " "1, " "1, " "1, " "1, " "1, " "1, " "1, " "1, " "1, " "1, " "1, " "1, " "1, " "1, " "1, " "1, " "1, " "1, " "1, " "1, " "1, " "1, " "1, " "1, " "1, " "1, " "1, " "1, " "1, " "1, " "1, " "1, " "1, " "1, " "1, " "1, " "1, " "1, " "1, " "1, " "1, " "1, " "1, " "1, " "1, " "1, " "1, " "1, " "1, " "1, " "1, " "1, " "1, " "1, " "1, " "1, " "1, " "1, " "1, " "0, " "1, " "1, " "1, " "1, " "1, " "1, " "1, " "1, " "1, " "1, " "1, " "1, " "1, " "1, " "1, " "1, " "1, " "1, " "1, " "1, " "1, " "1, " "1, " "1, " "1, " "1, " "1, " "1, " "1, " "1, " "1, " "1, " "1, " "1, " "1, " "1, " "1, " "1, " "1, " "1, " "1, " "1, " "1, " "1, " "1, " "1, " "1, " "1, " "1, " "1, " "1, " "1, " "1, " "1, " "1, " "1, " "1, " "1, " "1, " "1, " "1, " "1, " "1, " "1, " "1, " "1, " "1, " "1, " "1, " "1, " "1, " "1, " "1, " "1, " "1, " "1, " "1, " "1, " "1, " "1, " "1, " "1, " "1, " "1, " "1, " "1, " "1, " "1, " "1, " "1, " "1, " "1, " "1, " "1, " "1, " "1, " "1, " "1, " "1, " "1, " "1, " "1, " "1, " "1, " "1, " "1, " "1, " "1, " "1, " "1, " "1, " "1, " "1, " "1, " "1, " "1, " "1, " "1, " "1, " "1, " "1, " "1, " "1, " "1, " "1, " "1, " "1, " "1, " "1, " "1, " "1, " "1, " "1, " "1, " "1, " "1, " "1, " "1, " "1, " "1, " "1, " "1, " "1, " "1, " "1, " "1, " "1, " "1, " "1, " "1, " "1, " "1, " "1, " "1, " "1, " "1, " "1, " "1, " "1, " "1, " "1, " "1, " "1, " "1, " "1, " "1, " "1, " "1, " "1, " "1, " "1, " "1, " "1, " "1, " "1, " "1, " "1, " "1, " "1, " "1, "203
 "Nei77, 0.58, " "-0.003, " "1, " "1, " "1, " "1, " "1, " "1, " "1, " "1, " "1, " "1, " "1, " "1, " "1, " "1, " "1, " "1, " "1, " "1, " "1, " "1, " "1, " "1, " "1, " "1, " "1, " "1, " "1, " "1, " "1, " "1, " "1, " "1, " "1, " "1, " "1, " "1, " "1, " "1, " "1, " "1, " "1, " "1, " "1, " "1, " "1, " "1, " "1, " "1, " "1, " "1, " "1, " "1, " "1, " "1, " "1, " "1, " "1, " "1, " "1, " "1, " "1, " "1, " "1, " "1, " "1, " "1, " "1, " "1, " "1, " "1, " "1, " "1, " "1, " "1, " "1, " "1, " "1, " "0, " "1, " "1, " "1, " "1, " "1, " "1, " "1, " "1, " "1, " "1, " "1, " "1, " "1, " "1, " "1, " "1, " "1, " "1, " "1, " "1, " "1, " "1, " "1, " "1, " "1, " "1, " "1, " "1, " "1, " "1, " "1, " "1, " "1, " "1, " "1, " "1, " "1, " "1, " "1, " "1, " "1, " "1, " "1, " "1, " "1, " "1, " "1, " "1, " "1, " "1, " "1, " "1, " "1, " "1, " "1, " "1, " "1, " "1, " "1, " "1, " "1, " "1, " "1, " "1, " "1, " "1, " "1, " "1, " "1, " "1, " "1, " "1, " "1, " "1, " "1, " "1, " "1, " "1, " "1, " "1, " "1, " "1, " "1, " "1, " "1, " "1, " "1, " "1, " "1, " "1, " "1, " "1, " "1, " "1, " "1, " "1, " "1, " "1, " "1, " "1, " "1, " "1, " "1, " "1, " "1, " "1, " "1, " "1, " "1, " "1, " "1, " "1, " "1, " "1, " "1, " "1, " "1, " "1, " "1, " "1, " "1, " "1, " "1, " "1, " "1, " "1, " "1, " "1, " "1, " "1, " "1, " "1, " "1, " "1, " "1, " "1, " "1, " "1, " "1, " "1, " "1, " "1, " "1, " "1, " "1, " "1, " "1, " "1, " "1, " "1, " "1, " "1, " "1, " "1, " "1, " "1, " "1, " "1, " "1, " "1, " "1, " "1, " "1, " "1, " "1, " "1, " "1, " "1, " "1, " "1, " "1, " "1, " "1, " "1, " "1, " "1, " "1, " "1, " "1, "203
 "Nei78, 0.399, " "-0.003, " "1, " "1, " "1, " "1, " "1, " "1, " "1, " "1, " "1, " "1, " "1, " "1, " "1, " "1, " "1, " "1, " "1, " "1, " "1, " "1, " "1, " "1, " "1, " "1, " "1, " "1, " "1, " "1, " "1, " "1, " "1, " "1, " "1, " "1, " "1, " "1, " "1, " "1, " "1, " "1, " "1, " "1, " "1, " "1, " "1, " "1, " "1, " "1, " "1, " "1, " "1, " "1, " "1, " "1, " "1, " "1, " "1, " "1, " "1, " "1, " "1, " "1, " "1, " "1, " "1, " "1, " "1, " "1, " "1, " "1, " "1, " "1, " "1, " "1, " "1, " "1, " "1, " "1, " "0, " "1, " "1, " "1, " "1, " "1, " "1, " "1, " "1, " "1, " "1, " "1, " "1, " "1, " "1, " "1, " "1, " "1, " "1, " "1, " "1, " "1, " "1, " "1, " "1, " "1, " "1, " "1, " "1, " "1, " "1, " "1, " "1, " "1, " "1, " "1, " "1, " "1, " "1, " "1, " "1, " "1, " "1, " "1, " "1, " "1, " "1, " "1, " "1, " "1, " "1, " "1, " "1, " "1, " "1, " "1, " "1, " "1, " "1, " "1, " "1, " "1, " "1, " "1, " "1, " "1, " "1, " "1, " "1, " "1, " "1, " "1, " "1, " "1, " "1, " "1, " "1, " "1, " "1, " "1, " "1, " "1, " "1, " "1, " "1, " "1, " "1, " "1, " "1, " "1, " "1, " "1, " "1, " "1, " "1, " "1, " "1, " "1, " "1, " "1, " "1, " "1, " "1, " "1, " "1, " "1, " "1, " "1, " "1, " "1, " "1, " "1, " "1, " "1, " "1, " "1, " "1, " "1, " "1, " "1, " "1, " "1, " "1, " "1, " "1, " "1, " "1, " "1, " "1, " "1, " "1, " "1, " "1, " "1, " "1, " "1, " "1, " "1, " "1, " "1, " "1, " "1, " "1, " "1, " "1, " "1, " "1, " "1, " "1, " "1, " "1, " "1, " "1, " "1, " "1, " "1, " "1, " "1, " "1, " "1, " "1, " "1, " "1, " "1, " "1, " "1, " "1, " "1, " "1, " "1, " "1, " "1, " "1, " "1, " "1, " "1, " "1, " "1, " "1, "203
 "Nei79, 0.161, " "-0.003, " "1, " "1, " "1, " "1, " "1, " "1, " "1, " "1, " "1, " "1, " "1, " "1, " "1, " "1, " "1, " "1, " "1, " "1, " "1, " "1, " "1, " "1, " "1, " "1, " "1, " "1, " "1, " "1, " "1, " "1, " "1, " "1, " "1, " "1, " "1, " "1, " "1, " "1, " "1, " "1, " "1, " "1, " "1, " "1, " "1, " "1, " "1, " "1, " "1, " "1, " "1, " "1, " "1, " "1, " "1, " "1, " "1, " "1, " "1, " "1, " "1, " "1, " "1, " "1, " "1, " "1, " "1, " "1, " "1, " "1, " "1, " "1, " "1, " "1, " "1, " "1, " "1, " "1, " "1, " "0, " "1, " "1, " "1, " "1, " "1, " "1, " "1, " "1, " "1, " "1, " "1, " "1, " "1, " "1, " "1, " "1, " "1, " "1, " "1, " "1, " "1, " "1, " "1, " "1, " "1, " "1, " "1, " "1, " "1, " "1, " "1, " "1, " "1, " "1, " "1, " "1, " "1, " "1, " "1, " "1, " "1, " "1, " "1, " "1, " "1, " "1, " "1, " "1, " "1, " "1, " "1, " "1, " "1, " "1, " "1, " "1, " "1, " "1, " "1, " "1, " "1, " "1, " "1, " "1, " "1, " "1, " "1, " "1, " "1, " "1, " "1, " "1, " "1, " "1, " "1, " "1, " "1, " "1, " "1, " "1, " "1, " "1, " "1, " "1, " "1, " "1, " "1, " "1, " "1, " "1, " "1, " "1, " "1, " "1, " "1, " "1, " "1, " "1, " "1, " "1, " "1, " "1, " "1, " "1, " "1, " "1, " "1, " "1, " "1, " "1, " "1, " "1, " "1, " "1, " "1, " "1, " "1, " "1, " "1, " "1, " "1, " "1, " "1, " "1, " "1, " "1, " "1, " "1, " "1, " "1, " "1, " "1, " "1, " "1, " "1, " "1, " "1, " "1, " "1, " "1, " "1, " "1, " "1, " "1, " "1, " "1, " "1, " "1, " "1, " "1, " "1, " "1, " "1, " "1, " "1, " "1, " "1, " "1, " "1, " "1, " "1, " "1, " "1, " "1, " "1, " "1, " "1, " "1, " "1, " "1, " "1, " "1, " "1, " "1, " "1, " "1, " "1, "203
 "Nei80, 0.521, " "-0.003, " "1, " "1, " "1, " "1, " "1, " "1, " "1, " "1, " "1, " "1, " "1, " "1, " "1, " "1, " "1, " "1, " "1, " "1, " "1, " "1, " "1, " "1, " "1, " "1, " "1, " "1, " "1, " "1, " "1, " "1, " "1, " "1, " "1, " "1, " "1, " "1, " "1, " "1, " "1, " "1, " "1, " "1, " "1, " "1, " "1, " "1, " "1, " "1, " "1, " "1, " "1, " "1, " "1, " "1, " "1, " "1, " "1, " "1, " "1, " "1, " "1, " "1, " "1, " "1, " "1, " "1, " "1, " "1, " "1, " "1, " "1, " "1, " "1, " "1, " "1, " "1, " "1, " "1, " "1, " "1, " "0, " "1, " "1, " "1, " "1, " "1, " "1, " "1, " "1, " "1, " "1, " "1, " "1, " "1, " "1, " "1, " "1, " "1, " "1, " "1, " "1, " "1, " "1, " "1, " "1, " "1, " "1, " "1, " "1, " "1, " "1, " "1, " "1, " "1, " "1, " "1, " "1, " "1, " "1, " "1, " "1, " "1, " "1, " "1, " "1, " "1, " "1, " "1, " "1, " "1, " "1, " "1, " "1, " "1, " "1, " "1, " "1, " "1, " "1, " "1, " "1, " "1, " "1, " "1, " "1, " "1, " "1, " "1, " "1, " "1, " "1, " "1, " "1, " "1, " "1, " "1, " "1, " "1, " "1, " "1, " "1, " "1, " "1, " "1, " "1, " "1, " "1, " "1, " "1, " "1, " "1, " "1, " "1, " "1, " "1, " "1, " "1, " "1, " "1, " "1, " "1, " "1, " "1, " "1, " "1, " "1, " "1, " "1, " "1, " "1, " "1, " "1, " "1, " "1, " "1, " "1, " "1, " "1, " "1, " "1, " "1, " "1, " "1, " "1, " "1, " "1, " "1, " "1, " "1, " "1, " "1, " "1, " "1, " "1, " "1, " "1, " "1, " "1, " "1, " "1, " "1, " "1, " "1, " "1, " "1, " "1, " "1, " "1, " "1, " "1, " "1, " "1, " "1, " "1, " "1, " "1, " "1, " "1, " "1, " "1, " "1, " "1, " "1, " "1, " "1, " "1, " "1, " "1, " "1, " "1, " "1, " "1, " "1, " "1, " "1, " "1, " "1, "203
 "Nei81, 0.507, " "-0.003, " "1, " "1, " "1, " "1, " "1, " "1, " "1, " "1, " "1, " "1, " "1, " "1, " "1, " "1, " "1, " "1, " "1, " "1, " "1, " "1, " "1, " "1, " "1, " "1, " "1, " "1, " "1, " "1, " "1, " "1, " "1, " "1, " "1, " "1, " "1, " "1, " "1, " "1, " "1, " "1, " "1, " "1, " "1, " "1, " "1, " "1, " "1, " "1, " "1, " "1, " "1, " "1, " "1, " "1, " "1, " "1, " "1, " "1, " "1, " "1, " "1, " "1, " "1, " "1, " "1, " "1, " "1, " "1, " "1, " "1, " "1, " "1, " "1, " "1, " "1, " "1, " "1, " "1, " "1, " "1, " "1, " "0, " "1, " "1, " "1, " "1, " "1, " "1, " "1, " "1, " "1, " "1, " "1, " "1, " "1, " "1, " "1, " "1, " "1, " "1, " "1, " "1, " "1, " "1, " "1, " "1, " "1, " "1, " "1, " "1, " "1, " "1, " "1, " "1, " "1, " "1, " "1, " "1, " "1, " "1, " "1, " "1, " "1, " "1, " "1, " "1, " "1, " "1, " "1, " "1, " "1, " "1, " "1, " "1, " "1, " "1, " "1, " "1, " "1, " "1, " "1, " "1, " "1, " "1, " "1, " "1, " "1, " "1, " "1, " "1, " "1, " "1, " "1, " "1, " "1, " "1, " "1, " "1, " "1, " "1, " "1, " "1, " "1, " "1, " "1, " "1, " "1, " "1, " "1, " "1, " "1, " "1, " "1, " "1, " "1, " "1, " "1, " "1, " "1, " "1, " "1, " "1, " "1, " "1, " "1, " "1, " "1, " "1, " "1, " "1, " "1, " "1, " "1, " "1, " "1, " "1, " "1, " "1, " "1, " "1, " "1, " "1, " "1, " "1, " "1, " "1, " "1, " "1, " "1, " "1, " "1, " "1, " "1, " "1, " "1, " "1, " "1, " "1, " "1, " "1, " "1, " "1, " "1, " "1, " "1, " "1, " "1, " "1, " "1, " "1, " "1, " "1, " "1, " "1, " "1, " "1, " "1, " "1, " "1, " "1, " "1, " "1, " "1, " "1, " "1, " "1, " "1, " "1, " "1, " "1, " "1, " "1, " "1, " "1, " "1, " "1, " "1, "203
 "Nei82, 0.267, " "-0.003, " "1, " "1, " "1, " "1, " "1, " "1, " "1, " "1, " "1, " "1, " "1, " "1, " "1, " "1, " "1, " "1, " "1, " "1, " "1, " "1, " "1, " "1, " "1, " "1, " "1, " "1, " "1, " "1, " "1, " "1, " "1, " "1, " "1, " "1, " "1, " "1, " "1, " "1, " "1, " "1, " "1, " "1, " "1, " "1, " "1, " "1, " "1, " "1, " "1, " "1, " "1, " "1, " "1, " "1, " "1, " "1, " "1, " "1, " "1, " "1, " "1, " "1, " "1, " "1, " "1, " "1, " "1, " "1, " "1, " "1, " "1, " "1, " "1, " "1, " "1, " "1, " "1, " "1, " "1, " "1, " "1, " "1, " "0, " "1, " "1, " "1, " "1, " "1, " "1, " "1, " "1, " "1, " "1, " "1, " "1, " "1, " "1, " "1, " "1, " "1, " "1, " "1, " "1, " "1, " "1, " "1, " "1, " "1, " "1, " "1, " "1, " "1, " "1, " "1, " "1, " "1, " "1, " "1, " "1, " "1, " "1, " "1, " "1, " "1, " "1, " "1, " "1, " "1, " "1, " "1, " "1, " "1, " "1, " "1, " "1, " "1, " "1, " "1, " "1, " "1, " "1, " "1, " "1, " "1, " "1, " "1, " "1, " "1, " "1, " "1, " "1, " "1, " "1, " "1, " "1, " "1, " "1, " "1, " "1, " "1, " "1, " "1, " "1, " "1, " "1, " "1, " "1, " "1, " "1, " "1, " "1, " "1, " "1, " "1, " "1, " "1, " "1, " "1, " "1, " "1, " "1, " "1, " "1, " "1, " "1, " "1, " "1, " "1, " "1, " "1, " "1, " "1, " "1, " "1, " "1, " "1, " "1, " "1, " "1, " "1, " "1, " "1, " "1, " "1, " "1, " "1, " "1, " "1, " "1, " "1, " "1, " "1, " "1, " "1, " "1, " "1, " "1, " "1, " "1, " "1, " "1, " "1, " "1, " "1, " "1, " "1, " "1, " "1, " "1, " "1, " "1, " "1, " "1, " "1, " "1, " "1, " "1, " "1, " "1, " "1, " "1, " "1, " "1, " "1, " "1, " "1, " "1, " "1, " "1, " "1, " "1, " "1, " "1, " "1, " "1, " "1, " "1, "203
 "Nei83, 0.358, " "-0.003, " "1, " "1, " "1, " "1, " "1, " "1, " "1, " "1, " "1, " "1, " "1, " "1, " "1, " "1, " "1, " "1, " "1, " "1, " "1, " "1, " "1, " "1, " "1, " "1, " "1, " "1, " "1, " "1, " "1, " "1, " "1, " "1, " "1, " "1, " "1, " "1, " "1, " "1, " "1, " "1, " "1, " "1, " "1, " "1, " "1, " "1, " "1, " "1, " "1, " "1, " "1, " "1, " "1, " "1, " "1, " "1, " "1, " "1, " "1, " "1, " "1, " "1, " "1, " "1, " "1, " "1, " "1, " "1, " "1, " "1, " "1, " "1, " "1, " "1, " "1, " "1, " "1, " "1, " "1, " "1, " "1, " "1, " "1, " "0, " "1, " "1, " "1, " "1, " "1, " "1, " "1, " "1, " "1, " "1, " "1, " "1, " "1, " "1, " "1, " "1, " "1, " "1, " "1, " "1, " "1, " "1, " "1, " "1, " "1, " "1, " "1, " "1, " "1, " "1, " "1, " "1, " "1, " "1, " "1, " "1, " "1, " "1, " "1, " "1, " "1, " "1, " "1, " "1, " "1, " "1, " "1, " "1, " "1, " "1, " "1, " "1, " "1, " "1, " "1, " "1, " "1, " "1, " "1, " "1, " "1, " "1, " "1, " "1, " "1, " "1, " "1, " "1, " "1, " "1, " "1, " "1, " "1, " "1, " "1, " "1, " "1, " "1, " "1, " "1, " "1, " "1, " "1, " "1, " "1, " "1, " "1, " "1, " "1, " "1, " "1, " "1, " "1, " "1, " "1, " "1, " "1, " "1, " "1, " "1, " "1, " "1, " "1, " "1, " "1, " "1, " "1, " "1, " "1, " "1, " "1, " "1, " "1, " "1, " "1, " "1, " "1, " "1, " "1, " "1, " "1, " "1, " "1, " "1, " "1, " "1, " "1, " "1, " "1, " "1, " "1, " "1, " "1, " "1, " "1, " "1, " "1, " "1, " "1, " "1, " "1, " "1, " "1, " "1, " "1, " "1, " "1, " "1, " "1, " "1, " "1, " "1, " "1, " "1, " "1, " "1, " "1, " "1, " "1, " "1, " "1, " "1, " "1, " "1, " "1, " "1, " "1, " "1, " "1, " "1, " "1, " "1, " "1, "203
 "Nei84, 0.013, " "-0.003, " "1, " "1, " "1, " "1, " "1, " "1, " "1, " "1, " "1, " "1, " "1, " "1, " "1, " "1, " "1, " "1, " "1, " "1, " "1, " "1, " "1, " "1, " "1, " "1, " "1, " "1, " "1, " "1, " "1, " "1, " "1, " "1, " "1, " "1, " "1, " "1, " "1, " "1, " "1, " "1, " "1, " "1, " "1, " "1, " "1, " "1, " "1, " "1, " "1, " "1, " "1, " "1, " "1, " "1, " "1, " "1, " "1, " "1, " "1, " "1, " "1, " "1, " "1, " "1, " "1, " "1, " "1, " "1, " "1, " "1, " "1, " "1, " "1, " "1, " "1, " "1, " "1, " "1, " "1, " "1, " "1, " "1, " "1, " "1, " "0, " "1, " "1, " "1, " "1, " "1, " "1, " "1, " "1, " "1, " "1, " "1, " "1, " "1, " "1, " "1, " "1, " "1, " "1, " "1, " "1, " "1, " "1, " "1, " "1, " "1, " "1, " "1, " "1, " "1, " "1, " "1, " "1, " "1, " "1, " "1, " "1, " "1, " "1, " "1, " "1, " "1, " "1, " "1, " "1, " "1, " "1, " "1, " "1, " "1, " "1, " "1, " "1, " "1, " "1, " "1, " "1, " "1, " "1, " "1, " "1, " "1, " "1, " "1, " "1, " "1, " "1, " "1, " "1, " "1, " "1, " "1, " "1, " "1, " "1, " "1, " "1, " "1, " "1, " "1, " "1, " "1, " "1, " "1, " "1, " "1, " "1, " "1, " "1, " "1, " "1, " "1, " "1, " "1, " "1, " "1, " "1, " "1, " "1, " "1, " "1, " "1, " "1, " "1, " "1, " "1, " "1, " "1, " "1, " "1, " "1, " "1, " "1, " "1, " "1, " "1, " "1, " "1, " "1, " "1, " "1, " "1, " "1, " "1, " "1, " "1, " "1, " "1, " "1, " "1, " "1, " "1, " "1, " "1, " "1, " "1, " "1, " "1, " "1, " "1, " "1, " "1, " "1, " "1, " "1, " "1, " "1, " "1, " "1, " "1, " "1, " "1, " "1, " "1, " "1, " "1, " "1, " "1, " "1, " "1, " "1, " "1, " "1, " "1, " "1, " "1, " "1, " "1, " "1, " "1, " "1, " "1, " "1, "203
 "Nei85, 0.563, " "-0.003, " "1, " "1, " "1, " "1, " "1, " "1, " "1, " "1, " "1, " "1, " "1, " "1, " "1, " "1, " "1, " "1, " "1, " "1, " "1, " "1, " "1, " "1, " "1, " "1, " "1, " "1, " "1, " "1, " "1, " "1, " "1, " "1, " "1, " "1, " "1, " "1, " "1, " "1, " "1, " "1, " "1, " "1, " "1, " "1, " "1, " "1, " "1, " "1, " "1, " "1, " "1, " "1, " "1, " "1, " "1, " "1, " "1, " "1, " "1, " "1, " "1, " "1, " "1, " "1, " "1, " "1, " "1, " "1, " "1, " "1, " "1, " "1, " "1, " "1, " "1, " "1, " "1, " "1, " "1, " "1, " "1, " "1, " "1, " "1, " "1, " "0, " "1, " "1, " "1, " "1, " "1, " "1, " "1, " "1, " "1, " "1, " "1, " "1, " "1, " "1, " "1, " "1, " "1, " "1, " "1, " "1, " "1, " "1, " "1, " "1, " "1, " "1, " "1, " "1, " "1, " "1, " "1, " "1, " "1, " "1, " "1, " "1, " "1, " "1, " "1, " "1, " "1, " "1, " "1, " "1, " "1, " "1, " "1, " "1, " "1, " "1, " "1, " "1, " "1, " "1, " "1, " "1, " "1, " "1, " "1, " "1, " "1, " "1, " "1, " "1, " "1, " "1, " "1, " "1, " "1, " "1, " "1, " "1, " "1, " "1, " "1, " "1, " "1, " "1, " "1, " "1, " "1, " "1, " "1, " "1, " "1, " "1, " "1, " "1, " "1, " "1, " "1, " "1, " "1, " "1, " "1, " "1, " "1, " "1, " "1, " "1, " "1, " "1, " "1, " "1, " "1, " "1, " "1, " "1, " "1, " "1, " "1, " "1, " "1, " "1, " "1, " "1, " "1, " "1, " "1, " "1, " "1, " "1, " "1, " "1, " "1, " "1, " "1, " "1, " "1, " "1, " "1, " "1, " "1, " "1, " "1, " "1, " "1, " "1, " "1, " "1, " "1, " "1, " "1, " "1, " "1, " "1, " "1, " "1, " "1, " "1, " "1, " "1, " "1, " "1, " "1, " "1, " "1, " "1, " "1, " "1, " "1, " "1, " "1, " "1, " "1, " "1, " "1, " "1, " "1, " "1, " "1, "203
 "Nei86, 0.328, " "-0.003, " "1, " "1, " "1, " "1, " "1, " "1, " "1, " "1, " "1, " "1, " "1, " "1, " "1, " "1, " "1, " "1, " "1, " "1, " "1, " "1, " "1, " "1, " "1, " "1, " "1, " "1, " "1, " "1, " "1, " "1, " "1, " "1, " "1, " "1, " "1, " "1, " "1, " "1, " "1, " "1, " "1, " "1, " "1, " "1, " "1, " "1, " "1, " "1, " "1, " "1, " "1, " "1, " "1, " "1, " "1, " "1, " "1, " "1, " "1, " "1, " "1, " "1, " "1, " "1, " "1, " "1, " "1, " "1, " "1, " "1, " "1, " "1, " "1, " "1, " "1, " "1, " "1, " "1, " "1, " "1, " "1, " "1, " "1, " "1, " "1, " "1, " "0, " "1, " "1, " "1, " "1, " "1, " "1, " "1, " "1, " "1, " "1, " "1, " "1, " "1, " "1, " "1, " "1, " "1, " "1, " "1, " "1, " "1, " "1, " "1, " "1, " "1, " "1, " "1, " "1, " "1, " "1, " "1, " "1, " "1, " "1, " "1, " "1, " "1, " "1, " "1, " "1, " "1, " "1, " "1, " "1, " "1, " "1, " "1, " "1, " "1, " "1, " "1, " "1, " "1, " "1, " "1, " "1, " "1, " "1, " "1, " "1, " "1, " "1, " "1, " "1, " "1, " "1, " "1, " "1, " "1, " "1, " "1, " "1, " "1, " "1, " "1, " "1, " "1, " "1, " "1, " "1, " "1, " "1, " "1, " "1, " "1, " "1, " "1, " "1, " "1, " "1, " "1, " "1, " "1, " "1, " "1, " "1, " "1, " "1, " "1, " "1, " "1, " "1, " "1, " "1, " "1, " "1, " "1, " "1, " "1, " "1, " "1, " "1, " "1, " "1, " "1, " "1, " "1, " "1, " "1, " "1, " "1, " "1, " "1, " "1, " "1, " "1, " "1, " "1, " "1, " "1, " "1, " "1, " "1, " "1, " "1, " "1, " "1, " "1, " "1, " "1, " "1, " "1, " "1, " "1, " "1, " "1, " "1, " "1, " "1, " "1, " "1, " "1, " "1, " "1, " "1, " "1, " "1, " "1, " "1, " "1, " "1, " "1, " "1, " "1, " "1, " "1, " "1, " "1, " "1, " "1, "203
 "Nei87, 0.574, " "-0.003, " "1, " "1, " "1, " "1, " "1, " "1, " "1, " "1, " "1, " "1, " "1, " "1, " "1, " "1, " "1, " "1, " "1, " "1, " "1, " "1, " "1, " "1, " "1, " "1, " "1, " "1, " "1, " "1, " "1, " "1, " "1, " "1, " "1, " "1, " "1, " "1, " "1, " "1, " "1, " "1, " "1, " "1, " "1, " "1, " "1, " "1, " "1, " "1, " "1, " "1, " "1, " "1, " "1, " "1, " "1, " "1, " "1, " "1, " "1, " "1, " "1, " "1, " "1, " "1, " "1, " "1, " "1, " "1, " "1, " "1, " "1, " "1, " "1, " "1, " "1, " "1, " "1, " "1, " "1, " "1, " "1, " "1, " "1, " "1, " "1, " "1, " "1, " "0, " "1, " "1, " "1, " "1, " "1, " "1, " "1, " "1, " "1, " "1, " "1, " "1, " "1, " "1, " "1, " "1, " "1, " "1, " "1, " "1, " "1, " "1, " "1, " "1, " "1, " "1, " "1, " "1, " "1, " "1, " "1, " "1, " "1, " "1, " "1, " "1, " "1, " "1, " "1, " "1, " "1, " "1, " "1, " "1, " "1, " "1, " "1, " "1, " "1, " "1, " "1, " "1, " "1, " "1, " "1, " "1, " "1, " "1, " "1, " "1, " "1, " "1, " "1, " "1, " "1, " "1, " "1, " "1, " "1, " "1, " "1, " "1, " "1, " "1, " "1, " "1, " "1, " "1, " "1, " "1, " "1, " "1, " "1, " "1, " "1, " "1, " "1, " "1, " "1, " "1, " "1, " "1, " "1, " "1, " "1, " "1, " "1, " "1, " "1, " "1, " "1, " "1, " "1, " "1, " "1, " "1, " "1, " "1, " "1, " "1, " "1, " "1, " "1, " "1, " "1, " "1, " "1, " "1, " "1, " "1, " "1, " "1, " "1, " "1, " "1, " "1, " "1, " "1, " "1, " "1, " "1, " "1, " "1, " "1, " "1, " "1, " "1, " "1, " "1, " "1, " "1, " "1, " "1, " "1, " "1, " "1, " "1, " "1, " "1, " "1, " "1, " "1, " "1, " "1, " "1, " "1, " "1, " "1, " "1, " "1, " "1, " "1, " "1, " "1, " "1, " "1, " "1, " "1, " "1, "203
 "Nei88, 0.329, " "-0.003, " "1, " "1, " "1, " "1, " "1, " "1, " "1, " "1, " "1, " "1, " "1, " "1, " "1, " "1, " "1, " "1, " "1, " "1, " "1, " "1, " "1, " "1, " "1, " "1, " "1, " "1, " "1, " "1, " "1, " "1, " "1, " "1, " "1, " "1, " "1, " "1, " "1, " "1, " "1, " "1, " "1, " "1, " "1, " "1, " "1, " "1, " "1, " "1, " "1, " "1, " "1, " "1, " "1, " "1, " "1, " "1, " "1, " "1, " "1, " "1, " "1, " "1, " "1, " "1, " "1, " "1, " "1, " "1, " "1, " "1, " "1, " "1, " "1, " "1, " "1, " "1, " "1, " "1, " "1, " "1, " "1, " "1, " "1, " "1, " "1, " "1, " "1, " "1, " "0, " "1, " "1, " "1, " "1, " "1, " "1, " "1, " "1, " "1, " "1, " "1, " "1, " "1, " "1, " "1, " "1, " "1, " "1, " "1, " "1, " "1, " "1, " "1, " "1, " "1, " "1, " "1, " "1, " "1, " "1, " "1, " "1, " "1, " "1, " "1, " "1, " "1, " "1, " "1, " "1, " "1, " "1, " "1, " "1, " "1, " "1, " "1, " "1, " "1, " "1, " "1, " "1, " "1, " "1, " "1, " "1, " "1, " "1, " "1, " "1, " "1, " "1, " "1, " "1, " "1, " "1, " "1, " "1, " "1, " "1, " "1, " "1, " "1, " "1, " "1, " "1, " "1, " "1, " "1, " "1, " "1, " "1, " "1, " "1, " "1, " "1, " "1, " "1, " "1, " "1, " "1, " "1, " "1, " "1, " "1, " "1, " "1, " "1, " "1, " "1, " "1, " "1, " "1, " "1, " "1, " "1, " "1, " "1, " "1, " "1, " "1, " "1, " "1, " "1, " "1, " "1, " "1, " "1, " "1, " "1, " "1, " "1, " "1, " "1, " "1, " "1, " "1, " "1, " "1, " "1, " "1, " "1, " "1, " "1, " "1, " "1, " "1, " "1, " "1, " "1, " "1, " "1, " "1, " "1, " "1, " "1, " "1, " "1, " "1, " "1, " "1, " "1, " "1, " "1, " "1, " "1, " "1, " "1, " "1, " "1, " "1, " "1, " "1, " "1, " "1, " "1, " "1, " "1, "203
 "Nei89, 0.383, " "-0.003, " "1, " "1, " "1, " "1, " "1, " "1, " "1, " "1, " "1, " "1, " "1, " "1, " "1, " "1, " "1, " "1, " "1, " "1, " "1, " "1, " "1, " "1, " "1, " "1, " "1, " "1, " "1, " "1, " "1, " "1, " "1, " "1, " "1, " "1, " "1, " "1, " "1, " "1, " "1, " "1, " "1, " "1, " "1, " "1, " "1, " "1, " "1, " "1, " "1, " "1, " "1, " "1, " "1, " "1, " "1, " "1, " "1, " "1, " "1, " "1, " "1, " "1, " "1, " "1, " "1, " "1, " "1, " "1, " "1, " "1, " "1, " "1, " "1, " "1, " "1, " "1, " "1, " "1, " "1, " "1, " "1, " "1, " "1, " "1, " "1, " "1, " "1, " "1, " "1, " "0, " "1, " "1, " "1, " "1, " "1, " "1, " "1, " "1, " "1, " "1, " "1, " "1, " "1, " "1, " "1, " "1, " "1, " "1, " "1, " "1, " "1, " "1, " "1, " "1, " "1, " "1, " "1, " "1, " "1, " "1, " "1, " "1, " "1, " "1, " "1, " "1, " "1, " "1, " "1, " "1, " "1, " "1, " "1, " "1, " "1, " "1, " "1, " "1, " "1, " "1, " "1, " "1, " "1, " "1, " "1, " "1, " "1, " "1, " "1, " "1, " "1, " "1, " "1, " "1, " "1, " "1, " "1, " "1, " "1, " "1, " "1, " "1, " "1, " "1, " "1, " "1, " "1, " "1, " "1, " "1, " "1, " "1, " "1, " "1, " "1, " "1, " "1, " "1, " "1, " "1, " "1, " "1, " "1, " "1, " "1, " "1, " "1, " "1, " "1, " "1, " "1, " "1, " "1, " "1, " "1, " "1, " "1, " "1, " "1, " "1, " "1, " "1, " "1, " "1, " "1, " "1, " "1, " "1, " "1, " "1, " "1, " "1, " "1, " "1, " "1, " "1, " "1, " "1, " "1, " "1, " "1, " "1, " "1, " "1, " "1, " "1, " "1, " "1, " "1, " "1, " "1, " "1, " "1, " "1, " "1, " "1, " "1, " "1, " "1, " "1, " "1, " "1, " "1, " "1, " "1, " "1, " "1, " "1, " "1, " "1, " "1, " "1, " "1, " "1, " "1, " "1, " "1, "203
 "Nei90, 0.118, " "-0.003, " "1, " "1, " "1, " "1, " "1, " "1, " "1, " "1, " "1, " "1, " "1, " "1, " "1, " "1, " "1, " "1, " "1, " "1, " "1, " "1, " "1, " "1, " "1, " "1, " "1, " "1, " "1, " "1, " "1, " "1, " "1, " "1, " "1, " "1, " "1, " "1, " "1, " "1, " "1, " "1, " "1, " "1, " "1, " "1, " "1, " "1, " "1, " "1, " "1, " "1, " "1, " "1, " "1, " "1, " "1, " "1, " "1, " "1, " "1, " "1, " "1, " "1, " "1, " "1, " "1, " "1, " "1, " "1, " "1, " "1, " "1, " "1, " "1, " "1, " "1, " "1, " "1, " "1, " "1, " "1, " "1, " "1, " "1, " "1, " "1, " "1, " "1, " "1, " "1, " "1, " "0, " "1, " "1, " "1, " "1, " "1, " "1, " "1, " "1, " "1, " "1, " "1, " "1, " "1, " "1, " "1, " "1, " "1, " "1, " "1, " "1, " "1, " "1, " "1, " "1, " "1, " "1, " "1, " "1, " "1, " "1, " "1, " "1, " "1, " "1, " "1, " "1, " "1, " "1, " "1, " "1, " "1, " "1, " "1, " "1, " "1, " "1, " "1, " "1, " "1, " "1, " "1, " "1, " "1, " "1, " "1, " "1, " "1, " "1, " "1, " "1, " "1, " "1, " "1, " "1, " "1, " "1, " "1, " "1, " "1, " "1, " "1, " "1, " "1, " "1, " "1, " "1, " "1, " "1, " "1, " "1, " "1, " "1, " "1, " "1, " "1, " "1, " "1, " "1, " "1, " "1, " "1, " "1, " "1, " "1, " "1, " "1, " "1, " "1, " "1, " "1, " "1, " "1, " "1, " "1, " "1, " "1, " "1, " "1, " "1, " "1, " "1, " "1, " "1, " "1, " "1, " "1, " "1, " "1, " "1, " "1, " "1, " "1, " "1, " "1, " "1, " "1, " "1, " "1, " "1, " "1, " "1, " "1, " "1, " "1, " "1, " "1, " "1, " "1, " "1, " "1, " "1, " "1, " "1, " "1, " "1, " "1, " "1, " "1, " "1, " "1, " "1, " "1, " "1, " "1, " "1, " "1, " "1, " "1, " "1, " "1, " "1, " "1, " "1, " "1, " "1, " "1, "203
 "Nei91, 0.093, " "-0.003, " "1, " "1, " "1, " "1, " "1, " "1, " "1, " "1, " "1, " "1, " "1, " "1, " "1, " "1, " "1, " "1, " "1, " "1, " "1, " "1, " "1, " "1, " "1, " "1, " "1, " "1, " "1, " "1, " "1, " "1, " "1, " "1, " "1, " "1, " "1, " "1, " "1, " "1, " "1, " "1, " "1, " "1, " "1, " "1, " "1, " "1, " "1, " "1, " "1, " "1, " "1, " "1, " "1, " "1, " "1, " "1, " "1, " "1, " "1, " "1, " "1, " "1, " "1, " "1, " "1, " "1, " "1, " "1, " "1, " "1, " "1, " "1, " "1, " "1, " "1, " "1, " "1, " "1, " "1, " "1, " "1, " "1, " "1, " "1, " "1, " "1, " "1, " "1, " "1, " "1, " "1, " "0, " "1, " "1, " "1, " "1, " "1, " "1, " "1, " "1, " "1, " "1, " "1, " "1, " "1, " "1, " "1, " "1, " "1, " "1, " "1, " "1, " "1, " "1, " "1, " "1, " "1, " "1, " "1, " "1, " "1, " "1, " "1, " "1, " "1, " "1, " "1, " "1, " "1, " "1, " "1, " "1, " "1, " "1, " "1, " "1, " "1, " "1, " "1, " "1, " "1, " "1, " "1, " "1, " "1, " "1, " "1, " "1, " "1, " "1, " "1, " "1, " "1, " "1, " "1, " "1, " "1, " "1, " "1, " "1, " "1, " "1, " "1, " "1, " "1, " "1, " "1, " "1, " "1, " "1, " "1, " "1, " "1, " "1, " "1, " "1, " "1, " "1, " "1, " "1, " "1, " "1, " "1, " "1, " "1, " "1, " "1, " "1, " "1, " "1, " "1, " "1, " "1, " "1, " "1, " "1, " "1, " "1, " "1, " "1, " "1, " "1, " "1, " "1, " "1, " "1, " "1, " "1, " "1, " "1, " "1, " "1, " "1, " "1, " "1, " "1, " "1, " "1, " "1, " "1, " "1, " "1, " "1, " "1, " "1, " "1, " "1, " "1, " "1, " "1, " "1, " "1, " "1, " "1, " "1, " "1, " "1, " "1, " "1, " "1, " "1, " "1, " "1, " "1, " "1, " "1, " "1, " "1, " "1, " "1, " "1, " "1, " "1, " "1, " "1, " "1, " "1, "203
 "Nei92, 0.442, " "-0.003, " "1, " "1, " "1, " "1, " "1, " "1, " "1, " "1, " "1, " "1, " "1, " "1, " "1, " "1, " "1, " "1, " "1, " "1, " "1, " "1, " "1, " "1, " "1, " "1, " "1, " "1, " "1, " "1, " "1, " "1, " "1, " "1, " "1, " "1, " "1, " "1, " "1, " "1, " "1, " "1, " "1, " "1, " "1, " "1, " "1, " "1, " "1, " "1, " "1, " "1, " "1, " "1, " "1, " "1, " "1, " "1, " "1, " "1, " "1, " "1, " "1, " "1, " "1, " "1, " "1, " "1, " "1, " "1, " "1, " "1, " "1, " "1, " "1, " "1, " "1, " "1, " "1, " "1, " "1, " "1, " "1, " "1, " "1, " "1, " "1, " "1, " "1, " "1, " "1, " "1, " "1, " "1, " "0, " "1, " "1, " "1, " "1, " "1, " "1, " "1, " "1, " "1, " "1, " "1, " "1, " "1, " "1, " "1, " "1, " "1, " "1, " "1, " "1, " "1, " "1, " "1, " "1, " "1, " "1, " "1, " "1, " "1, " "1, " "1, " "1, " "1, " "1, " "1, " "1, " "1, " "1, " "1, " "1, " "1, " "1, " "1, " "1, " "1, " "1, " "1, " "1, " "1, " "1, " "1, " "1, " "1, " "1, " "1, " "1, " "1, " "1, " "1, " "1, " "1, " "1, " "1, " "1, " "1, " "1, " "1, " "1, " "1, " "1, " "1, " "1, " "1, " "1, " "1, " "1, " "1, " "1, " "1, " "1, " "1, " "1, " "1, " "1, " "1, " "1, " "1, " "1, " "1, " "1, " "1, " "1, " "1, " "1, " "1, " "1, " "1, " "1, " "1, " "1, " "1, " "1, " "1, " "1, " "1, " "1, " "1, " "1, " "1, " "1, " "1, " "1, " "1, " "1, " "1, " "1, " "1, " "1, " "1, " "1, " "1, " "1, " "1, " "1, " "1, " "1, " "1, " "1, " "1, " "1, " "1, " "1, " "1, " "1, " "1, " "1, " "1, " "1, " "1, " "1, " "1, " "1, " "1, " "1, " "1, " "1, " "1, " "1, " "1, " "1, " "1, " "1, " "1, " "1, " "1, " "1, " "1, " "1, " "1, " "1, " "1, " "1, " "1, " "1, "203
 "Nei93, 0.326, " "-0.003, " "1, " "1, " "1, " "1, " "1, " "1, " "1, " "1, " "1, " "1, " "1, " "1, " "1, " "1, " "1, " "1, " "1, " "1, " "1, " "1, " "1, " "1, " "1, " "1, " "1, " "1, " "1, " "1, " "1, " "1, " "1, " "1, " "1, " "1, " "1, " "1, " "1, " "1, " "1, " "1, " "1, " "1, " "1, " "1, " "1, " "1, " "1, " "1, " "1, " "1, " "1, " "1, " "1, " "1, " "1, " "1, " "1, " "1, " "1, " "1, " "1, " "1, " "1, " "1, " "1, " "1, " "1, " "1, " "1, " "1, " "1, " "1, " "1, " "1, " "1, " "1, " "1, " "1, " "1, " "1, " "1, " "1, " "1, " "1, " "1, " "1, " "1, " "1, " "1, " "1, " "1, " "1, " "1, " "0, " "1, " "1, " "1, " "1, " "1, " "1, " "1, " "1, " "1, " "1, " "1, " "1, " "1, " "1, " "1, " "1, " "1, " "1, " "1, " "1, " "1, " "1, " "1, " "1, " "1, " "1, " "1, " "1, " "1, " "1, " "1, " "1, " "1, " "1, " "1, " "1, " "1, " "1, " "1, " "1, " "1, " "1, " "1, " "1, " "1, " "1, " "1, " "1, " "1, " "1, " "1, " "1, " "1, " "1, " "1, " "1, " "1, " "1, " "1, " "1, " "1, " "1, " "1, " "1, " "1, " "1, " "1, " "1, " "1, " "1, " "1, " "1, " "1, " "1, " "1, " "1, " "1, " "1, " "1, " "1, " "1, " "1, " "1, " "1, " "1, " "1, " "1, " "1, " "1, " "1, " "1, " "1, " "1, " "1, " "1, " "1, " "1, " "1, " "1, " "1, " "1, " "1, " "1, " "1, " "1, " "1, " "1, " "1, " "1, " "1, " "1, " "1, " "1, " "1, " "1, " "1, " "1, " "1, " "1, " "1, " "1, " "1, " "1, " "1, " "1, " "1, " "1, " "1, " "1, " "1, " "1, " "1, " "1, " "1, " "1, " "1, " "1, " "1, " "1, " "1, " "1, " "1, " "1, " "1, " "1, " "1, " "1, " "1, " "1, " "1, " "1, " "1, " "1, " "1, " "1, " "1, " "1, " "1, " "1, " "1, " "1, " "1, " "1, "203
 "Nei94, 0.34, " "-0.003, " "1, " "1, " "1, " "1, " "1, " "1, " "1, " "1, " "1, " "1, " "1, " "1, " "1, " "1, " "1, " "1, " "1, " "1, " "1, " "1, " "1, " "1, " "1, " "1, " "1, " "1, " "1, " "1, " "1, " "1, " "1, " "1, " "1, " "1, " "1, " "1, " "1, " "1, " "1, " "1, " "1, " "1, " "1, " "1, " "1, " "1, " "1, " "1, " "1, " "1, " "1, " "1, " "1, " "1, " "1, " "1, " "1, " "1, " "1, " "1, " "1, " "1, " "1, " "1, " "1, " "1, " "1, " "1, " "1, " "1, " "1, " "1, " "1, " "1, " "1, " "1, " "1, " "1, " "1, " "1, " "1, " "1, " "1, " "1, " "1, " "1, " "1, " "1, " "1, " "1, " "1, " "1, " "1, " "1, " "0, " "1, " "1, " "1, " "1, " "1, " "1, " "1, " "1, " "1, " "1, " "1, " "1, " "1, " "1, " "1, " "1, " "1, " "1, " "1, " "1, " "1, " "1, " "1, " "1, " "1, " "1, " "1, " "1, " "1, " "1, " "1, " "1, " "1, " "1, " "1, " "1, " "1, " "1, " "1, " "1, " "1, " "1, " "1, " "1, " "1, " "1, " "1, " "1, " "1, " "1, " "1, " "1, " "1, " "1, " "1, " "1, " "1, " "1, " "1, " "1, " "1, " "1, " "1, " "1, " "1, " "1, " "1, " "1, " "1, " "1, " "1, " "1, " "1, " "1, " "1, " "1, " "1, " "1, " "1, " "1, " "1, " "1, " "1, " "1, " "1, " "1, " "1, " "1, " "1, " "1, " "1, " "1, " "1, " "1, " "1, " "1, " "1, " "1, " "1, " "1, " "1, " "1, " "1, " "1, " "1, " "1, " "1, " "1, " "1, " "1, " "1, " "1, " "1, " "1, " "1, " "1, " "1, " "1, " "1, " "1, " "1, " "1, " "1, " "1, " "1, " "1, " "1, " "1, " "1, " "1, " "1, " "1, " "1, " "1, " "1, " "1, " "1, " "1, " "1, " "1, " "1, " "1, " "1, " "1, " "1, " "1, " "1, " "1, " "1, " "1, " "1, " "1, " "1, " "1, " "1, " "1, " "1, " "1, " "1, " "1, " "1, " "1, "203
 "Nei95, 0.1, " "-0.003, " "1, " "1, " "1, " "1, " "1, " "1, " "1, " "1, " "1, " "1, " "1, " "1, " "1, " "1, " "1, " "1, " "1, " "1, " "1, " "1, " "1, " "1, " "1, " "1, " "1, " "1, " "1, " "1, " "1, " "1, " "1, " "1, " "1, " "1, " "1, " "1, " "1, " "1, " "1, " "1, " "1, " "1, " "1, " "1, " "1, " "1, " "1, " "1, " "1, " "1, " "1, " "1, " "1, " "1, " "1, " "1, " "1, " "1, " "1, " "1, " "1, " "1, " "1, " "1, " "1, " "1, " "1, " "1, " "1, " "1, " "1, " "1, " "1, " "1, " "1, " "1, " "1, " "1, " "1, " "1, " "1, " "1, " "1, " "1, " "1, " "1, " "1, " "1, " "1, " "1, " "1, " "1, " "1, " "1, " "1, " "0, " "1, " "1, " "1, " "1, " "1, " "1, " "1, " "1, " "1, " "1, " "1, " "1, " "1, " "1, " "1, " "1, " "1, " "1, " "1, " "1, " "1, " "1, " "1, " "1, " "1, " "1, " "1, " "1, " "1, " "1, " "1, " "1, " "1, " "1, " "1, " "1, " "1, " "1, " "1, " "1, " "1, " "1, " "1, " "1, " "1, " "1, " "1, " "1, " "1, " "1, " "1, " "1, " "1, " "1, " "1, " "1, " "1, " "1, " "1, " "1, " "1, " "1, " "1, " "1, " "1, " "1, " "1, " "1, " "1, " "1, " "1, " "1, " "1, " "1, " "1, " "1, " "1, " "1, " "1, " "1, " "1, " "1, " "1, " "1, " "1, " "1, " "1, " "1, " "1, " "1, " "1, " "1, " "1, " "1, " "1, " "1, " "1, " "1, " "1, " "1, " "1, " "1, " "1, " "1, " "1, " "1, " "1, " "1, " "1, " "1, " "1, " "1, " "1, " "1, " "1, " "1, " "1, " "1, " "1, " "1, " "1, " "1, " "1, " "1, " "1, " "1, " "1, " "1, " "1, " "1, " "1, " "1, " "1, " "1, " "1, " "1, " "1, " "1, " "1, " "1, " "1, " "1, " "1, " "1, " "1, " "1, " "1, " "1, " "1, " "1, " "1, " "1, " "1, " "1, " "1, " "1, " "1, " "1, " "1, " "1, " "1, "203
 "Nei96, 0.017, " "-0.003, " "1, " "1, " "1, " "1, " "1, " "1, " "1, " "1, " "1, " "1, " "1, " "1, " "1, " "1, " "1, " "1, " "1, " "1, " "1, " "1, " "1, " "1, " "1, " "1, " "1, " "1, " "1, " "1, " "1, " "1, " "1, " "1, " "1, " "1, " "1, " "1, " "1, " "1, " "1, " "1, " "1, " "1, " "1, " "1, " "1, " "1, " "1, " "1, " "1, " "1, " "1, " "1, " "1, " "1, " "1, " "1, " "1, " "1, " "1, " "1, " "1, " "1, " "1, " "1, " "1, " "1, " "1, " "1, " "1, " "1, " "1, " "1, " "1, " "1, " "1, " "1, " "1, " "1, " "1, " "1, " "1, " "1, " "1, " "1, " "1, " "1, " "1, " "1, " "1, " "1, " "1, " "1, " "1, " "1, " "1, " "1, " "0, " "1, " "1, " "1, " "1, " "1, " "1, " "1, " "1, " "1, " "1, " "1, " "1, " "1, " "1, " "1, " "1, " "1, " "1, " "1, " "1, " "1, " "1, " "1, " "1, " "1, " "1, " "1, " "1, " "1, " "1, " "1, " "1, " "1, " "1, " "1, " "1, " "1, " "1, " "1, " "1, " "1, " "1, " "1, " "1, " "1, " "1, " "1, " "1, " "1, " "1, " "1, " "1, " "1, " "1, " "1, " "1, " "1, " "1, " "1, " "1, " "1, " "1, " "1, " "1, " "1, " "1, " "1, " "1, " "1, " "1, " "1, " "1, " "1, " "1, " "1, " "1, " "1, " "1, " "1, " "1, " "1, " "1, " "1, " "1, " "1, " "1, " "1, " "1, " "1, " "1, " "1, " "1, " "1, " "1, " "1, " "1, " "1, " "1, " "1, " "1, " "1, " "1, " "1, " "1, " "1, " "1, " "1, " "1, " "1, " "1, " "1, " "1, " "1, " "1, " "1, " "1, " "1, " "1, " "1, " "1, " "1, " "1, " "1, " "1, " "1, " "1, " "1, " "1, " "1, " "1, " "1, " "1, " "1, " "1, " "1, " "1, " "1, " "1, " "1, " "1, " "1, " "1, " "1, " "1, " "1, " "1, " "1, " "1, " "1, " "1, " "1, " "1, " "1, " "1, " "1, " "1, " "1, " "1, " "1, " "1, "203
 "Nei97, 0.396, " "-0.003, " "1, " "1, " "1, " "1, " "1, " "1, " "1, " "1, " "1, " "1, " "1, " "1, " "1, " "1, " "1, " "1, " "1, " "1, " "1, " "1, " "1, " "1, " "1, " "1, " "1, " "1, " "1, " "1, " "1, " "1, " "1, " "1, " "1, " "1, " "1, " "1, " "1, " "1, " "1, " "1, " "1, " "1, " "1, " "1, " "1, " "1, " "1, " "1, " "1, " "1, " "1, " "1, " "1, " "1, " "1, " "1, " "1, " "1, " "1, " "1, " "1, " "1, " "1, " "1, " "1, " "1, " "1, " "1, " "1, " "1, " "1, " "1, " "1, " "1, " "1, " "1, " "1, " "1, " "1, " "1, " "1, " "1, " "1, " "1, " "1, " "1, " "1, " "1, " "1, " "1, " "1, " "1, " "1, " "1, " "1, " "1, " "1, " "0, " "1, " "1, " "1, " "1, " "1, " "1, " "1, " "1, " "1, " "1, " "1, " "1, " "1, " "1, " "1, " "1, " "1, " "1, " "1, " "1, " "1, " "1, " "1, " "1, " "1, " "1, " "1, " "1, " "1, " "1, " "1, " "1, " "1, " "1, " "1, " "1, " "1, " "1, " "1, " "1, " "1, " "1, " "1, " "1, " "1, " "1, " "1, " "1, " "1, " "1, " "1, " "1, " "1, " "1, " "1, " "1, " "1, " "1, " "1, " "1, " "1, " "1, " "1, " "1, " "1, " "1, " "1, " "1, " "1, " "1, " "1, " "1, " "1, " "1, " "1, " "1, " "1, " "1, " "1, " "1, " "1, " "1, " "1, " "1, " "1, " "1, " "1, " "1, " "1, " "1, " "1, " "1, " "1, " "1, " "1, " "1, " "1, " "1, " "1, " "1, " "1, " "1, " "1, " "1, " "1, " "1, " "1, " "1, " "1, " "1, " "1, " "1, " "1, " "1, " "1, " "1, " "1, " "1, " "1, " "1, " "1, " "1, " "1, " "1, " "1, " "1, " "1, " "1, " "1, " "1, " "1, " "1, " "1, " "1, " "1, " "1, " "1, " "1, " "1, " "1, " "1, " "1, " "1, " "1, " "1, " "1, " "1, " "1, " "1, " "1, " "1, " "1, " "1, " "1, " "1, " "1, " "1, " "1, " "1, "203
 "Nei98, 0.526, " "-0.003, " "1, " "1, " "1, " "1, " "1, " "1, " "1, " "1, " "1, " "1, " "1, " "1, " "1, " "1, " "1, " "1, " "1, " "1, " "1, " "1, " "1, " "1, " "1, " "1, " "1, " "1, " "1, " "1, " "1, " "1, " "1, " "1, " "1, " "1, " "1, " "1, " "1, " "1, " "1, " "1, " "1, " "1, " "1, " "1, " "1, " "1, " "1, " "1, " "1, " "1, " "1, " "1, " "1, " "1, " "1, " "1, " "1, " "1, " "1, " "1, " "1, " "1, " "1, " "1, " "1, " "1, " "1, " "1, " "1, " "1, " "1, " "1, " "1, " "1, " "1, " "1, " "1, " "1, " "1, " "1, " "1, " "1, " "1, " "1, " "1, " "1, " "1, " "1, " "1, " "1, " "1, " "1, " "1, " "1, " "1, " "1, " "1, " "1, " "0, " "1, " "1, " "1, " "1, " "1, " "1, " "1, " "1, " "1, " "1, " "1, " "1, " "1, " "1, " "1, " "1, " "1, " "1, " "1, " "1, " "1, " "1, " "1, " "1, " "1, " "1, " "1, " "1, " "1, " "1, " "1, " "1, " "1, " "1, " "1, " "1, " "1, " "1, " "1, " "1, " "1, " "1, " "1, " "1, " "1, " "1, " "1, " "1, " "1, " "1, " "1, " "1, " "1, " "1, " "1, " "1, " "1, " "1, " "1, " "1, " "1, " "1, " "1, " "1, " "1, " "1, " "1, " "1, " "1, " "1, " "1, " "1, " "1, " "1, " "1, " "1, " "1, " "1, " "1, " "1, " "1, " "1, " "1, " "1, " "1, " "1, " "1, " "1, " "1, " "1, " "1, " "1, " "1, " "1, " "1, " "1, " "1, " "1, " "1, " "1, " "1, " "1, " "1, " "1, " "1, " "1, " "1, " "1, " "1, " "1, " "1, " "1, " "1, " "1, " "1, " "1, " "1, " "1, " "1, " "1, " "1, " "1, " "1, " "1, " "1, " "1, " "1, " "1, " "1, " "1, " "1, " "1, " "1, " "1, " "1, " "1, " "1, " "1, " "1, " "1, " "1, " "1, " "1, " "1, " "1, " "1, " "1, " "1, " "1, " "1, " "1, " "1, " "1, " "1, " "1, " "1, " "1, " "1, "203
 "Nei99, 0.073, " "-0.003, " "1, " "1, " "1, " "1, " "1, " "1, " "1, " "1, " "1, " "1, " "1, " "1, " "1, " "1, " "1, " "1, " "1, " "1, " "1, " "1, " "1, " "1, " "1, " "1, " "1, " "1, " "1, " "1, " "1, " "1, " "1, " "1, " "1, " "1, " "1, " "1, " "1, " "1, " "1, " "1, " "1, " "1, " "1, " "1, " "1, " "1, " "1, " "1, " "1, " "1, " "1, " "1, " "1, " "1, " "1, " "1, " "1, " "1, " "1, " "1, " "1, " "1, " "1, " "1, " "1, " "1, " "1, " "1, " "1, " "1, " "1, " "1, " "1, " "1, " "1, " "1, " "1, " "1, " "1, " "1, " "1, " "1, " "1, " "1, " "1, " "1, " "1, " "1, " "1, " "1, " "1, " "1, " "1, " "1, " "1, " "1, " "1, " "1, " "1, " "0, " "1, " "1, " "1, " "1, " "1, " "1, " "1, " "1, " "1, " "1, " "1, " "1, " "1, " "1, " "1, " "1, " "1, " "1, " "1, " "1, " "1, " "1, " "1, " "1, " "1, " "1, " "1, " "1, " "1, " "1, " "1, " "1, " "1, " "1, " "1, " "1, " "1, " "1, " "1, " "1, " "1, " "1, " "1, " "1, " "1, " "1, " "1, " "1, " "1, " "1, " "1, " "1, " "1, " "1, " "1, " "1, " "1, " "1, " "1, " "1, " "1, " "1, " "1, " "1, " "1, " "1, " "1, " "1, " "1, " "1, " "1, " "1, " "1, " "1, " "1, " "1, " "1, " "1, " "1, " "1, " "1, " "1, " "1, " "1, " "1, " "1, " "1, " "1, " "1, " "1, " "1, " "1, " "1, " "1, " "1, " "1, " "1, " "1, " "1, " "1, " "1, " "1, " "1, " "1, " "1, " "1, " "1, " "1, " "1, " "1, " "1, " "1, " "1, " "1, " "1, " "1, " "1, " "1, " "1, " "1, " "1, " "1, " "1, " "1, " "1, " "1, " "1, " "1, " "1, " "1, " "1, " "1, " "1, " "1, " "1, " "1, " "1, " "1, " "1, " "1, " "1, " "1, " "1, " "1, " "1, " "1, " "1, " "1, " "1, " "1, " "1, " "1, " "1, " "1, " "1, " "1, " "1, "203
 "Nei100, 0.206, " "-0.003, " "1, " "1, " "1, " "1, " "1, " "1, " "1, " "1, " "1, " "1, " "1, " "1, " "1, " "1, " "1, " "1, " "1, " "1, " "1, " "1, " "1, " "1, " "1, " "1, " "1, " "1, " "1, " "1, " "1, " "1, " "1, " "1, " "1, " "1, " "1, " "1, " "1, " "1, " "1, " "1, " "1, " "1, " "1, " "1, " "1, " "1, " "1, " "1, " "1, " "1, " "1, " "1, " "1, " "1, " "1, " "1, " "1, " "1, " "1, " "1, " "1, " "1, " "1, " "1, " "1, " "1, " "1, " "1, " "1, " "1, " "1, " "1, " "1, " "1, " "1, " "1, " "1, " "1, " "1, " "1, " "1, " "1, " "1, " "1, " "1, " "1, " "1, " "1, " "1, " "1, " "1, " "1, " "1, " "1, " "1, " "1, " "1, " "1, " "1, " "1, " "0, " "1, " "1, " "1, " "1, " "1, " "1, " "1, " "1, " "1, " "1, " "1, " "1, " "1, " "1, " "1, " "1, " "1, " "1, " "1, " "1, " "1, " "1, " "1, " "1, " "1, " "1, " "1, " "1, " "1, " "1, " "1, " "1, " "1, " "1, " "1, " "1, " "1, " "1, " "1, " "1, " "1, " "1, " "1, " "1, " "1, " "1, " "1, " "1, " "1, " "1, " "1, " "1, " "1, " "1, " "1, " "1, " "1, " "1, " "1, " "1, " "1, " "1, " "1, " "1, " "1, " "1, " "1, " "1, " "1, " "1, " "1, " "1, " "1, " "1, " "1, " "1, " "1, " "1, " "1, " "1, " "1, " "1, " "1, " "1, " "1, " "1, " "1, " "1, " "1, " "1, " "1, " "1, " "1, " "1, " "1, " "1, " "1, " "1, " "1, " "1, " "1, " "1, " "1, " "1, " "1, " "1, " "1, " "1, " "1, " "1, " "1, " "1, " "1, " "1, " "1, " "1, " "1, " "1, " "1, " "1, " "1, " "1, " "1, " "1, " "1, " "1, " "1, " "1, " "1, " "1, " "1, " "1, " "1, " "1, " "1, " "1, " "1, " "1, " "1, " "1, " "1, " "1, " "1, " "1, " "1, " "1, " "1, " "1, " "1, " "1, " "1, " "1, " "1, " "1, " "1, " "1, "203
 "Nei101, 0.361, " "-0.003, " "1, " "1, " "1, " "1, " "1, " "1, " "1, " "1, " "1, " "1, " "1, " "1, " "1, " "1, " "1, " "1, " "1, " "1, " "1, " "1, " "1, " "1, " "1, " "1, " "1, " "1, " "1, " "1, " "1, " "1, " "1, " "1, " "1, " "1, " "1, " "1, " "1, " "1, " "1, " "1, " "1, " "1, " "1, " "1, " "1, " "1, " "1, " "1, " "1, " "1, " "1, " "1, " "1, " "1, " "1, " "1, " "1, " "1, " "1, " "1, " "1, " "1, " "1, " "1, " "1, " "1, " "1, " "1, " "1, " "1, " "1, " "1, " "1, " "1, " "1, " "1, " "1, " "1, " "1, " "1, " "1, " "1, " "1, " "1, " "1, " "1, " "1, " "1, " "1, " "1, " "1, " "1, " "1, " "1, " "1, " "1, " "1, " "1, " "1, " "1, " "1, " "0, " "1, " "1, " "1, " "1, " "1, " "1, " "1, " "1, " "1, " "1, " "1, " "1, " "1, " "1, " "1, " "1, " "1, " "1, " "1, " "1, " "1, " "1, " "1, " "1, " "1, " "1, " "1, " "1, " "1, " "1, " "1, " "1, " "1, " "1, " "1, " "1, " "1, " "1, " "1, " "1, " "1, " "1, " "1, " "1, " "1, " "1, " "1, " "1, " "1, " "1, " "1, " "1, " "1, " "1, " "1, " "1, " "1, " "1, " "1, " "1, " "1, " "1, " "1, " "1, " "1, " "1, " "1, " "1, " "1, " "1, " "1, " "1, " "1, " "1, " "1, " "1, " "1, " "1, " "1, " "1, " "1, " "1, " "1, " "1, " "1, " "1, " "1, " "1, " "1, " "1, " "1, " "1, " "1, " "1, " "1, " "1, " "1, " "1, " "1, " "1, " "1, " "1, " "1, " "1, " "1, " "1, " "1, " "1, " "1, " "1, " "1, " "1, " "1, " "1, " "1, " "1, " "1, " "1, " "1, " "1, " "1, " "1, " "1, " "1, " "1, " "1, " "1, " "1, " "1, " "1, " "1, " "1, " "1, " "1, " "1, " "1, " "1, " "1, " "1, " "1, " "1, " "1, " "1, " "1, " "1, " "1, " "1, " "1, " "1, " "1, " "1, " "1, " "1, " "1, " "1, "203
 "Nei102, 0.53, " "-0.003, " "1, " "1, " "1, " "1, " "1, " "1, " "1, " "1, " "1, " "1, " "1, " "1, " "1, " "1, " "1, " "1, " "1, " "1, " "1, " "1, " "1, " "1, " "1, " "1, " "1, " "1, " "1, " "1, " "1, " "1, " "1, " "1, " "1, " "1, " "1, " "1, " "1, " "1, " "1, " "1, " "1, " "1, " "1, " "1, " "1, " "1, " "1, " "1, " "1, " "1, " "1, " "1, " "1, " "1, " "1, " "1, " "1, " "1, " "1, " "1, " "1, " "1, " "1, " "1, " "1, " "1, " "1, " "1, " "1, " "1, " "1, " "1, " "1, " "1, " "1, " "1, " "1, " "1, " "1, " "1, " "1, " "1, " "1, " "1, " "1, " "1, " "1, " "1, " "1, " "1, " "1, " "1, " "1, " "1, " "1, " "1, " "1, " "1, " "1, " "1, " "1, " "1, " "0, " "1, " "1, " "1, " "1, " "1, " "1, " "1, " "1, " "1, " "1, " "1, " "1, " "1, " "1, " "1, " "1, " "1, " "1, " "1, " "1, " "1, " "1, " "1, " "1, " "1, " "1, " "1, " "1, " "1, " "1, " "1, " "1, " "1, " "1, " "1, " "1, " "1, " "1, " "1, " "1, " "1, " "1, " "1, " "1, " "1, " "1, " "1, " "1, " "1, " "1, " "1, " "1, " "1, " "1, " "1, " "1, " "1, " "1, " "1, " "1, " "1, " "1, " "1, " "1, " "1, " "1, " "1, " "1, " "1, " "1, " "1, " "1, " "1, " "1, " "1, " "1, " "1, " "1, " "1, " "1, " "1, " "1, " "1, " "1, " "1, " "1, " "1, " "1, " "1, " "1, " "1, " "1, " "1, " "1, " "1, " "1, " "1, " "1, " "1, " "1, " "1, " "1, " "1, " "1, " "1, " "1, " "1, " "1, " "1, " "1, " "1, " "1, " "1, " "1, " "1, " "1, " "1, " "1, " "1, " "1, " "1, " "1, " "1, " "1, " "1, " "1, " "1, " "1, " "1, " "1, " "1, " "1, " "1, " "1, " "1, " "1, " "1, " "1, " "1, " "1, " "1, " "1, " "1, " "1, " "1, " "1, " "1, " "1, " "1, " "1, " "1, " "1, " "1, " "1, "203
 "Nei103, 0.086, " "-0.003, " "1, " "1, " "1, " "1, " "1, " "1, " "1, " "1, " "1, " "1, " "1, " "1, " "1, " "1, " "1, " "1, " "1, " "1, " "1, " "1, " "1, " "1, " "1, " "1, " "1, " "1, " "1, " "1, " "1, " "1, " "1, " "1, " "1, " "1, " "1, " "1, " "1, " "1, " "1, " "1, " "1, " "1, " "1, " "1, " "1, " "1, " "1, " "1, " "1, " "1, " "1, " "1, " "1, " "1, " "1, " "1, " "1, " "1, " "1, " "1, " "1, " "1, " "1, " "1, " "1, " "1, " "1, " "1, " "1, " "1, " "1, " "1, " "1, " "1, " "1, " "1, " "1, " "1, " "1, " "1, " "1, " "1, " "1, " "1, " "1, " "1, " "1, " "1, " "1, " "1, " "1, " "1, " "1, " "1, " "1, " "1, " "1, " "1, " "1, " "1, " "1, " "1, " "1, " "0, " "1, " "1, " "1, " "1, " "1, " "1, " "1, " "1, " "1, " "1, " "1, " "1, " "1, " "1, " "1, " "1, " "1, " "1, " "1, " "1, " "1, " "1, " "1, " "1, " "1, " "1, " "1, " "1, " "1, " "1, " "1, " "1, " "1, " "1, " "1, " "1, " "1, " "1, " "1, " "1, " "1, " "1, " "1, " "1, " "1, " "1, " "1, " "1, " "1, " "1, " "1, " "1, " "1, " "1, " "1, " "1, " "1, " "1, " "1, " "1, " "1, " "1, " "1, " "1, " "1, " "1, " "1, " "1, " "1, " "1, " "1, " "1, " "1, " "1, " "1, " "1, " "1, " "1, " "1, " "1, " "1, " "1, " "1, " "1, " "1, " "1, " "1, " "1, " "1, " "1, " "1, " "1, " "1, " "1, " "1, " "1, " "1, " "1, " "1, " "1, " "1, " "1, " "1, " "1, " "1, " "1, " "1, " "1, " "1, " "1, " "1, " "1, " "1, " "1, " "1, " "1, " "1, " "1, " "1, " "1, " "1, " "1, " "1, " "1, " "1, " "1, " "1, " "1, " "1, " "1, " "1, " "1, " "1, " "1, " "1, " "1, " "1, " "1, " "1, " "1, " "1, " "1, " "1, " "1, " "1, " "1, " "1, " "1, " "1, " "1, " "1, " "1, " "1, "203
 "Nei104, 0.046, " "-0.003, " "1, " "1, " "1, " "1, " "1, " "1, " "1, " "1, " "1, " "1, " "1, " "1, " "1, " "1, " "1, " "1, " "1, " "1, " "1, " "1, " "1, " "1, " "1, " "1, " "1, " "1, " "1, " "1, " "1, " "1, " "1, " "1, " "1, " "1, " "1, " "1, " "1, " "1, " "1, " "1, " "1, " "1, " "1, " "1, " "1, " "1, " "1, " "1, " "1, " "1, " "1, " "1, " "1, " "1, " "1, " "1, " "1, " "1, " "1, " "1, " "1, " "1, " "1, " "1, " "1, " "1, " "1, " "1, " "1, " "1, " "1, " "1, " "1, " "1, " "1, " "1, " "1, " "1, " "1, " "1, " "1, " "1, " "1, " "1, " "1, " "1, " "1, " "1, " "1, " "1, " "1, " "1, " "1, " "1, " "1, " "1, " "1, " "1, " "1, " "1, " "1, " "1, " "1, " "1, " "0, " "1, " "1, " "1, " "1, " "1, " "1, " "1, " "1, " "1, " "1, " "1, " "1, " "1, " "1, " "1, " "1, " "1, " "1, " "1, " "1, " "1, " "1, " "1, " "1, " "1, " "1, " "1, " "1, " "1, " "1, " "1, " "1, " "1, " "1, " "1, " "1, " "1, " "1, " "1, " "1, " "1, " "1, " "1, " "1, " "1, " "1, " "1, " "1, " "1, " "1, " "1, " "1, " "1, " "1, " "1, " "1, " "1, " "1, " "1, " "1, " "1, " "1, " "1, " "1, " "1, " "1, " "1, " "1, " "1, " "1, " "1, " "1, " "1, " "1, " "1, " "1, " "1, " "1, " "1, " "1, " "1, " "1, " "1, " "1, " "1, " "1, " "1, " "1, " "1, " "1, " "1, " "1, " "1, " "1, " "1, " "1, " "1, " "1, " "1, " "1, " "1, " "1, " "1, " "1, " "1, " "1, " "1, " "1, " "1, " "1, " "1, " "1, " "1, " "1, " "1, " "1, " "1, " "1, " "1, " "1, " "1, " "1, " "1, " "1, " "1, " "1, " "1, " "1, " "1, " "1, " "1, " "1, " "1, " "1, " "1, " "1, " "1, " "1, " "1, " "1, " "1, " "1, " "1, " "1, " "1, " "1, " "1, " "1, " "1, " "1, " "1, " "1, "203
 "Nei105, 0.422, " "-0.003, " "1, " "1, " "1, " "1, " "1, " "1, " "1, " "1, " "1, " "1, " "1, " "1, " "1, " "1, " "1, " "1, " "1, " "1, " "1, " "1, " "1, " "1, " "1, " "1, " "1, " "1, " "1, " "1, " "1, " "1, " "1, " "1, " "1, " "1, " "1, " "1, " "1, " "1, " "1, " "1, " "1, " "1, " "1, " "1, " "1, " "1, " "1, " "1, " "1, " "1, " "1, " "1, " "1, " "1, " "1, " "1, " "1, " "1, " "1, " "1, " "1, " "1, " "1, " "1, " "1, " "1, " "1, " "1, " "1, " "1, " "1, " "1, " "1, " "1, " "1, " "1, " "1, " "1, " "1, " "1, " "1, " "1, " "1, " "1, " "1, " "1, " "1, " "1, " "1, " "1, " "1, " "1, " "1, " "1, " "1, " "1, " "1, " "1, " "1, " "1, " "1, " "1, " "1, " "1, " "1, " "0, " "1, " "1, " "1, " "1, " "1, " "1, " "1, " "1, " "1, " "1, " "1, " "1, " "1, " "1, " "1, " "1, " "1, " "1, " "1, " "1, " "1, " "1, " "1, " "1, " "1, " "1, " "1, " "1, " "1, " "1, " "1, " "1, " "1, " "1, " "1, " "1, " "1, " "1, " "1, " "1, " "1, " "1, " "1, " "1, " "1, " "1, " "1, " "1, " "1, " "1, " "1, " "1, " "1, " "1, " "1, " "1, " "1, " "1, " "1, " "1, " "1, " "1, " "1, " "1, " "1, " "1, " "1, " "1, " "1, " "1, " "1, " "1, " "1, " "1, " "1, " "1, " "1, " "1, " "1, " "1, " "1, " "1, " "1, " "1, " "1, " "1, " "1, " "1, " "1, " "1, " "1, " "1, " "1, " "1, " "1, " "1, " "1, " "1, " "1, " "1, " "1, " "1, " "1, " "1, " "1, " "1, " "1, " "1, " "1, " "1, " "1, " "1, " "1, " "1, " "1, " "1, " "1, " "1, " "1, " "1, " "1, " "1, " "1, " "1, " "1, " "1, " "1, " "1, " "1, " "1, " "1, " "1, " "1, " "1, " "1, " "1, " "1, " "1, " "1, " "1, " "1, " "1, " "1, " "1, " "1, " "1, " "1, " "1, " "1, " "1, " "1, "203
 "Nei106, 0.414, " "-0.003, " "1, " "1, " "1, " "1, " "1, " "1, " "1, " "1, " "1, " "1, " "1, " "1, " "1, " "1, " "1, " "1, " "1, " "1, " "1, " "1, " "1, " "1, " "1, " "1, " "1, " "1, " "1, " "1, " "1, " "1, " "1, " "1, " "1, " "1, " "1, " "1, " "1, " "1, " "1, " "1, " "1, " "1, " "1, " "1, " "1, " "1, " "1, " "1, " "1, " "1, " "1, " "1, " "1, " "1, " "1, " "1, " "1, " "1, " "1, " "1, " "1, " "1, " "1, " "1, " "1, " "1, " "1, " "1, " "1, " "1, " "1, " "1, " "1, " "1, " "1, " "1, " "1, " "1, " "1, " "1, " "1, " "1, " "1, " "1, " "1, " "1, " "1, " "1, " "1, " "1, " "1, " "1, " "1, " "1, " "1, " "1, " "1, " "1, " "1, " "1, " "1, " "1, " "1, " "1, " "1, " "1, " "0, " "1, " "1, " "1, " "1, " "1, " "1, " "1, " "1, " "1, " "1, " "1, " "1, " "1, " "1, " "1, " "1, " "1, " "1, " "1, " "1, " "1, " "1, " "1, " "1, " "1, " "1, " "1, " "1, " "1, " "1, " "1, " "1, " "1, " "1, " "1, " "1, " "1, " "1, " "1, " "1, " "1, " "1, " "1, " "1, " "1, " "1, " "1, " "1, " "1, " "1, " "1, " "1, " "1, " "1, " "1, " "1, " "1, " "1, " "1, " "1, " "1, " "1, " "1, " "1, " "1, " "1, " "1, " "1, " "1, " "1, " "1, " "1, " "1, " "1, " "1, " "1, " "1, " "1, " "1, " "1, " "1, " "1, " "1, " "1, " "1, " "1, " "1, " "1, " "1, " "1, " "1, " "1, " "1, " "1, " "1, " "1, " "1, " "1, " "1, " "1, " "1, " "1, " "1, " "1, " "1, " "1, " "1, " "1, " "1, " "1, " "1, " "1, " "1, " "1, " "1, " "1, " "1, " "1, " "1, " "1, " "1, " "1, " "1, " "1, " "1, " "1, " "1, " "1, " "1, " "1, " "1, " "1, " "1, " "1, " "1, " "1, " "1, " "1, " "1, " "1, " "1, " "1, " "1, " "1, " "1, " "1, " "1, " "1, " "1, " "1, "203
 "Nei107, 0.301, " "-0.003, " "1, " "1, " "1, " "1, " "1, " "1, " "1, " "1, " "1, " "1, " "1, " "1, " "1, " "1, " "1, " "1, " "1, " "1, " "1, " "1, " "1, " "1, " "1, " "1, " "1, " "1, " "1, " "1, " "1, " "1, " "1, " "1, " "1, " "1, " "1, " "1, " "1, " "1, " "1, " "1, " "1, " "1, " "1, " "1, " "1, " "1, " "1, " "1, " "1, " "1, " "1, " "1, " "1, " "1, " "1, " "1, " "1, " "1, " "1, " "1, " "1, " "1, " "1, " "1, " "1, " "1, " "1, " "1, " "1, " "1, " "1, " "1, " "1, " "1, " "1, " "1, " "1, " "1, " "1, " "1, " "1, " "1, " "1, " "1, " "1, " "1, " "1, " "1, " "1, " "1, " "1, " "1, " "1, " "1, " "1, " "1, " "1, " "1, " "1, " "1, " "1, " "1, " "1, " "1, " "1, " "1, " "1, " "0, " "1, " "1, " "1, " "1, " "1, " "1, " "1, " "1, " "1, " "1, " "1, " "1, " "1, " "1, " "1, " "1, " "1, " "1, " "1, " "1, " "1, " "1, " "1, " "1, " "1, " "1, " "1, " "1, " "1, " "1, " "1, " "1, " "1, " "1, " "1, " "1, " "1, " "1, " "1, " "1, " "1, " "1, " "1, " "1, " "1, " "1, " "1, " "1, " "1, " "1, " "1, " "1, " "1, " "1, " "1, " "1, " "1, " "1, " "1, " "1, " "1, " "1, " "1, " "1, " "1, " "1, " "1, " "1, " "1, " "1, " "1, " "1, " "1, " "1, " "1, " "1, " "1, " "1, " "1, " "1, " "1, " "1, " "1, " "1, " "1, " "1, " "1, " "1, " "1, " "1, " "1, " "1, " "1, " "1, " "1, " "1, " "1, " "1, " "1, " "1, " "1, " "1, " "1, " "1, " "1, " "1, " "1, " "1, " "1, " "1, " "1, " "1, " "1, " "1, " "1, " "1, " "1, " "1, " "1, " "1, " "1, " "1, " "1, " "1, " "1, " "1, " "1, " "1, " "1, " "1, " "1, " "1, " "1, " "1, " "1, " "1, " "1, " "1, " "1, " "1, " "1, " "1, " "1, " "1, " "1, " "1, " "1, " "1, " "1, "203
 "Nei108, 0.484, " "-0.003, " "1, " "1, " "1, " "1, " "1, " "1, " "1, " "1, " "1, " "1, " "1, " "1, " "1, " "1, " "1, " "1, " "1, " "1, " "1, " "1, " "1, " "1, " "1, " "1, " "1, " "1, " "1, " "1, " "1, " "1, " "1, " "1, " "1, " "1, " "1, " "1, " "1, " "1, " "1, " "1, " "1, " "1, " "1, " "1, " "1, " "1, " "1, " "1, " "1, " "1, " "1, " "1, " "1, " "1, " "1, " "1, " "1, " "1, " "1, " "1, " "1, " "1, " "1, " "1, " "1, " "1, " "1, " "1, " "1, " "1, " "1, " "1, " "1, " "1, " "1, " "1, " "1, " "1, " "1, " "1, " "1, " "1, " "1, " "1, " "1, " "1, " "1, " "1, " "1, " "1, " "1, " "1, " "1, " "1, " "1, " "1, " "1, " "1, " "1, " "1, " "1, " "1, " "1, " "1, " "1, " "1, " "1, " "1, " "0, " "1, " "1, " "1, " "1, " "1, " "1, " "1, " "1, " "1, " "1, " "1, " "1, " "1, " "1, " "1, " "1, " "1, " "1, " "1, " "1, " "1, " "1, " "1, " "1, " "1, " "1, " "1, " "1, " "1, " "1, " "1, " "1, " "1, " "1, " "1, " "1, " "1, " "1, " "1, " "1, " "1, " "1, " "1, " "1, " "1, " "1, " "1, " "1, " "1, " "1, " "1, " "1, " "1, " "1, " "1, " "1, " "1, " "1, " "1, " "1, " "1, " "1, " "1, " "1, " "1, " "1, " "1, " "1, " "1, " "1, " "1, " "1, " "1, " "1, " "1, " "1, " "1, " "1, " "1, " "1, " "1, " "1, " "1, " "1, " "1, " "1, " "1, " "1, " "1, " "1, " "1, " "1, " "1, " "1, " "1, " "1, " "1, " "1, " "1, " "1, " "1, " "1, " "1, " "1, " "1, " "1, " "1, " "1, " "1, " "1, " "1, " "1, " "1, " "1, " "1, " "1, " "1, " "1, " "1, " "1, " "1, " "1, " "1, " "1, " "1, " "1, " "1, " "1, " "1, " "1, " "1, " "1, " "1, " "1, " "1, " "1, " "1, " "1, " "1, " "1, " "1, " "1, " "1, " "1, " "1, " "1, " "1, " "1, "203
 "Nei109, 0.006, " "-0.003, " "1, " "1, " "1, " "1, " "1, " "1, " "1, " "1, " "1, " "1, " "1, " "1, " "1, " "1, " "1, " "1, " "1, " "1, " "1, " "1, " "1, " "1, " "1, " "1, " "1, " "1, " "1, " "1, " "1, " "1, " "1, " "1, " "1, " "1, " "1, " "1, " "1, " "1, " "1, " "1, " "1, " "1, " "1, " "1, " "1, " "1, " "1, " "1, " "1, " "1, " "1, " "1, " "1, " "1, " "1, " "1, " "1, " "1, " "1, " "1, " "1, " "1, " "1, " "1, " "1, " "1, " "1, " "1, " "1, " "1, " "1, " "1, " "1, " "1, " "1, " "1, " "1, " "1, " "1, " "1, " "1, " "1, " "1, " "1, " "1, " "1, " "1, " "1, " "1, " "1, " "1, " "1, " "1, " "1, " "1, " "1, " "1, " "1, " "1, " "1, " "1, " "1, " "1, " "1, " "1, " "1, " "1, " "1, " "1, " "0, " "1, " "1, " "1, " "1, " "1, " "1, " "1, " "1, " "1, " "1, " "1, " "1, " "1, " "1, " "1, " "1, " "1, " "1, " "1, " "1, " "1, " "1, " "1, " "1, " "1, " "1, " "1, " "1, " "1, " "1, " "1, " "1, " "1, " "1, " "1, " "1, " "1, " "1, " "1, " "1, " "1, " "1, " "1, " "1, " "1, " "1, " "1, " "1, " "1, " "1, " "1, " "1, " "1, " "1, " "1, " "1, " "1, " "1, " "1, " "1, " "1, " "1, " "1, " "1, " "1, " "1, " "1, " "1, " "1, " "1, " "1, " "1, " "1, " "1, " "1, " "1, " "1, " "1, " "1, " "1, " "1, " "1, " "1, " "1, " "1, " "1, " "1, " "1, " "1, " "1, " "1, " "1, " "1, " "1, " "1, " "1, " "1, " "1, " "1, " "1, " "1, " "1, " "1, " "1, " "1, " "1, " "1, " "1, " "1, " "1, " "1, " "1, " "1, " "1, " "1, " "1, " "1, " "1, " "1, " "1, " "1, " "1, " "1, " "1, " "1, " "1, " "1, " "1, " "1, " "1, " "1, " "1, " "1, " "1, " "1, " "1, " "1, " "1, " "1, " "1, " "1, " "1, " "1, " "1, " "1, " "1, " "1, "203
 "Nei110, 0.096, " "-0.003, " "1, " "1, " "1, " "1, " "1, " "1, " "1, " "1, " "1, " "1, " "1, " "1, " "1, " "1, " "1, " "1, " "1, " "1, " "1, " "1, " "1, " "1, " "1, " "1, " "1, " "1, " "1, " "1, " "1, " "1, " "1, " "1, " "1, " "1, " "1, " "1, " "1, " "1, " "1, " "1, " "1, " "1, " "1, " "1, " "1, " "1, " "1, " "1, " "1, " "1, " "1, " "1, " "1, " "1, " "1, " "1, " "1, " "1, " "1, " "1, " "1, " "1, " "1, " "1, " "1, " "1, " "1, " "1, " "1, " "1, " "1, " "1, " "1, " "1, " "1, " "1, " "1, " "1, " "1, " "1, " "1, " "1, " "1, " "1, " "1, " "1, " "1, " "1, " "1, " "1, " "1, " "1, " "1, " "1, " "1, " "1, " "1, " "1, " "1, " "1, " "1, " "1, " "1, " "1, " "1, " "1, " "1, " "1, " "1, " "1, " "0, " "1, " "1, " "1, " "1, " "1, " "1, " "1, " "1, " "1, " "1, " "1, " "1, " "1, " "1, " "1, " "1, " "1, " "1, " "1, " "1, " "1, " "1, " "1, " "1, " "1, " "1, " "1, " "1, " "1, " "1, " "1, " "1, " "1, " "1, " "1, " "1, " "1, " "1, " "1, " "1, " "1, " "1, " "1, " "1, " "1, " "1, " "1, " "1, " "1, " "1, " "1, " "1, " "1, " "1, " "1, " "1, " "1, " "1, " "1, " "1, " "1, " "1, " "1, " "1, " "1, " "1, " "1, " "1, " "1, " "1, " "1, " "1, " "1, " "1, " "1, " "1, " "1, " "1, " "1, " "1, " "1, " "1, " "1, " "1, " "1, " "1, " "1, " "1, " "1, " "1, " "1, " "1, " "1, " "1, " "1, " "1, " "1, " "1, " "1, " "1, " "1, " "1, " "1, " "1, " "1, " "1, " "1, " "1, " "1, " "1, " "1, " "1, " "1, " "1, " "1, " "1, " "1, " "1, " "1, " "1, " "1, " "1, " "1, " "1, " "1, " "1, " "1, " "1, " "1, " "1, " "1, " "1, " "1, " "1, " "1, " "1, " "1, " "1, " "1, " "1, " "1, " "1, " "1, " "1, " "1, " "1, "203
 "Nei111, 0.314, " "-0.003, " "1, " "1, " "1, " "1, " "1, " "1, " "1, " "1, " "1, " "1, " "1, " "1, " "1, " "1, " "1, " "1, " "1, " "1, " "1, " "1, " "1, " "1, " "1, " "1, " "1, " "1, " "1, " "1, " "1, " "1, " "1, " "1, " "1, " "1, " "1, " "1, " "1, " "1, " "1, " "1, " "1, " "1, " "1, " "1, " "1, " "1, " "1, " "1, " "1, " "1, " "1, " "1, " "1, " "1, " "1, " "1, " "1, " "1, " "1, " "1, " "1, " "1, " "1, " "1, " "1, " "1, " "1, " "1, " "1, " "1, " "1, " "1, " "1, " "1, " "1, " "1, " "1, " "1, " "1, " "1, " "1, " "1, " "1, " "1, " "1, " "1, " "1, " "1, " "1, " "1, " "1, " "1, " "1, " "1, " "1, " "1, " "1, " "1, " "1, " "1, " "1, " "1, " "1, " "1, " "1, " "1, " "1, " "1, " "1, " "1, " "1, " "0, " "1, " "1, " "1, " "1, " "1, " "1, " "1, " "1, " "1, " "1, " "1, " "1, " "1, " "1, " "1, " "1, " "1, " "1, " "1, " "1, " "1, " "1, " "1, " "1, " "1, " "1, " "1, " "1, " "1, " "1, " "1, " "1, " "1, " "1, " "1, " "1, " "1, " "1, " "1, " "1, " "1, " "1, " "1, " "1, " "1, " "1, " "1, " "1, " "1, " "1, " "1, " "1, " "1, " "1, " "1, " "1, " "1, " "1, " "1, " "1, " "1, " "1, " "1, " "1, " "1, " "1, " "1, " "1, " "1, " "1, " "1, " "1, " "1, " "1, " "1, " "1, " "1, " "1, " "1, " "1, " "1, " "1, " "1, " "1, " "1, " "1, " "1, " "1, " "1, " "1, " "1, " "1, " "1, " "1, " "1, " "1, " "1, " "1, " "1, " "1, " "1, " "1, " "1, " "1, " "1, " "1, " "1, " "1, " "1, " "1, " "1, " "1, " "1, " "1, " "1, " "1, " "1, " "1, " "1, " "1, " "1, " "1, " "1, " "1, " "1, " "1, " "1, " "1, " "1, " "1, " "1, " "1, " "1, " "1, " "1, " "1, " "1, " "1, " "1, " "1, " "1, " "1, " "1, " "1, " "1, "203
 "Nei112, 0.51, " "-0.003, " "1, " "1, " "1, " "1, " "1, " "1, " "1, " "1, " "1, " "1, " "1, " "1, " "1, " "1, " "1, " "1, " "1, " "1, " "1, " "1, " "1, " "1, " "1, " "1, " "1, " "1, " "1, " "1, " "1, " "1, " "1, " "1, " "1, " "1, " "1, " "1, " "1, " "1, " "1, " "1, " "1, " "1, " "1, " "1, " "1, " "1, " "1, " "1, " "1, " "1, " "1, " "1, " "1, " "1, " "1, " "1, " "1, " "1, " "1, " "1, " "1, " "1, " "1, " "1, " "1, " "1, " "1, " "1, " "1, " "1, " "1, " "1, " "1, " "1, " "1, " "1, " "1, " "1, " "1, " "1, " "1, " "1, " "1, " "1, " "1, " "1, " "1, " "1, " "1, " "1, " "1, " "1, " "1, " "1, " "1, " "1, " "1, " "1, " "1, " "1, " "1, " "1, " "1, " "1, " "1, " "1, " "1, " "1, " "1, " "1, " "1, " "1, " "0, " "1, " "1, " "1, " "1, " "1, " "1, " "1, " "1, " "1, " "1, " "1, " "1, " "1, " "1, " "1, " "1, " "1, " "1, " "1, " "1, " "1, " "1, " "1, " "1, " "1, " "1, " "1, " "1, " "1, " "1, " "1, " "1, " "1, " "1, " "1, " "1, " "1, " "1, " "1, " "1, " "1, " "1, " "1, " "1, " "1, " "1, " "1, " "1, " "1, " "1, " "1, " "1, " "1, " "1, " "1, " "1, " "1, " "1, " "1, " "1, " "1, " "1, " "1, " "1, " "1, " "1, " "1, " "1, " "1, " "1, " "1, " "1, " "1, " "1, " "1, " "1, " "1, " "1, " "1, " "1, " "1, " "1, " "1, " "1, " "1, " "1, " "1, " "1, " "1, " "1, " "1, " "1, " "1, " "1, " "1, " "1, " "1, " "1, " "1, " "1, " "1, " "1, " "1, " "1, " "1, " "1, " "1, " "1, " "1, " "1, " "1, " "1, " "1, " "1, " "1, " "1, " "1, " "1, " "1, " "1, " "1, " "1, " "1, " "1, " "1, " "1, " "1, " "1, " "1, " "1, " "1, " "1, " "1, " "1, " "1, " "1, " "1, " "1, " "1, " "1, " "1, " "1, " "1, " "1, "203
 "Nei113, 0.597, " "-0.003, " "1, " "1, " "1, " "1, " "1, " "1, " "1, " "1, " "1, " "1, " "1, " "1, " "1, " "1, " "1, " "1, " "1, " "1, " "1, " "1, " "1, " "1, " "1, " "1, " "1, " "1, " "1, " "1, " "1, " "1, " "1, " "1, " "1, " "1, " "1, " "1, " "1, " "1, " "1, " "1, " "1, " "1, " "1, " "1, " "1, " "1, " "1, " "1, " "1, " "1, " "1, " "1, " "1, " "1, " "1, " "1, " "1, " "1, " "1, " "1, " "1, " "1, " "1, " "1, " "1, " "1, " "1, " "1, " "1, " "1, " "1, " "1, " "1, " "1, " "1, " "1, " "1, " "1, " "1, " "1, " "1, " "1, " "1, " "1, " "1, " "1, " "1, " "1, " "1, " "1, " "1, " "1, " "1, " "1, " "1, " "1, " "1, " "1, " "1, " "1, " "1, " "1, " "1, " "1, " "1, " "1, " "1, " "1, " "1, " "1, " "1, " "1, " "1, " "0, " "1, " "1, " "1, " "1, " "1, " "1, " "1, " "1, " "1, " "1, " "1, " "1, " "1, " "1, " "1, " "1, " "1, " "1, " "1, " "1, " "1, " "1, " "1, " "1, " "1, " "1, " "1, " "1, " "1, " "1, " "1, " "1, " "1, " "1, " "1, " "1, " "1, " "1, " "1, " "1, " "1, " "1, " "1, " "1, " "1, " "1, " "1, " "1, " "1, " "1, " "1, " "1, " "1, " "1, " "1, " "1, " "1, " "1, " "1, " "1, " "1, " "1, " "1, " "1, " "1, " "1, " "1, " "1, " "1, " "1, " "1, " "1, " "1, " "1, " "1, " "1, " "1, " "1, " "1, " "1, " "1, " "1, " "1, " "1, " "1, " "1, " "1, " "1, " "1, " "1, " "1, " "1, " "1, " "1, " "1, " "1, " "1, " "1, " "1, " "1, " "1, " "1, " "1, " "1, " "1, " "1, " "1, " "1, " "1, " "1, " "1, " "1, " "1, " "1, " "1, " "1, " "1, " "1, " "1, " "1, " "1, " "1, " "1, " "1, " "1, " "1, " "1, " "1, " "1, " "1, " "1, " "1, " "1, " "1, " "1, " "1, " "1, " "1, " "1, " "1, " "1, " "1, " "1, "203
 "Nei114, 0.158, " "-0.003, " "1, " "1, " "1, " "1, " "1, " "1, " "1, " "1, " "1, " "1, " "1, " "1, " "1, " "1, " "1, " "1, " "1, " "1, " "1, " "1, " "1, " "1, " "1, " "1, " "1, " "1, " "1, " "1, " "1, " "1, " "1, " "1, " "1, " "1, " "1, " "1, " "1, " "1, " "1, " "1, " "1, " "1, " "1, " "1, " "1, " "1, " "1, " "1, " "1, " "1, " "1, " "1, " "1, " "1, " "1, " "1, " "1, " "1, " "1, " "1, " "1, " "1, " "1, " "1, " "1, " "1, " "1, " "1, " "1, " "1, " "1, " "1, " "1, " "1, " "1, " "1, " "1, " "1, " "1, " "1, " "1, " "1, " "1, " "1, " "1, " "1, " "1, " "1, " "1, " "1, " "1, " "1, " "1, " "1, " "1, " "1, " "1, " "1, " "1, " "1, " "1, " "1, " "1, " "1, " "1, " "1, " "1, " "1, " "1, " "1, " "1, " "1, " "1, " "1, " "0, " "1, " "1, " "1, " "1, " "1, " "1, " "1, " "1, " "1, " "1, " "1, " "1, " "1, " "1, " "1, " "1, " "1, " "1, " "1, " "1, " "1, " "1, " "1, " "1, " "1, " "1, " "1, " "1, " "1, " "1, " "1, " "1, " "1, " "1, " "1, " "1, " "1, " "1, " "1, " "1, " "1, " "1, " "1, " "1, " "1, " "1, " "1, " "1, " "1, " "1, " "1, " "1, " "1, " "1, " "1, " "1, " "1, " "1, " "1, " "1, " "1, " "1, " "1, " "1, " "1, " "1, " "1, " "1, " "1, " "1, " "1, " "1, " "1, " "1, " "1, " "1, " "1, " "1, " "1, " "1, " "1, " "1, " "1, " "1, " "1, " "1, " "1, " "1, " "1, " "1, " "1, " "1, " "1, " "1, " "1, " "1, " "1, " "1, " "1, " "1, " "1, " "1, " "1, " "1, " "1, " "1, " "1, " "1, " "1, " "1, " "1, " "1, " "1, " "1, " "1, " "1, " "1, " "1, " "1, " "1, " "1, " "1, " "1, " "1, " "1, " "1, " "1, " "1, " "1, " "1, " "1, " "1, " "1, " "1, " "1, " "1, " "1, " "1, " "1, " "1, " "1, " "1, "203
 "Nei115, 0.35, " "-0.003, " "1, " "1, " "1, " "1, " "1, " "1, " "1, " "1, " "1, " "1, " "1, " "1, " "1, " "1, " "1, " "1, " "1, " "1, " "1, " "1, " "1, " "1, " "1, " "1, " "1, " "1, " "1, " "1, " "1, " "1, " "1, " "1, " "1, " "1, " "1, " "1, " "1, " "1, " "1, " "1, " "1, " "1, " "1, " "1, " "1, " "1, " "1, " "1, " "1, " "1, " "1, " "1, " "1, " "1, " "1, " "1, " "1, " "1, " "1, " "1, " "1, " "1, " "1, " "1, " "1, " "1, " "1, " "1, " "1, " "1, " "1, " "1, " "1, " "1, " "1, " "1, " "1, " "1, " "1, " "1, " "1, " "1, " "1, " "1, " "1, " "1, " "1, " "1, " "1, " "1, " "1, " "1, " "1, " "1, " "1, " "1, " "1, " "1, " "1, " "1, " "1, " "1, " "1, " "1, " "1, " "1, " "1, " "1, " "1, " "1, " "1, " "1, " "1, " "1, " "1, " "0, " "1, " "1, " "1, " "1, " "1, " "1, " "1, " "1, " "1, " "1, " "1, " "1, " "1, " "1, " "1, " "1, " "1, " "1, " "1, " "1, " "1, " "1, " "1, " "1, " "1, " "1, " "1, " "1, " "1, " "1, " "1, " "1, " "1, " "1, " "1, " "1, " "1, " "1, " "1, " "1, " "1, " "1, " "1, " "1, " "1, " "1, " "1, " "1, " "1, " "1, " "1, " "1, " "1, " "1, " "1, " "1, " "1, " "1, " "1, " "1, " "1, " "1, " "1, " "1, " "1, " "1, " "1, " "1, " "1, " "1, " "1, " "1, " "1, " "1, " "1, " "1, " "1, " "1, " "1, " "1, " "1, " "1, " "1, " "1, " "1, " "1, " "1, " "1, " "1, " "1, " "1, " "1, " "1, " "1, " "1, " "1, " "1, " "1, " "1, " "1, " "1, " "1, " "1, " "1, " "1, " "1, " "1, " "1, " "1, " "1, " "1, " "1, " "1, " "1, " "1, " "1, " "1, " "1, " "1, " "1, " "1, " "1, " "1, " "1, " "1, " "1, " "1, " "1, " "1, " "1, " "1, " "1, " "1, " "1, " "1, " "1, " "1, " "1, " "1, " "1, " "1, "203
 "Nei116, 0.234, " "-0.003, " "1, " "1, " "1, " "1, " "1, " "1, " "1, " "1, " "1, " "1, " "1, " "1, " "1, " "1, " "1, " "1, " "1, " "1, " "1, " "1, " "1, " "1, " "1, " "1, " "1, " "1, " "1, " "1, " "1, " "1, " "1, " "1, " "1, " "1, " "1, " "1, " "1, " "1, " "1, " "1, " "1, " "1, " "1, " "1, " "1, " "1, " "1, " "1, " "1, " "1, " "1, " "1, " "1, " "1, " "1, " "1, " "1, " "1, " "1, " "1, " "1, " "1, " "1, " "1, " "1, " "1, " "1, " "1, " "1, " "1, " "1, " "1, " "1, " "1, " "1, " "1, " "1, " "1, " "1, " "1, " "1, " "1, " "1, " "1, " "1, " "1, " "1, " "1, " "1, " "1, " "1, " "1, " "1, " "1, " "1, " "1, " "1, " "1, " "1, " "1, " "1, " "1, " "1, " "1, " "1, " "1, " "1, " "1, " "1, " "1, " "1, " "1, " "1, " "1, " "1, " "1, " "0, " "1, " "1, " "1, " "1, " "1, " "1, " "1, " "1, " "1, " "1, " "1, " "1, " "1, " "1, " "1, " "1, " "1, " "1, " "1, " "1, " "1, " "1, " "1, " "1, " "1, " "1, " "1, " "1, " "1, " "1, " "1, " "1, " "1, " "1, " "1, " "1, " "1, " "1, " "1, " "1, " "1, " "1, " "1, " "1, " "1, " "1, " "1, " "1, " "1, " "1, " "1, " "1, " "1, " "1, " "1, " "1, " "1, " "1, " "1, " "1, " "1, " "1, " "1, " "1, " "1, " "1, " "1, " "1, " "1, " "1, " "1, " "1, " "1, " "1, " "1, " "1, " "1, " "1, " "1, " "1, " "1, " "1, " "1, " "1, " "1, " "1, " "1, " "1, " "1, " "1, " "1, " "1, " "1, " "1, " "1, " "1, " "1, " "1, " "1, " "1, " "1, " "1, " "1, " "1, " "1, " "1, " "1, " "1, " "1, " "1, " "1, " "1, " "1, " "1, " "1, " "1, " "1, " "1, " "1, " "1, " "1, " "1, " "1, " "1, " "1, " "1, " "1, " "1, " "1, " "1, " "1, " "1, " "1, " "1, " "1, " "1, " "1, " "1, " "1, " "1, "203
 "Nei117, 0.482, " "-0.003, " "1, " "1, " "1, " "1, " "1, " "1, " "1, " "1, " "1, " "1, " "1, " "1, " "1, " "1, " "1, " "1, " "1, " "1, " "1, " "1, " "1, " "1, " "1, " "1, " "1, " "1, " "1, " "1, " "1, " "1, " "1, " "1, " "1, " "1, " "1, " "1, " "1, " "1, " "1, " "1, " "1, " "1, " "1, " "1, " "1, " "1, " "1, " "1, " "1, " "1, " "1, " "1, " "1, " "1, " "1, " "1, " "1, " "1, " "1, " "1, " "1, " "1, " "1, " "1, " "1, " "1, " "1, " "1, " "1, " "1, " "1, " "1, " "1, " "1, " "1, " "1, " "1, " "1, " "1, " "1, " "1, " "1, " "1, " "1, " "1, " "1, " "1, " "1, " "1, " "1, " "1, " "1, " "1, " "1, " "1, " "1, " "1, " "1, " "1, " "1, " "1, " "1, " "1, " "1, " "1, " "1, " "1, " "1, " "1, " "1, " "1, " "1, " "1, " "1, " "1, " "1, " "1, " "0, " "1, " "1, " "1, " "1, " "1, " "1, " "1, " "1, " "1, " "1, " "1, " "1, " "1, " "1, " "1, " "1, " "1, " "1, " "1, " "1, " "1, " "1, " "1, " "1, " "1, " "1, " "1, " "1, " "1, " "1, " "1, " "1, " "1, " "1, " "1, " "1, " "1, " "1, " "1, " "1, " "1, " "1, " "1, " "1, " "1, " "1, " "1, " "1, " "1, " "1, " "1, " "1, " "1, " "1, " "1, " "1, " "1, " "1, " "1, " "1, " "1, " "1, " "1, " "1, " "1, " "1, " "1, " "1, " "1, " "1, " "1, " "1, " "1, " "1, " "1, " "1, " "1, " "1, " "1, " "1, " "1, " "1, " "1, " "1, " "1, " "1, " "1, " "1, " "1, " "1, " "1, " "1, " "1, " "1, " "1, " "1, " "1, " "1, " "1, " "1, " "1, " "1, " "1, " "1, " "1, " "1, " "1, " "1, " "1, " "1, " "1, " "1, " "1, " "1, " "1, " "1, " "1, " "1, " "1, " "1, " "1, " "1, " "1, " "1, " "1, " "1, " "1, " "1, " "1, " "1, " "1, " "1, " "1, " "1, " "1, " "1, " "1, " "1, " "1, "203
 "Nei118, 0.132, " "-0.003, " "1, " "1, " "1, " "1, " "1, " "1, " "1, " "1, " "1, " "1, " "1, " "1, " "1, " "1, " "1, " "1, " "1, " "1, " "1, " "1, " "1, " "1, " "1, " "1, " "1, " "1, " "1, " "1, " "1, " "1, " "1, " "1, " "1, " "1, " "1, " "1, " "1, " "1, " "1, " "1, " "1, " "1, " "1, " "1, " "1, " "1, " "1, " "1, " "1, " "1, " "1, " "1, " "1, " "1, " "1, " "1, " "1, " "1, " "1, " "1, " "1, " "1, " "1, " "1, " "1, " "1, " "1, " "1, " "1, " "1, " "1, " "1, " "1, " "1, " "1, " "1, " "1, " "1, " "1, " "1, " "1, " "1, " "1, " "1, " "1, " "1, " "1, " "1, " "1, " "1, " "1, " "1, " "1, " "1, " "1, " "1, " "1, " "1, " "1, " "1, " "1, " "1, " "1, " "1, " "1, " "1, " "1, " "1, " "1, " "1, " "1, " "1, " "1, " "1, " "1, " "1, " "1, " "1, " "0, " "1, " "1, " "1, " "1, " "1, " "1, " "1, " "1, " "1, " "1, " "1, " "1, " "1, " "1, " "1, " "1, " "1, " "1, " "1, " "1, " "1, " "1, " "1, " "1, " "1, " "1, " "1, " "1, " "1, " "1, " "1, " "1, " "1, " "1, " "1, " "1, " "1, " "1, " "1, " "1, " "1, " "1, " "1, " "1, " "1, " "1, " "1, " "1, " "1, " "1, " "1, " "1, " "1, " "1, " "1, " "1, " "1, " "1, " "1, " "1, " "1, " "1, " "1, " "1, " "1, " "1, " "1, " "1, " "1, " "1, " "1, " "1, " "1, " "1, " "1, " "1, " "1, " "1, " "1, " "1, " "1, " "1, " "1, " "1, " "1, " "1, " "1, " "1, " "1, " "1, " "1, " "1, " "1, " "1, " "1, " "1, " "1, " "1, " "1, " "1, " "1, " "1, " "1, " "1, " "1, " "1, " "1, " "1, " "1, " "1, " "1, " "1, " "1, " "1, " "1, " "1, " "1, " "1, " "1, " "1, " "1, " "1, " "1, " "1, " "1, " "1, " "1, " "1, " "1, " "1, " "1, " "1, " "1, " "1, " "1, " "1, " "1, " "1, "203
 "Nei119, 0.097, " "-0.003, " "1, " "1, " "1, " "1, " "1, " "1, " "1, " "1, " "1, " "1, " "1, " "1, " "1, " "1, " "1, " "1, " "1, " "1, " "1, " "1, " "1, " "1, " "1, " "1, " "1, " "1, " "1, " "1, " "1, " "1, " "1, " "1, " "1, " "1, " "1, " "1, " "1, " "1, " "1, " "1, " "1, " "1, " "1, " "1, " "1, " "1, " "1, " "1, " "1, " "1, " "1, " "1, " "1, " "1, " "1, " "1, " "1, " "1, " "1, " "1, " "1, " "1, " "1, " "1, " "1, " "1, " "1, " "1, " "1, " "1, " "1, " "1, " "1, " "1, " "1, " "1, " "1, " "1, " "1, " "1, " "1, " "1, " "1, " "1, " "1, " "1, " "1, " "1, " "1, " "1, " "1, " "1, " "1, " "1, " "1, " "1, " "1, " "1, " "1, " "1, " "1, " "1, " "1, " "1, " "1, " "1, " "1, " "1, " "1, " "1, " "1, " "1, " "1, " "1, " "1, " "1, " "1, " "1, " "1, " "0, " "1, " "1, " "1, " "1, " "1, " "1, " "1, " "1, " "1, " "1, " "1, " "1, " "1, " "1, " "1, " "1, " "1, " "1, " "1, " "1, " "1, " "1, " "1, " "1, " "1, " "1, " "1, " "1, " "1, " "1, " "1, " "1, " "1, " "1, " "1, " "1, " "1, " "1, " "1, " "1, " "1, " "1, " "1, " "1, " "1, " "1, " "1, " "1, " "1, " "1, " "1, " "1, " "1, " "1, " "1, " "1, " "1, " "1, " "1, " "1, " "1, " "1, " "1, " "1, " "1, " "1, " "1, " "1, " "1, " "1, " "1, " "1, " "1, " "1, " "1, " "1, " "1, " "1, " "1, " "1, " "1, " "1, " "1, " "1, " "1, " "1, " "1, " "1, " "1, " "1, " "1, " "1, " "1, " "1, " "1, " "1, " "1, " "1, " "1, " "1, " "1, " "1, " "1, " "1, " "1, " "1, " "1, " "1, " "1, " "1, " "1, " "1, " "1, " "1, " "1, " "1, " "1, " "1, " "1, " "1, " "1, " "1, " "1, " "1, " "1, " "1, " "1, " "1, " "1, " "1, " "1, " "1, " "1, " "1, " "1, " "1, " "1, "203
 "Nei120, 0.405, " "-0.003, " "1, " "1, " "1, " "1, " "1, " "1, " "1, " "1, " "1, " "1, " "1, " "1, " "1, " "1, " "1, " "1, " "1, " "1, " "1, " "1, " "1, " "1, " "1, " "1, " "1, " "1, " "1, " "1, " "1, " "1, " "1, " "1, " "1, " "1, " "1, " "1, " "1, " "1, " "1, " "1, " "1, " "1, " "1, " "1, " "1, " "1, " "1, " "1, " "1, " "1, " "1, " "1, " "1, " "1, " "1, " "1, " "1, " "1, " "1, " "1, " "1, " "1, " "1, " "1, " "1, " "1, " "1, " "1, " "1, " "1, " "1, " "1, " "1, " "1, " "1, " "1, " "1, " "1, " "1, " "1, " "1, " "1, " "1, " "1, " "1, " "1, " "1, " "1, " "1, " "1, " "1, " "1, " "1, " "1, " "1, " "1, " "1, " "1, " "1, " "1, " "1, " "1, " "1, " "1, " "1, " "1, " "1, " "1, " "1, " "1, " "1, " "1, " "1, " "1, " "1, " "1, " "1, " "1, " "1, " "1, " "0, " "1, " "1, " "1, " "1, " "1, " "1, " "1, " "1, " "1, " "1, " "1, " "1, " "1, " "1, " "1, " "1, " "1, " "1, " "1, " "1, " "1, " "1, " "1, " "1, " "1, " "1, " "1, " "1, " "1, " "1, " "1, " "1, " "1, " "1, " "1, " "1, " "1, " "1, " "1, " "1, " "1, " "1, " "1, " "1, " "1, " "1, " "1, " "1, " "1, " "1, " "1, " "1, " "1, " "1, " "1, " "1, " "1, " "1, " "1, " "1, " "1, " "1, " "1, " "1, " "1, " "1, " "1, " "1, " "1, " "1, " "1, " "1, " "1, " "1, " "1, " "1, " "1, " "1, " "1, " "1, " "1, " "1, " "1, " "1, " "1, " "1, " "1, " "1, " "1, " "1, " "1, " "1, " "1, " "1, " "1, " "1, " "1, " "1, " "1, " "1, " "1, " "1, " "1, " "1, " "1, " "1, " "1, " "1, " "1, " "1, " "1, " "1, " "1, " "1, " "1, " "1, " "1, " "1, " "1, " "1, " "1, " "1, " "1, " "1, " "1, " "1, " "1, " "1, " "1, " "1, " "1, " "1, " "1, " "1, " "1, " "1, "203
 "Nei121, 0.417, " "-0.003, " "1, " "1, " "1, " "1, " "1, " "1, " "1, " "1, " "1, " "1, " "1, " "1, " "1, " "1, " "1, " "1, " "1, " "1, " "1, " "1, " "1, " "1, " "1, " "1, " "1, " "1, " "1, " "1, " "1, " "1, " "1, " "1, " "1, " "1, " "1, " "1, " "1, " "1, " "1, " "1, " "1, " "1, " "1, " "1, " "1, " "1, " "1, " "1, " "1, " "1, " "1, " "1, " "1, " "1, " "1, " "1, " "1, " "1, " "1, " "1, " "1, " "1, " "1, " "1, " "1, " "1, " "1, " "1, " "1, " "1, " "1, " "1, " "1, " "1, " "1, " "1, " "1, " "1, " "1, " "1, " "1, " "1, " "1, " "1, " "1, " "1, " "1, " "1, " "1, " "1, " "1, " "1, " "1, " "1, " "1, " "1, " "1, " "1, " "1, " "1, " "1, " "1, " "1, " "1, " "1, " "1, " "1, " "1, " "1, " "1, " "1, " "1, " "1, " "1, " "1, " "1, " "1, " "1, " "1, " "1, " "1, " "0, " "1, " "1, " "1, " "1, " "1, " "1, " "1, " "1, " "1, " "1, " "1, " "1, " "1, " "1, " "1, " "1, " "1, " "1, " "1, " "1, " "1, " "1, " "1, " "1, " "1, " "1, " "1, " "1, " "1, " "1, " "1, " "1, " "1, " "1, " "1, " "1, " "1, " "1, " "1, " "1, " "1, " "1, " "1, " "1, " "1, " "1, " "1, " "1, " "1, " "1, " "1, " "1, " "1, " "1, " "1, " "1, " "1, " "1, " "1, " "1, " "1, " "1, " "1, " "1, " "1, " "1, " "1, " "1, " "1, " "1, " "1, " "1, " "1, " "1, " "1, " "1, " "1, " "1, " "1, " "1, " "1, " "1, " "1, " "1, " "1, " "1, " "1, " "1, " "1, " "1, " "1, " "1, " "1, " "1, " "1, " "1, " "1, " "1, " "1, " "1, " "1, " "1, " "1, " "1, " "1, " "1, " "1, " "1, " "1, " "1, " "1, " "1, " "1, " "1, " "1, " "1, " "1, " "1, " "1, " "1, " "1, " "1, " "1, " "1, " "1, " "1, " "1, " "1, " "1, " "1, " "1, " "1, " "1, " "1, " "1, "203
 "Nei122, 0.07, " "-0.003, " "1, " "1, " "1, " "1, " "1, " "1, " "1, " "1, " "1, " "1, " "1, " "1, " "1, " "1, " "1, " "1, " "1, " "1, " "1, " "1, " "1, " "1, " "1, " "1, " "1, " "1, " "1, " "1, " "1, " "1, " "1, " "1, " "1, " "1, " "1, " "1, " "1, " "1, " "1, " "1, " "1, " "1, " "1, " "1, " "1, " "1, " "1, " "1, " "1, " "1, " "1, " "1, " "1, " "1, " "1, " "1, " "1, " "1, " "1, " "1, " "1, " "1, " "1, " "1, " "1, " "1, " "1, " "1, " "1, " "1, " "1, " "1, " "1, " "1, " "1, " "1, " "1, " "1, " "1, " "1, " "1, " "1, " "1, " "1, " "1, " "1, " "1, " "1, " "1, " "1, " "1, " "1, " "1, " "1, " "1, " "1, " "1, " "1, " "1, " "1, " "1, " "1, " "1, " "1, " "1, " "1, " "1, " "1, " "1, " "1, " "1, " "1, " "1, " "1, " "1, " "1, " "1, " "1, " "1, " "1, " "1, " "1, " "0, " "1, " "1, " "1, " "1, " "1, " "1, " "1, " "1, " "1, " "1, " "1, " "1, " "1, " "1, " "1, " "1, " "1, " "1, " "1, " "1, " "1, " "1, " "1, " "1, " "1, " "1, " "1, " "1, " "1, " "1, " "1, " "1, " "1, " "1, " "1, " "1, " "1, " "1, " "1, " "1, " "1, " "1, " "1, " "1, " "1, " "1, " "1, " "1, " "1, " "1, " "1, " "1, " "1, " "1, " "1, " "1, " "1, " "1, " "1, " "1, " "1, " "1, " "1, " "1, " "1, " "1, " "1, " "1, " "1, " "1, " "1, " "1, " "1, " "1, " "1, " "1, " "1, " "1, " "1, " "1, " "1, " "1, " "1, " "1, " "1, " "1, " "1, " "1, " "1, " "1, " "1, " "1, " "1, " "1, " "1, " "1, " "1, " "1, " "1, " "1, " "1, " "1, " "1, " "1, " "1, " "1, " "1, " "1, " "1, " "1, " "1, " "1, " "1, " "1, " "1, " "1, " "1, " "1, " "1, " "1, " "1, " "1, " "1, " "1, " "1, " "1, " "1, " "1, " "1, " "1, " "1, " "1, " "1, " "1, "203
 "Nei123, 0.43, " "-0.003, " "1, " "1, " "1, " "1, " "1, " "1, " "1, " "1, " "1, " "1, " "1, " "1, " "1, " "1, " "1, " "1, " "1, " "1, " "1, " "1, " "1, " "1, " "1, " "1, " "1, " "1, " "1, " "1, " "1, " "1, " "1, " "1, " "1, " "1, " "1, " "1, " "1, " "1, " "1, " "1, " "1, " "1, " "1, " "1, " "1, " "1, " "1, " "1, " "1, " "1, " "1, " "1, " "1, " "1, " "1, " "1, " "1, " "1, " "1, " "1, " "1, " "1, " "1, " "1, " "1, " "1, " "1, " "1, " "1, " "1, " "1, " "1, " "1, " "1, " "1, " "1, " "1, " "1, " "1, " "1, " "1, " "1, " "1, " "1, " "1, " "1, " "1, " "1, " "1, " "1, " "1, " "1, " "1, " "1, " "1, " "1, " "1, " "1, " "1, " "1, " "1, " "1, " "1, " "1, " "1, " "1, " "1, " "1, " "1, " "1, " "1, " "1, " "1, " "1, " "1, " "1, " "1, " "1, " "1, " "1, " "1, " "1, " "1, " "0, " "1, " "1, " "1, " "1, " "1, " "1, " "1, " "1, " "1, " "1, " "1, " "1, " "1, " "1, " "1, " "1, " "1, " "1, " "1, " "1, " "1, " "1, " "1, " "1, " "1, " "1, " "1, " "1, " "1, " "1, " "1, " "1, " "1, " "1, " "1, " "1, " "1, " "1, " "1, " "1, " "1, " "1, " "1, " "1, " "1, " "1, " "1, " "1, " "1, " "1, " "1, " "1, " "1, " "1, " "1, " "1, " "1, " "1, " "1, " "1, " "1, " "1, " "1, " "1, " "1, " "1, " "1, " "1, " "1, " "1, " "1, " "1, " "1, " "1, " "1, " "1, " "1, " "1, " "1, " "1, " "1, " "1, " "1, " "1, " "1, " "1, " "1, " "1, " "1, " "1, " "1, " "1, " "1, " "1, " "1, " "1, " "1, " "1, " "1, " "1, " "1, " "1, " "1, " "1, " "1, " "1, " "1, " "1, " "1, " "1, " "1, " "1, " "1, " "1, " "1, " "1, " "1, " "1, " "1, " "1, " "1, " "1, " "1, " "1, " "1, " "1, " "1, " "1, " "1, " "1, " "1, " "1, " "1, "203
 "Nei124, 0.415, " "-0.003, " "1, " "1, " "1, " "1, " "1, " "1, " "1, " "1, " "1, " "1, " "1, " "1, " "1, " "1, " "1, " "1, " "1, " "1, " "1, " "1, " "1, " "1, " "1, " "1, " "1, " "1, " "1, " "1, " "1, " "1, " "1, " "1, " "1, " "1, " "1, " "1, " "1, " "1, " "1, " "1, " "1, " "1, " "1, " "1, " "1, " "1, " "1, " "1, " "1, " "1, " "1, " "1, " "1, " "1, " "1, " "1, " "1, " "1, " "1, " "1, " "1, " "1, " "1, " "1, " "1, " "1, " "1, " "1, " "1, " "1, " "1, " "1, " "1, " "1, " "1, " "1, " "1, " "1, " "1, " "1, " "1, " "1, " "1, " "1, " "1, " "1, " "1, " "1, " "1, " "1, " "1, " "1, " "1, " "1, " "1, " "1, " "1, " "1, " "1, " "1, " "1, " "1, " "1, " "1, " "1, " "1, " "1, " "1, " "1, " "1, " "1, " "1, " "1, " "1, " "1, " "1, " "1, " "1, " "1, " "1, " "1, " "1, " "1, " "1, " "0, " "1, " "1, " "1, " "1, " "1, " "1, " "1, " "1, " "1, " "1, " "1, " "1, " "1, " "1, " "1, " "1, " "1, " "1, " "1, " "1, " "1, " "1, " "1, " "1, " "1, " "1, " "1, " "1, " "1, " "1, " "1, " "1, " "1, " "1, " "1, " "1, " "1, " "1, " "1, " "1, " "1, " "1, " "1, " "1, " "1, " "1, " "1, " "1, " "1, " "1, " "1, " "1, " "1, " "1, " "1, " "1, " "1, " "1, " "1, " "1, " "1, " "1, " "1, " "1, " "1, " "1, " "1, " "1, " "1, " "1, " "1, " "1, " "1, " "1, " "1, " "1, " "1, " "1, " "1, " "1, " "1, " "1, " "1, " "1, " "1, " "1, " "1, " "1, " "1, " "1, " "1, " "1, " "1, " "1, " "1, " "1, " "1, " "1, " "1, " "1, " "1, " "1, " "1, " "1, " "1, " "1, " "1, " "1, " "1, " "1, " "1, " "1, " "1, " "1, " "1, " "1, " "1, " "1, " "1, " "1, " "1, " "1, " "1, " "1, " "1, " "1, " "1, " "1, " "1, " "1, " "1, " "1, "203
 "Nei125, 0.259, " "-0.003, " "1, " "1, " "1, " "1, " "1, " "1, " "1, " "1, " "1, " "1, " "1, " "1, " "1, " "1, " "1, " "1, " "1, " "1, " "1, " "1, " "1, " "1, " "1, " "1, " "1, " "1, " "1, " "1, " "1, " "1, " "1, " "1, " "1, " "1, " "1, " "1, " "1, " "1, " "1, " "1, " "1, " "1, " "1, " "1, " "1, " "1, " "1, " "1, " "1, " "1, " "1, " "1, " "1, " "1, " "1, " "1, " "1, " "1, " "1, " "1, " "1, " "1, " "1, " "1, " "1, " "1, " "1, " "1, " "1, " "1, " "1, " "1, " "1, " "1, " "1, " "1, " "1, " "1, " "1, " "1, " "1, " "1, " "1, " "1, " "1, " "1, " "1, " "1, " "1, " "1, " "1, " "1, " "1, " "1, " "1, " "1, " "1, " "1, " "1, " "1, " "1, " "1, " "1, " "1, " "1, " "1, " "1, " "1, " "1, " "1, " "1, " "1, " "1, " "1, " "1, " "1, " "1, " "1, " "1, " "1, " "1, " "1, " "1, " "1, " "1, " "0, " "1, " "1, " "1, " "1, " "1, " "1, " "1, " "1, " "1, " "1, " "1, " "1, " "1, " "1, " "1, " "1, " "1, " "1, " "1, " "1, " "1, " "1, " "1, " "1, " "1, " "1, " "1, " "1, " "1, " "1, " "1, " "1, " "1, " "1, " "1, " "1, " "1, " "1, " "1, " "1, " "1, " "1, " "1, " "1, " "1, " "1, " "1, " "1, " "1, " "1, " "1, " "1, " "1, " "1, " "1, " "1, " "1, " "1, " "1, " "1, " "1, " "1, " "1, " "1, " "1, " "1, " "1, " "1, " "1, " "1, " "1, " "1, " "1, " "1, " "1, " "1, " "1, " "1, " "1, " "1, " "1, " "1, " "1, " "1, " "1, " "1, " "1, " "1, " "1, " "1, " "1, " "1, " "1, " "1, " "1, " "1, " "1, " "1, " "1, " "1, " "1, " "1, " "1, " "1, " "1, " "1, " "1, " "1, " "1, " "1, " "1, " "1, " "1, " "1, " "1, " "1, " "1, " "1, " "1, " "1, " "1, " "1, " "1, " "1, " "1, " "1, " "1, " "1, " "1, " "1, " "1, "203
 "Nei126, 0.264, " "-0.003, " "1, " "1, " "1, " "1, " "1, " "1, " "1, " "1, " "1, " "1, " "1, " "1, " "1, " "1, " "1, " "1, " "1, " "1, " "1, " "1, " "1, " "1, " "1, " "1, " "1, " "1, " "1, " "1, " "1, " "1, " "1, " "1, " "1, " "1, " "1, " "1, " "1, " "1, " "1, " "1, " "1, " "1, " "1, " "1, " "1, " "1, " "1, " "1, " "1, " "1, " "1, " "1, " "1, " "1, " "1, " "1, " "1, " "1, " "1, " "1, " "1, " "1, " "1, " "1, " "1, " "1, " "1, " "1, " "1, " "1, " "1, " "1, " "1, " "1, " "1, " "1, " "1, " "1, " "1, " "1, " "1, " "1, " "1, " "1, " "1, " "1, " "1, " "1, " "1, " "1, " "1, " "1, " "1, " "1, " "1, " "1, " "1, " "1, " "1, " "1, " "1, " "1, " "1, " "1, " "1, " "1, " "1, " "1, " "1, " "1, " "1, " "1, " "1, " "1, " "1, " "1, " "1, " "1, " "1, " "1, " "1, " "1, " "1, " "1, " "1, " "1, " "0, " "1, " "1, " "1, " "1, " "1, " "1, " "1, " "1, " "1, " "1, " "1, " "1, " "1, " "1, " "1, " "1, " "1, " "1, " "1, " "1, " "1, " "1, " "1, " "1, " "1, " "1, " "1, " "1, " "1, " "1, " "1, " "1, " "1, " "1, " "1, " "1, " "1, " "1, " "1, " "1, " "1, " "1, " "1, " "1, " "1, " "1, " "1, " "1, " "1, " "1, " "1, " "1, " "1, " "1, " "1, " "1, " "1, " "1, " "1, " "1, " "1, " "1, " "1, " "1, " "1, " "1, " "1, " "1, " "1, " "1, " "1, " "1, " "1, " "1, " "1, " "1, " "1, " "1, " "1, " "1, " "1, " "1, " "1, " "1, " "1, " "1, " "1, " "1, " "1, " "1, " "1, " "1, " "1, " "1, " "1, " "1, " "1, " "1, " "1, " "1, " "1, " "1, " "1, " "1, " "1, " "1, " "1, " "1, " "1, " "1, " "1, " "1, " "1, " "1, " "1, " "1, " "1, " "1, " "1, " "1, " "1, " "1, " "1, " "1, " "1, " "1, " "1, " "1, " "1, " "1, "203
 "Nei127, 0.05, " "-0.003, " "1, " "1, " "1, " "1, " "1, " "1, " "1, " "1, " "1, " "1, " "1, " "1, " "1, " "1, " "1, " "1, " "1, " "1, " "1, " "1, " "1, " "1, " "1, " "1, " "1, " "1, " "1, " "1, " "1, " "1, " "1, " "1, " "1, " "1, " "1, " "1, " "1, " "1, " "1, " "1, " "1, " "1, " "1, " "1, " "1, " "1, " "1, " "1, " "1, " "1, " "1, " "1, " "1, " "1, " "1, " "1, " "1, " "1, " "1, " "1, " "1, " "1, " "1, " "1, " "1, " "1, " "1, " "1, " "1, " "1, " "1, " "1, " "1, " "1, " "1, " "1, " "1, " "1, " "1, " "1, " "1, " "1, " "1, " "1, " "1, " "1, " "1, " "1, " "1, " "1, " "1, " "1, " "1, " "1, " "1, " "1, " "1, " "1, " "1, " "1, " "1, " "1, " "1, " "1, " "1, " "1, " "1, " "1, " "1, " "1, " "1, " "1, " "1, " "1, " "1, " "1, " "1, " "1, " "1, " "1, " "1, " "1, " "1, " "1, " "1, " "1, " "1, " "0, " "1, " "1, " "1, " "1, " "1, " "1, " "1, " "1, " "1, " "1, " "1, " "1, " "1, " "1, " "1, " "1, " "1, " "1, " "1, " "1, " "1, " "1, " "1, " "1, " "1, " "1, " "1, " "1, " "1, " "1, " "1, " "1, " "1, " "1, " "1, " "1, " "1, " "1, " "1, " "1, " "1, " "1, " "1, " "1, " "1, " "1, " "1, " "1, " "1, " "1, " "1, " "1, " "1, " "1, " "1, " "1, " "1, " "1, " "1, " "1, " "1, " "1, " "1, " "1, " "1, " "1, " "1, " "1, " "1, " "1, " "1, " "1, " "1, " "1, " "1, " "1, " "1, " "1, " "1, " "1, " "1, " "1, " "1, " "1, " "1, " "1, " "1, " "1, " "1, " "1, " "1, " "1, " "1, " "1, " "1, " "1, " "1, " "1, " "1, " "1, " "1, " "1, " "1, " "1, " "1, " "1, " "1, " "1, " "1, " "1, " "1, " "1, " "1, " "1, " "1, " "1, " "1, " "1, " "1, " "1, " "1, " "1, " "1, " "1, " "1, " "1, " "1, " "1, " "1, "203
 "Nei128, 0.534, " "-0.003, " "1, " "1, " "1, " "1, " "1, " "1, " "1, " "1, " "1, " "1, " "1, " "1, " "1, " "1, " "1, " "1, " "1, " "1, " "1, " "1, " "1, " "1, " "1, " "1, " "1, " "1, " "1, " "1, " "1, " "1, " "1, " "1, " "1, " "1, " "1, " "1, " "1, " "1, " "1, " "1, " "1, " "1, " "1, " "1, " "1, " "1, " "1, " "1, " "1, " "1, " "1, " "1, " "1, " "1, " "1, " "1, " "1, " "1, " "1, " "1, " "1, " "1, " "1, " "1, " "1, " "1, " "1, " "1, " "1, " "1, " "1, " "1, " "1, " "1, " "1, " "1, " "1, " "1, " "1, " "1, " "1, " "1, " "1, " "1, " "1, " "1, " "1, " "1, " "1, " "1, " "1, " "1, " "1, " "1, " "1, " "1, " "1, " "1, " "1, " "1, " "1, " "1, " "1, " "1, " "1, " "1, " "1, " "1, " "1, " "1, " "1, " "1, " "1, " "1, " "1, " "1, " "1, " "1, " "1, " "1, " "1, " "1, " "1, " "1, " "1, " "1, " "1, " "1, " "0, " "1, " "1, " "1, " "1, " "1, " "1, " "1, " "1, " "1, " "1, " "1, " "1, " "1, " "1, " "1, " "1, " "1, " "1, " "1, " "1, " "1, " "1, " "1, " "1, " "1, " "1, " "1, " "1, " "1, " "1, " "1, " "1, " "1, " "1, " "1, " "1, " "1, " "1, " "1, " "1, " "1, " "1, " "1, " "1, " "1, " "1, " "1, " "1, " "1, " "1, " "1, " "1, " "1, " "1, " "1, " "1, " "1, " "1, " "1, " "1, " "1, " "1, " "1, " "1, " "1, " "1, " "1, " "1, " "1, " "1, " "1, " "1, " "1, " "1, " "1, " "1, " "1, " "1, " "1, " "1, " "1, " "1, " "1, " "1, " "1, " "1, " "1, " "1, " "1, " "1, " "1, " "1, " "1, " "1, " "1, " "1, " "1, " "1, " "1, " "1, " "1, " "1, " "1, " "1, " "1, " "1, " "1, " "1, " "1, " "1, " "1, " "1, " "1, " "1, " "1, " "1, " "1, " "1, " "1, " "1, " "1, " "1, " "1, " "1, " "1, " "1, " "1, " "1, "203
 "Nei129, 0.347, " "-0.003, " "1, " "1, " "1, " "1, " "1, " "1, " "1, " "1, " "1, " "1, " "1, " "1, " "1, " "1, " "1, " "1, " "1, " "1, " "1, " "1, " "1, " "1, " "1, " "1, " "1, " "1, " "1, " "1, " "1, " "1, " "1, " "1, " "1, " "1, " "1, " "1, " "1, " "1, " "1, " "1, " "1, " "1, " "1, " "1, " "1, " "1, " "1, " "1, " "1, " "1, " "1, " "1, " "1, " "1, " "1, " "1, " "1, " "1, " "1, " "1, " "1, " "1, " "1, " "1, " "1, " "1, " "1, " "1, " "1, " "1, " "1, " "1, " "1, " "1, " "1, " "1, " "1, " "1, " "1, " "1, " "1, " "1, " "1, " "1, " "1, " "1, " "1, " "1, " "1, " "1, " "1, " "1, " "1, " "1, " "1, " "1, " "1, " "1, " "1, " "1, " "1, " "1, " "1, " "1, " "1, " "1, " "1, " "1, " "1, " "1, " "1, " "1, " "1, " "1, " "1, " "1, " "1, " "1, " "1, " "1, " "1, " "1, " "1, " "1, " "1, " "1, " "1, " "1, " "1, " "0, " "1, " "1, " "1, " "1, " "1, " "1, " "1, " "1, " "1, " "1, " "1, " "1, " "1, " "1, " "1, " "1, " "1, " "1, " "1, " "1, " "1, " "1, " "1, " "1, " "1, " "1, " "1, " "1, " "1, " "1, " "1, " "1, " "1, " "1, " "1, " "1, " "1, " "1, " "1, " "1, " "1, " "1, " "1, " "1, " "1, " "1, " "1, " "1, " "1, " "1, " "1, " "1, " "1, " "1, " "1, " "1, " "1, " "1, " "1, " "1, " "1, " "1, " "1, " "1, " "1, " "1, " "1, " "1, " "1, " "1, " "1, " "1, " "1, " "1, " "1, " "1, " "1, " "1, " "1, " "1, " "1, " "1, " "1, " "1, " "1, " "1, " "1, " "1, " "1, " "1, " "1, " "1, " "1, " "1, " "1, " "1, " "1, " "1, " "1, " "1, " "1, " "1, " "1, " "1, " "1, " "1, " "1, " "1, " "1, " "1, " "1, " "1, " "1, " "1, " "1, " "1, " "1, " "1, " "1, " "1, " "1, " "1, " "1, " "1, " "1, " "1, " "1, "203
 "Nei130, 0.548, " "-0.003, " "1, " "1, " "1, " "1, " "1, " "1, " "1, " "1, " "1, " "1, " "1, " "1, " "1, " "1, " "1, " "1, " "1, " "1, " "1, " "1, " "1, " "1, " "1, " "1, " "1, " "1, " "1, " "1, " "1, " "1, " "1, " "1, " "1, " "1, " "1, " "1, " "1, " "1, " "1, " "1, " "1, " "1, " "1, " "1, " "1, " "1, " "1, " "1, " "1, " "1, " "1, " "1, " "1, " "1, " "1, " "1, " "1, " "1, " "1, " "1, " "1, " "1, " "1, " "1, " "1, " "1, " "1, " "1, " "1, " "1, " "1, " "1, " "1, " "1, " "1, " "1, " "1, " "1, " "1, " "1, " "1, " "1, " "1, " "1, " "1, " "1, " "1, " "1, " "1, " "1, " "1, " "1, " "1, " "1, " "1, " "1, " "1, " "1, " "1, " "1, " "1, " "1, " "1, " "1, " "1, " "1, " "1, " "1, " "1, " "1, " "1, " "1, " "1, " "1, " "1, " "1, " "1, " "1, " "1, " "1, " "1, " "1, " "1, " "1, " "1, " "1, " "1, " "1, " "1, " "1, " "0, " "1, " "1, " "1, " "1, " "1, " "1, " "1, " "1, " "1, " "1, " "1, " "1, " "1, " "1, " "1, " "1, " "1, " "1, " "1, " "1, " "1, " "1, " "1, " "1, " "1, " "1, " "1, " "1, " "1, " "1, " "1, " "1, " "1, " "1, " "1, " "1, " "1, " "1, " "1, " "1, " "1, " "1, " "1, " "1, " "1, " "1, " "1, " "1, " "1, " "1, " "1, " "1, " "1, " "1, " "1, " "1, " "1, " "1, " "1, " "1, " "1, " "1, " "1, " "1, " "1, " "1, " "1, " "1, " "1, " "1, " "1, " "1, " "1, " "1, " "1, " "1, " "1, " "1, " "1, " "1, " "1, " "1, " "1, " "1, " "1, " "1, " "1, " "1, " "1, " "1, " "1, " "1, " "1, " "1, " "1, " "1, " "1, " "1, " "1, " "1, " "1, " "1, " "1, " "1, " "1, " "1, " "1, " "1, " "1, " "1, " "1, " "1, " "1, " "1, " "1, " "1, " "1, " "1, " "1, " "1, " "1, " "1, " "1, " "1, " "1, " "1, "203
 "Nei131, 0.229, " "-0.003, " "1, " "1, " "1, " "1, " "1, " "1, " "1, " "1, " "1, " "1, " "1, " "1, " "1, " "1, " "1, " "1, " "1, " "1, " "1, " "1, " "1, " "1, " "1, " "1, " "1, " "1, " "1, " "1, " "1, " "1, " "1, " "1, " "1, " "1, " "1, " "1, " "1, " "1, " "1, " "1, " "1, " "1, " "1, " "1, " "1, " "1, " "1, " "1, " "1, " "1, " "1, " "1, " "1, " "1, " "1, " "1, " "1, " "1, " "1, " "1, " "1, " "1, " "1, " "1, " "1, " "1, " "1, " "1, " "1, " "1, " "1, " "1, " "1, " "1, " "1, " "1, " "1, " "1, " "1, " "1, " "1, " "1, " "1, " "1, " "1, " "1, " "1, " "1, " "1, " "1, " "1, " "1, " "1, " "1, " "1, " "1, " "1, " "1, " "1, " "1, " "1, " "1, " "1, " "1, " "1, " "1, " "1, " "1, " "1, " "1, " "1, " "1, " "1, " "1, " "1, " "1, " "1, " "1, " "1, " "1, " "1, " "1, " "1, " "1, " "1, " "1, " "1, " "1, " "1, " "1, " "1, " "0, " "1, " "1, " "1, " "1, " "1, " "1, " "1, " "1, " "1, " "1, " "1, " "1, " "1, " "1, " "1, " "1, " "1, " "1, " "1, " "1, " "1, " "1, " "1, " "1, " "1, " "1, " "1, " "1, " "1, " "1, " "1, " "1, " "1, " "1, " "1, " "1, " "1, " "1, " "1, " "1, " "1, " "1, " "1, " "1, " "1, " "1, " "1, " "1, " "1, " "1, " "1, " "1, " "1, " "1, " "1, " "1, " "1, " "1, " "1, " "1, " "1, " "1, " "1, " "1, " "1, " "1, " "1, " "1, " "1, " "1, " "1, " "1, " "1, " "1, " "1, " "1, " "1, " "1, " "1, " "1, " "1, " "1, " "1, " "1, " "1, " "1, " "1, " "1, " "1, " "1, " "1, " "1, " "1, " "1, " "1, " "1, " "1, " "1, " "1, " "1, " "1, " "1, " "1, " "1, " "1, " "1, " "1, " "1, " "1, " "1, " "1, " "1, " "1, " "1, " "1, " "1, " "1, " "1, " "1, " "1, " "1, " "1, " "1, " "1, " "1, "203
 "Nei132, 0.553, " "-0.003, " "1, " "1, " "1, " "1, " "1, " "1, " "1, " "1, " "1, " "1, " "1, " "1, " "1, " "1, " "1, " "1, " "1, " "1, " "1, " "1, " "1, " "1, " "1, " "1, " "1, " "1, " "1, " "1, " "1, " "1, " "1, " "1, " "1, " "1, " "1, " "1, " "1, " "1, " "1, " "1, " "1, " "1, " "1, " "1, " "1, " "1, " "1, " "1, " "1, " "1, " "1, " "1, " "1, " "1, " "1, " "1, " "1, " "1, " "1, " "1, " "1, " "1, " "1, " "1, " "1, " "1, " "1, " "1, " "1, " "1, " "1, " "1, " "1, " "1, " "1, " "1, " "1, " "1, " "1, " "1, " "1, " "1, " "1, " "1, " "1, " "1, " "1, " "1, " "1, " "1, " "1, " "1, " "1, " "1, " "1, " "1, " "1, " "1, " "1, " "1, " "1, " "1, " "1, " "1, " "1, " "1, " "1, " "1, " "1, " "1, " "1, " "1, " "1, " "1, " "1, " "1, " "1, " "1, " "1, " "1, " "1, " "1, " "1, " "1, " "1, " "1, " "1, " "1, " "1, " "1, " "1, " "1, " "0, " "1, " "1, " "1, " "1, " "1, " "1, " "1, " "1, " "1, " "1, " "1, " "1, " "1, " "1, " "1, " "1, " "1, " "1, " "1, " "1, " "1, " "1, " "1, " "1, " "1, " "1, " "1, " "1, " "1, " "1, " "1, " "1, " "1, " "1, " "1, " "1, " "1, " "1, " "1, " "1, " "1, " "1, " "1, " "1, " "1, " "1, " "1, " "1, " "1, " "1, " "1, " "1, " "1, " "1, " "1, " "1, " "1, " "1, " "1, " "1, " "1, " "1, " "1, " "1, " "1, " "1, " "1, " "1, " "1, " "1, " "1, " "1, " "1, " "1, " "1, " "1, " "1, " "1, " "1, " "1, " "1, " "1, " "1, " "1, " "1, " "1, " "1, " "1, " "1, " "1, " "1, " "1, " "1, " "1, " "1, " "1, " "1, " "1, " "1, " "1, " "1, " "1, " "1, " "1, " "1, " "1, " "1, " "1, " "1, " "1, " "1, " "1, " "1, " "1, " "1, " "1, " "1, " "1, " "1, " "1, " "1, " "1, " "1, " "1, "203
 "Nei133, 0.48, " "-0.003, " "1, " "1, " "1, " "1, " "1, " "1, " "1, " "1, " "1, " "1, " "1, " "1, " "1, " "1, " "1, " "1, " "1, " "1, " "1, " "1, " "1, " "1, " "1, " "1, " "1, " "1, " "1, " "1, " "1, " "1, " "1, " "1, " "1, " "1, " "1, " "1, " "1, " "1, " "1, " "1, " "1, " "1, " "1, " "1, " "1, " "1, " "1, " "1, " "1, " "1, " "1, " "1, " "1, " "1, " "1, " "1, " "1, " "1, " "1, " "1, " "1, " "1, " "1, " "1, " "1, " "1, " "1, " "1, " "1, " "1, " "1, " "1, " "1, " "1, " "1, " "1, " "1, " "1, " "1, " "1, " "1, " "1, " "1, " "1, " "1, " "1, " "1, " "1, " "1, " "1, " "1, " "1, " "1, " "1, " "1, " "1, " "1, " "1, " "1, " "1, " "1, " "1, " "1, " "1, " "1, " "1, " "1, " "1, " "1, " "1, " "1, " "1, " "1, " "1, " "1, " "1, " "1, " "1, " "1, " "1, " "1, " "1, " "1, " "1, " "1, " "1, " "1, " "1, " "1, " "1, " "1, " "1, " "1, " "0, " "1, " "1, " "1, " "1, " "1, " "1, " "1, " "1, " "1, " "1, " "1, " "1, " "1, " "1, " "1, " "1, " "1, " "1, " "1, " "1, " "1, " "1, " "1, " "1, " "1, " "1, " "1, " "1, " "1, " "1, " "1, " "1, " "1, " "1, " "1, " "1, " "1, " "1, " "1, " "1, " "1, " "1, " "1, " "1, " "1, " "1, " "1, " "1, " "1, " "1, " "1, " "1, " "1, " "1, " "1, " "1, " "1, " "1, " "1, " "1, " "1, " "1, " "1, " "1, " "1, " "1, " "1, " "1, " "1, " "1, " "1, " "1, " "1, " "1, " "1, " "1, " "1, " "1, " "1, " "1, " "1, " "1, " "1, " "1, " "1, " "1, " "1, " "1, " "1, " "1, " "1, " "1, " "1, " "1, " "1, " "1, " "1, " "1, " "1, " "1, " "1, " "1, " "1, " "1, " "1, " "1, " "1, " "1, " "1, " "1, " "1, " "1, " "1, " "1, " "1, " "1, " "1, " "1, " "1, " "1, " "1, " "1, " "1, "203
 "Nei134, 0.011, " "-0.003, " "1, " "1, " "1, " "1, " "1, " "1, " "1, " "1, " "1, " "1, " "1, " "1, " "1, " "1, " "1, " "1, " "1, " "1, " "1, " "1, " "1, " "1, " "1, " "1, " "1, " "1, " "1, " "1, " "1, " "1, " "1, " "1, " "1, " "1, " "1, " "1, " "1, " "1, " "1, " "1, " "1, " "1, " "1, " "1, " "1, " "1, " "1, " "1, " "1, " "1, " "1, " "1, " "1, " "1, " "1, " "1, " "1, " "1, " "1, " "1, " "1, " "1, " "1, " "1, " "1, " "1, " "1, " "1, " "1, " "1, " "1, " "1, " "1, " "1, " "1, " "1, " "1, " "1, " "1, " "1, " "1, " "1, " "1, " "1, " "1, " "1, " "1, " "1, " "1, " "1, " "1, " "1, " "1, " "1, " "1, " "1, " "1, " "1, " "1, " "1, " "1, " "1, " "1, " "1, " "1, " "1, " "1, " "1, " "1, " "1, " "1, " "1, " "1, " "1, " "1, " "1, " "1, " "1, " "1, " "1, " "1, " "1, " "1, " "1, " "1, " "1, " "1, " "1, " "1, " "1, " "1, " "1, " "1, " "1, " "0, " "1, " "1, " "1, " "1, " "1, " "1, " "1, " "1, " "1, " "1, " "1, " "1, " "1, " "1, " "1, " "1, " "1, " "1, " "1, " "1, " "1, " "1, " "1, " "1, " "1, " "1, " "1, " "1, " "1, " "1, " "1, " "1, " "1, " "1, " "1, " "1, " "1, " "1, " "1, " "1, " "1, " "1, " "1, " "1, " "1, " "1, " "1, " "1, " "1, " "1, " "1, " "1, " "1, " "1, " "1, " "1, " "1, " "1, " "1, " "1, " "1, " "1, " "1, " "1, " "1, " "1, " "1, " "1, " "1, " "1, " "1, " "1, " "1, " "1, " "1, " "1, " "1, " "1, " "1, " "1, " "1, " "1, " "1, " "1, " "1, " "1, " "1, " "1, " "1, " "1, " "1, " "1, " "1, " "1, " "1, " "1, " "1, " "1, " "1, " "1, " "1, " "1, " "1, " "1, " "1, " "1, " "1, " "1, " "1, " "1, " "1, " "1, " "1, " "1, " "1, " "1, " "1, " "1, " "1, " "1, " "1, " "1, "203
 "Nei135, 0.191, " "-0.003, " "1, " "1, " "1, " "1, " "1, " "1, " "1, " "1, " "1, " "1, " "1, " "1, " "1, " "1, " "1, " "1, " "1, " "1, " "1, " "1, " "1, " "1, " "1, " "1, " "1, " "1, " "1, " "1, " "1, " "1, " "1, " "1, " "1, " "1, " "1, " "1, " "1, " "1, " "1, " "1, " "1, " "1, " "1, " "1, " "1, " "1, " "1, " "1, " "1, " "1, " "1, " "1, " "1, " "1, " "1, " "1, " "1, " "1, " "1, " "1, " "1, " "1, " "1, " "1, " "1, " "1, " "1, " "1, " "1, " "1, " "1, " "1, " "1, " "1, " "1, " "1, " "1, " "1, " "1, " "1, " "1, " "1, " "1, " "1, " "1, " "1, " "1, " "1, " "1, " "1, " "1, " "1, " "1, " "1, " "1, " "1, " "1, " "1, " "1, " "1, " "1, " "1, " "1, " "1, " "1, " "1, " "1, " "1, " "1, " "1, " "1, " "1, " "1, " "1, " "1, " "1, " "1, " "1, " "1, " "1, " "1, " "1, " "1, " "1, " "1, " "1, " "1, " "1, " "1, " "1, " "1, " "1, " "1, " "1, " "1, " "0, " "1, " "1, " "1, " "1, " "1, " "1, " "1, " "1, " "1, " "1, " "1, " "1, " "1, " "1, " "1, " "1, " "1, " "1, " "1, " "1, " "1, " "1, " "1, " "1, " "1, " "1, " "1, " "1, " "1, " "1, " "1, " "1, " "1, " "1, " "1, " "1, " "1, " "1, " "1, " "1, " "1, " "1, " "1, " "1, " "1, " "1, " "1, " "1, " "1, " "1, " "1, " "1, " "1, " "1, " "1, " "1, " "1, " "1, " "1, " "1, " "1, " "1, " "1, " "1, " "1, " "1, " "1, " "1, " "1, " "1, " "1, " "1, " "1, " "1, " "1, " "1, " "1, " "1, " "1, " "1, " "1, " "1, " "1, " "1, " "1, " "1, " "1, " "1, " "1, " "1, " "1, " "1, " "1, " "1, " "1, " "1, " "1, " "1, " "1, " "1, " "1, " "1, " "1, " "1, " "1, " "1, " "1, " "1, " "1, " "1, " "1, " "1, " "1, " "1, " "1, " "1, " "1, " "1, " "1, " "1, " "1, "203
 "Nei136, 0.169, " "-0.003, " "1, " "1, " "1, " "1, " "1, " "1, " "1, " "1, " "1, " "1, " "1, " "1, " "1, " "1, " "1, " "1, " "1, " "1, " "1, " "1, " "1, " "1, " "1, " "1, " "1, " "1, " "1, " "1, " "1, " "1, " "1, " "1, " "1, " "1, " "1, " "1, " "1, " "1, " "1, " "1, " "1, " "1, " "1, " "1, " "1, " "1, " "1, " "1, " "1, " "1, " "1, " "1, " "1, " "1, " "1, " "1, " "1, " "1, " "1, " "1, " "1, " "1, " "1, " "1, " "1, " "1, " "1, " "1, " "1, " "1, " "1, " "1, " "1, " "1, " "1, " "1, " "1, " "1, " "1, " "1, " "1, " "1, " "1, " "1, " "1, " "1, " "1, " "1, " "1, " "1, " "1, " "1, " "1, " "1, " "1, " "1, " "1, " "1, " "1, " "1, " "1, " "1, " "1, " "1, " "1, " "1, " "1, " "1, " "1, " "1, " "1, " "1, " "1, " "1, " "1, " "1, " "1, " "1, " "1, " "1, " "1, " "1, " "1, " "1, " "1, " "1, " "1, " "1, " "1, " "1, " "1, " "1, " "1, " "1, " "1, " "1, " "0, " "1, " "1, " "1, " "1, " "1, " "1, " "1, " "1, " "1, " "1, " "1, " "1, " "1, " "1, " "1, " "1, " "1, " "1, " "1, " "1, " "1, " "1, " "1, " "1, " "1, " "1, " "1, " "1, " "1, " "1, " "1, " "1, " "1, " "1, " "1, " "1, " "1, " "1, " "1, " "1, " "1, " "1, " "1, " "1, " "1, " "1, " "1, " "1, " "1, " "1, " "1, " "1, " "1, " "1, " "1, " "1, " "1, " "1, " "1, " "1, " "1, " "1, " "1, " "1, " "1, " "1, " "1, " "1, " "1, " "1, " "1, " "1, " "1, " "1, " "1, " "1, " "1, " "1, " "1, " "1, " "1, " "1, " "1, " "1, " "1, " "1, " "1, " "1, " "1, " "1, " "1, " "1, " "1, " "1, " "1, " "1, " "1, " "1, " "1, " "1, " "1, " "1, " "1, " "1, " "1, " "1, " "1, " "1, " "1, " "1, " "1, " "1, " "1, " "1, " "1, " "1, " "1, " "1, " "1, " "1, "203
 "Nei137, 0.202, " "-0.003, " "1, " "1, " "1, " "1, " "1, " "1, " "1, " "1, " "1, " "1, " "1, " "1, " "1, " "1, " "1, " "1, " "1, " "1, " "1, " "1, " "1, " "1, " "1, " "1, " "1, " "1, " "1, " "1, " "1, " "1, " "1, " "1, " "1, " "1, " "1, " "1, " "1, " "1, " "1, " "1, " "1, " "1, " "1, " "1, " "1, " "1, " "1, " "1, " "1, " "1, " "1, " "1, " "1, " "1, " "1, " "1, " "1, " "1, " "1, " "1, " "1, " "1, " "1, " "1, " "1, " "1, " "1, " "1, " "1, " "1, " "1, " "1, " "1, " "1, " "1, " "1, " "1, " "1, " "1, " "1, " "1, " "1, " "1, " "1, " "1, " "1, " "1, " "1, " "1, " "1, " "1, " "1, " "1, " "1, " "1, " "1, " "1, " "1, " "1, " "1, " "1, " "1, " "1, " "1, " "1, " "1, " "1, " "1, " "1, " "1, " "1, " "1, " "1, " "1, " "1, " "1, " "1, " "1, " "1, " "1, " "1, " "1, " "1, " "1, " "1, " "1, " "1, " "1, " "1, " "1, " "1, " "1, " "1, " "1, " "1, " "1, " "1, " "0, " "1, " "1, " "1, " "1, " "1, " "1, " "1, " "1, " "1, " "1, " "1, " "1, " "1, " "1, " "1, " "1, " "1, " "1, " "1, " "1, " "1, " "1, " "1, " "1, " "1, " "1, " "1, " "1, " "1, " "1, " "1, " "1, " "1, " "1, " "1, " "1, " "1, " "1, " "1, " "1, " "1, " "1, " "1, " "1, " "1, " "1, " "1, " "1, " "1, " "1, " "1, " "1, " "1, " "1, " "1, " "1, " "1, " "1, " "1, " "1, " "1, " "1, " "1, " "1, " "1, " "1, " "1, " "1, " "1, " "1, " "1, " "1, " "1, " "1, " "1, " "1, " "1, " "1, " "1, " "1, " "1, " "1, " "1, " "1, " "1, " "1, " "1, " "1, " "1, " "1, " "1, " "1, " "1, " "1, " "1, " "1, " "1, " "1, " "1, " "1, " "1, " "1, " "1, " "1, " "1, " "1, " "1, " "1, " "1, " "1, " "1, " "1, " "1, " "1, " "1, " "1, " "1, " "1, " "1, "203
 "Nei138, 0.415, " "-0.003, " "1, " "1, " "1, " "1, " "1, " "1, " "1, " "1, " "1, " "1, " "1, " "1, " "1, " "1, " "1, " "1, " "1, " "1, " "1, " "1, " "1, " "1, " "1, " "1, " "1, " "1, " "1, " "1, " "1, " "1, " "1, " "1, " "1, " "1, " "1, " "1, " "1, " "1, " "1, " "1, " "1, " "1, " "1, " "1, " "1, " "1, " "1, " "1, " "1, " "1, " "1, " "1, " "1, " "1, " "1, " "1, " "1, " "1, " "1, " "1, " "1, " "1, " "1, " "1, " "1, " "1, " "1, " "1, " "1, " "1, " "1, " "1, " "1, " "1, " "1, " "1, " "1, " "1, " "1, " "1, " "1, " "1, " "1, " "1, " "1, " "1, " "1, " "1, " "1, " "1, " "1, " "1, " "1, " "1, " "1, " "1, " "1, " "1, " "1, " "1, " "1, " "1, " "1, " "1, " "1, " "1, " "1, " "1, " "1, " "1, " "1, " "1, " "1, " "1, " "1, " "1, " "1, " "1, " "1, " "1, " "1, " "1, " "1, " "1, " "1, " "1, " "1, " "1, " "1, " "1, " "1, " "1, " "1, " "1, " "1, " "1, " "1, " "1, " "0, " "1, " "1, " "1, " "1, " "1, " "1, " "1, " "1, " "1, " "1, " "1, " "1, " "1, " "1, " "1, " "1, " "1, " "1, " "1, " "1, " "1, " "1, " "1, " "1, " "1, " "1, " "1, " "1, " "1, " "1, " "1, " "1, " "1, " "1, " "1, " "1, " "1, " "1, " "1, " "1, " "1, " "1, " "1, " "1, " "1, " "1, " "1, " "1, " "1, " "1, " "1, " "1, " "1, " "1, " "1, " "1, " "1, " "1, " "1, " "1, " "1, " "1, " "1, " "1, " "1, " "1, " "1, " "1, " "1, " "1, " "1, " "1, " "1, " "1, " "1, " "1, " "1, " "1, " "1, " "1, " "1, " "1, " "1, " "1, " "1, " "1, " "1, " "1, " "1, " "1, " "1, " "1, " "1, " "1, " "1, " "1, " "1, " "1, " "1, " "1, " "1, " "1, " "1, " "1, " "1, " "1, " "1, " "1, " "1, " "1, " "1, " "1, " "1, " "1, " "1, " "1, " "1, " "1, "203
 "Nei139, 0.134, " "-0.003, " "1, " "1, " "1, " "1, " "1, " "1, " "1, " "1, " "1, " "1, " "1, " "1, " "1, " "1, " "1, " "1, " "1, " "1, " "1, " "1, " "1, " "1, " "1, " "1, " "1, " "1, " "1, " "1, " "1, " "1, " "1, " "1, " "1, " "1, " "1, " "1, " "1, " "1, " "1, " "1, " "1, " "1, " "1, " "1, " "1, " "1, " "1, " "1, " "1, " "1, " "1, " "1, " "1, " "1, " "1, " "1, " "1, " "1, " "1, " "1, " "1, " "1, " "1, " "1, " "1, " "1, " "1, " "1, " "1, " "1, " "1, " "1, " "1, " "1, " "1, " "1, " "1, " "1, " "1, " "1, " "1, " "1, " "1, " "1, " "1, " "1, " "1, " "1, " "1, " "1, " "1, " "1, " "1, " "1, " "1, " "1, " "1, " "1, " "1, " "1, " "1, " "1, " "1, " "1, " "1, " "1, " "1, " "1, " "1, " "1, " "1, " "1, " "1, " "1, " "1, " "1, " "1, " "1, " "1, " "1, " "1, " "1, " "1, " "1, " "1, " "1, " "1, " "1, " "1, " "1, " "1, " "1, " "1, " "1, " "1, " "1, " "1, " "1, " "1, " "0, " "1, " "1, " "1, " "1, " "1, " "1, " "1, " "1, " "1, " "1, " "1, " "1, " "1, " "1, " "1, " "1, " "1, " "1, " "1, " "1, " "1, " "1, " "1, " "1, " "1, " "1, " "1, " "1, " "1, " "1, " "1, " "1, " "1, " "1, " "1, " "1, " "1, " "1, " "1, " "1, " "1, " "1, " "1, " "1, " "1, " "1, " "1, " "1, " "1, " "1, " "1, " "1, " "1, " "1, " "1, " "1, " "1, " "1, " "1, " "1, " "1, " "1, " "1, " "1, " "1, " "1, " "1, " "1, " "1, " "1, " "1, " "1, " "1, " "1, " "1, " "1, " "1, " "1, " "1, " "1, " "1, " "1, " "1, " "1, " "1, " "1, " "1, " "1, " "1, " "1, " "1, " "1, " "1, " "1, " "1, " "1, " "1, " "1, " "1, " "1, " "1, " "1, " "1, " "1, " "1, " "1, " "1, " "1, " "1, " "1, " "1, " "1, " "1, " "1, " "1, " "1, " "1, "203
 "Nei140, 0.472, " "-0.003, " "1, " "1, " "1, " "1, " "1, " "1, " "1, " "1, " "1, " "1, " "1, " "1, " "1, " "1, " "1, " "1, " "1, " "1, " "1, " "1, " "1, " "1, " "1, " "1, " "1, " "1, " "1, " "1, " "1, " "1, " "1, " "1, " "1, " "1, " "1, " "1, " "1, " "1, " "1, " "1, " "1, " "1, " "1, " "1, " "1, " "1, " "1, " "1, " "1, " "1, " "1, " "1, " "1, " "1, " "1, " "1, " "1, " "1, " "1, " "1, " "1, " "1, " "1, " "1, " "1, " "1, " "1, " "1, " "1, " "1, " "1, " "1, " "1, " "1, " "1, " "1, " "1, " "1, " "1, " "1, " "1, " "1, " "1, " "1, " "1, " "1, " "1, " "1, " "1, " "1, " "1, " "1, " "1, " "1, " "1, " "1, " "1, " "1, " "1, " "1, " "1, " "1, " "1, " "1, " "1, " "1, " "1, " "1, " "1, " "1, " "1, " "1, " "1, " "1, " "1, " "1, " "1, " "1, " "1, " "1, " "1, " "1, " "1, " "1, " "1, " "1, " "1, " "1, " "1, " "1, " "1, " "1, " "1, " "1, " "1, " "1, " "1, " "1, " "1, " "1, " "0, " "1, " "1, " "1, " "1, " "1, " "1, " "1, " "1, " "1, " "1, " "1, " "1, " "1, " "1, " "1, " "1, " "1, " "1, " "1, " "1, " "1, " "1, " "1, " "1, " "1, " "1, " "1, " "1, " "1, " "1, " "1, " "1, " "1, " "1, " "1, " "1, " "1, " "1, " "1, " "1, " "1, " "1, " "1, " "1, " "1, " "1, " "1, " "1, " "1, " "1, " "1, " "1, " "1, " "1, " "1, " "1, " "1, " "1, " "1, " "1, " "1, " "1, " "1, " "1, " "1, " "1, " "1, " "1, " "1, " "1, " "1, " "1, " "1, " "1, " "1, " "1, " "1, " "1, " "1, " "1, " "1, " "1, " "1, " "1, " "1, " "1, " "1, " "1, " "1, " "1, " "1, " "1, " "1, " "1, " "1, " "1, " "1, " "1, " "1, " "1, " "1, " "1, " "1, " "1, " "1, " "1, " "1, " "1, " "1, " "1, " "1, " "1, " "1, " "1, " "1, " "1, "203
 "Nei141, 0.384, " "-0.003, " "1, " "1, " "1, " "1, " "1, " "1, " "1, " "1, " "1, " "1, " "1, " "1, " "1, " "1, " "1, " "1, " "1, " "1, " "1, " "1, " "1, " "1, " "1, " "1, " "1, " "1, " "1, " "1, " "1, " "1, " "1, " "1, " "1, " "1, " "1, " "1, " "1, " "1, " "1, " "1, " "1, " "1, " "1, " "1, " "1, " "1, " "1, " "1, " "1, " "1, " "1, " "1, " "1, " "1, " "1, " "1, " "1, " "1, " "1, " "1, " "1, " "1, " "1, " "1, " "1, " "1, " "1, " "1, " "1, " "1, " "1, " "1, " "1, " "1, " "1, " "1, " "1, " "1, " "1, " "1, " "1, " "1, " "1, " "1, " "1, " "1, " "1, " "1, " "1, " "1, " "1, " "1, " "1, " "1, " "1, " "1, " "1, " "1, " "1, " "1, " "1, " "1, " "1, " "1, " "1, " "1, " "1, " "1, " "1, " "1, " "1, " "1, " "1, " "1, " "1, " "1, " "1, " "1, " "1, " "1, " "1, " "1, " "1, " "1, " "1, " "1, " "1, " "1, " "1, " "1, " "1, " "1, " "1, " "1, " "1, " "1, " "1, " "1, " "1, " "1, " "1, " "0, " "1, " "1, " "1, " "1, " "1, " "1, " "1, " "1, " "1, " "1, " "1, " "1, " "1, " "1, " "1, " "1, " "1, " "1, " "1, " "1, " "1, " "1, " "1, " "1, " "1, " "1, " "1, " "1, " "1, " "1, " "1, " "1, " "1, " "1, " "1, " "1, " "1, " "1, " "1, " "1, " "1, " "1, " "1, " "1, " "1, " "1, " "1, " "1, " "1, " "1, " "1, " "1, " "1, " "1, " "1, " "1, " "1, " "1, " "1, " "1, " "1, " "1, " "1, " "1, " "1, " "1, " "1, " "1, " "1, " "1, " "1, " "1, " "1, " "1, " "1, " "1, " "1, " "1, " "1, " "1, " "1, " "1, " "1, " "1, " "1, " "1, " "1, " "1, " "1, " "1, " "1, " "1, " "1, " "1, " "1, " "1, " "1, " "1, " "1, " "1, " "1, " "1, " "1, " "1, " "1, " "1, " "1, " "1, " "1, " "1, " "1, " "1, " "1, " "1, " "1, "203
 "Nei142, 0.264, " "-0.003, " "1, " "1, " "1, " "1, " "1, " "1, " "1, " "1, " "1, " "1, " "1, " "1, " "1, " "1, " "1, " "1, " "1, " "1, " "1, " "1, " "1, " "1, " "1, " "1, " "1, " "1, " "1, " "1, " "1, " "1, " "1, " "1, " "1, " "1, " "1, " "1, " "1, " "1, " "1, " "1, " "1, " "1, " "1, " "1, " "1, " "1, " "1, " "1, " "1, " "1, " "1, " "1, " "1, " "1, " "1, " "1, " "1, " "1, " "1, " "1, " "1, " "1, " "1, " "1, " "1, " "1, " "1, " "1, " "1, " "1, " "1, " "1, " "1, " "1, " "1, " "1, " "1, " "1, " "1, " "1, " "1, " "1, " "1, " "1, " "1, " "1, " "1, " "1, " "1, " "1, " "1, " "1, " "1, " "1, " "1, " "1, " "1, " "1, " "1, " "1, " "1, " "1, " "1, " "1, " "1, " "1, " "1, " "1, " "1, " "1, " "1, " "1, " "1, " "1, " "1, " "1, " "1, " "1, " "1, " "1, " "1, " "1, " "1, " "1, " "1, " "1, " "1, " "1, " "1, " "1, " "1, " "1, " "1, " "1, " "1, " "1, " "1, " "1, " "1, " "1, " "1, " "1, " "0, " "1, " "1, " "1, " "1, " "1, " "1, " "1, " "1, " "1, " "1, " "1, " "1, " "1, " "1, " "1, " "1, " "1, " "1, " "1, " "1, " "1, " "1, " "1, " "1, " "1, " "1, " "1, " "1, " "1, " "1, " "1, " "1, " "1, " "1, " "1, " "1, " "1, " "1, " "1, " "1, " "1, " "1, " "1, " "1, " "1, " "1, " "1, " "1, " "1, " "1, " "1, " "1, " "1, " "1, " "1, " "1, " "1, " "1, " "1, " "1, " "1, " "1, " "1, " "1, " "1, " "1, " "1, " "1, " "1, " "1, " "1, " "1, " "1, " "1, " "1, " "1, " "1, " "1, " "1, " "1, " "1, " "1, " "1, " "1, " "1, " "1, " "1, " "1, " "1, " "1, " "1, " "1, " "1, " "1, " "1, " "1, " "1, " "1, " "1, " "1, " "1, " "1, " "1, " "1, " "1, " "1, " "1, " "1, " "1, " "1, " "1, " "1, " "1, " "1, "203
 "Nei143, 0.371, " "-0.003, " "1, " "1, " "1, " "1, " "1, " "1, " "1, " "1, " "1, " "1, " "1, " "1, " "1, " "1, " "1, " "1, " "1, " "1, " "1, " "1, " "1, " "1, " "1, " "1, " "1, " "1, " "1, " "1, " "1, " "1, " "1, " "1, " "1, " "1, " "1, " "1, " "1, " "1, " "1, " "1, " "1, " "1, " "1, " "1, " "1, " "1, " "1, " "1, " "1, " "1, " "1, " "1, " "1, " "1, " "1, " "1, " "1, " "1, " "1, " "1, " "1, " "1, " "1, " "1, " "1, " "1, " "1, " "1, " "1, " "1, " "1, " "1, " "1, " "1, " "1, " "1, " "1, " "1, " "1, " "1, " "1, " "1, " "1, " "1, " "1, " "1, " "1, " "1, " "1, " "1, " "1, " "1, " "1, " "1, " "1, " "1, " "1, " "1, " "1, " "1, " "1, " "1, " "1, " "1, " "1, " "1, " "1, " "1, " "1, " "1, " "1, " "1, " "1, " "1, " "1, " "1, " "1, " "1, " "1, " "1, " "1, " "1, " "1, " "1, " "1, " "1, " "1, " "1, " "1, " "1, " "1, " "1, " "1, " "1, " "1, " "1, " "1, " "1, " "1, " "1, " "1, " "1, " "1, " "0, " "1, " "1, " "1, " "1, " "1, " "1, " "1, " "1, " "1, " "1, " "1, " "1, " "1, " "1, " "1, " "1, " "1, " "1, " "1, " "1, " "1, " "1, " "1, " "1, " "1, " "1, " "1, " "1, " "1, " "1, " "1, " "1, " "1, " "1, " "1, " "1, " "1, " "1, " "1, " "1, " "1, " "1, " "1, " "1, " "1, " "1, " "1, " "1, " "1, " "1, " "1, " "1, " "1, " "1, " "1, " "1, " "1, " "1, " "1, " "1, " "1, " "1, " "1, " "1, " "1, " "1, " "1, " "1, " "1, " "1, " "1, " "1, " "1, " "1, " "1, " "1, " "1, " "1, " "1, " "1, " "1, " "1, " "1, " "1, " "1, " "1, " "1, " "1, " "1, " "1, " "1, " "1, " "1, " "1, " "1, " "1, " "1, " "1, " "1, " "1, " "1, " "1, " "1, " "1, " "1, " "1, " "1, " "1, " "1, " "1, " "1, " "1, " "1, "203
 "Nei144, 0.471, " "-0.003, " "1, " "1, " "1, " "1, " "1, " "1, " "1, " "1, " "1, " "1, " "1, " "1, " "1, " "1, " "1, " "1, " "1, " "1, " "1, " "1, " "1, " "1, " "1, " "1, " "1, " "1, " "1, " "1, " "1, " "1, " "1, " "1, " "1, " "1, " "1, " "1, " "1, " "1, " "1, " "1, " "1, " "1, " "1, " "1, " "1, " "1, " "1, " "1, " "1, " "1, " "1, " "1, " "1, " "1, " "1, " "1, " "1, " "1, " "1, " "1, " "1, " "1, " "1, " "1, " "1, " "1, " "1, " "1, " "1, " "1, " "1, " "1, " "1, " "1, " "1, " "1, " "1, " "1, " "1, " "1, " "1, " "1, " "1, " "1, " "1, " "1, " "1, " "1, " "1, " "1, " "1, " "1, " "1, " "1, " "1, " "1, " "1, " "1, " "1, " "1, " "1, " "1, " "1, " "1, " "1, " "1, " "1, " "1, " "1, " "1, " "1, " "1, " "1, " "1, " "1, " "1, " "1, " "1, " "1, " "1, " "1, " "1, " "1, " "1, " "1, " "1, " "1, " "1, " "1, " "1, " "1, " "1, " "1, " "1, " "1, " "1, " "1, " "1, " "1, " "1, " "1, " "1, " "1, " "1, " "0, " "1, " "1, " "1, " "1, " "1, " "1, " "1, " "1, " "1, " "1, " "1, " "1, " "1, " "1, " "1, " "1, " "1, " "1, " "1, " "1, " "1, " "1, " "1, " "1, " "1, " "1, " "1, " "1, " "1, " "1, " "1, " "1, " "1, " "1, " "1, " "1, " "1, " "1, " "1, " "1, " "1, " "1, " "1, " "1, " "1, " "1, " "1, " "1, " "1, " "1, " "1, " "1, " "1, " "1, " "1, " "1, " "1, " "1, " "1, " "1, " "1, " "1, " "1, " "1, " "1, " "1, " "1, " "1, " "1, " "1, " "1, " "1, " "1, " "1, " "1, " "1, " "1, " "1, " "1, " "1, " "1, " "1, " "1, " "1, " "1, " "1, " "1, " "1, " "1, " "1, " "1, " "1, " "1, " "1, " "1, " "1, " "1, " "1, " "1, " "1, " "1, " "1, " "1, " "1, " "1, " "1, " "1, " "1, " "1, " "1, " "1, " "1, "203
 "Nei145, 0.245, " "-0.003, " "1, " "1, " "1, " "1, " "1, " "1, " "1, " "1, " "1, " "1, " "1, " "1, " "1, " "1, " "1, " "1, " "1, " "1, " "1, " "1, " "1, " "1, " "1, " "1, " "1, " "1, " "1, " "1, " "1, " "1, " "1, " "1, " "1, " "1, " "1, " "1, " "1, " "1, " "1, " "1, " "1, " "1, " "1, " "1, " "1, " "1, " "1, " "1, " "1, " "1, " "1, " "1, " "1, " "1, " "1, " "1, " "1, " "1, " "1, " "1, " "1, " "1, " "1, " "1, " "1, " "1, " "1, " "1, " "1, " "1, " "1, " "1, " "1, " "1, " "1, " "1, " "1, " "1, " "1, " "1, " "1, " "1, " "1, " "1, " "1, " "1, " "1, " "1, " "1, " "1, " "1, " "1, " "1, " "1, " "1, " "1, " "1, " "1, " "1, " "1, " "1, " "1, " "1, " "1, " "1, " "1, " "1, " "1, " "1, " "1, " "1, " "1, " "1, " "1, " "1, " "1, " "1, " "1, " "1, " "1, " "1, " "1, " "1, " "1, " "1, " "1, " "1, " "1, " "1, " "1, " "1, " "1, " "1, " "1, " "1, " "1, " "1, " "1, " "1, " "1, " "1, " "1, " "1, " "1, " "1, " "0, " "1, " "1, " "1, " "1, " "1, " "1, " "1, " "1, " "1, " "1, " "1, " "1, " "1, " "1, " "1, " "1, " "1, " "1, " "1, " "1, " "1, " "1, " "1, " "1, " "1, " "1, " "1, " "1, " "1, " "1, " "1, " "1, " "1, " "1, " "1, " "1, " "1, " "1, " "1, " "1, " "1, " "1, " "1, " "1, " "1, " "1, " "1, " "1, " "1, " "1, " "1, " "1, " "1, " "1, " "1, " "1, " "1, " "1, " "1, " "1, " "1, " "1, " "1, " "1, " "1, " "1, " "1, " "1, " "1, " "1, " "1, " "1, " "1, " "1, " "1, " "1, " "1, " "1, " "1, " "1, " "1, " "1, " "1, " "1, " "1, " "1, " "1, " "1, " "1, " "1, " "1, " "1, " "1, " "1, " "1, " "1, " "1, " "1, " "1, " "1, " "1, " "1, " "1, " "1, " "1, " "1, " "1, " "1, " "1, " "1, " "1, "203
 "Nei146, 0.232, " "-0.003, " "1, " "1, " "1, " "1, " "1, " "1, " "1, " "1, " "1, " "1, " "1, " "1, " "1, " "1, " "1, " "1, " "1, " "1, " "1, " "1, " "1, " "1, " "1, " "1, " "1, " "1, " "1, " "1, " "1, " "1, " "1, " "1, " "1, " "1, " "1, " "1, " "1, " "1, " "1, " "1, " "1, " "1, " "1, " "1, " "1, " "1, " "1, " "1, " "1, " "1, " "1, " "1, " "1, " "1, " "1, " "1, " "1, " "1, " "1, " "1, " "1, " "1, " "1, " "1, " "1, " "1, " "1, " "1, " "1, " "1, " "1, " "1, " "1, " "1, " "1, " "1, " "1, " "1, " "1, " "1, " "1, " "1, " "1, " "1, " "1, " "1, " "1, " "1, " "1, " "1, " "1, " "1, " "1, " "1, " "1, " "1, " "1, " "1, " "1, " "1, " "1, " "1, " "1, " "1, " "1, " "1, " "1, " "1, " "1, " "1, " "1, " "1, " "1, " "1, " "1, " "1, " "1, " "1, " "1, " "1, " "1, " "1, " "1, " "1, " "1, " "1, " "1, " "1, " "1, " "1, " "1, " "1, " "1, " "1, " "1, " "1, " "1, " "1, " "1, " "1, " "1, " "1, " "1, " "1, " "1, " "1, " "0, " "1, " "1, " "1, " "1, " "1, " "1, " "1, " "1, " "1, " "1, " "1, " "1, " "1, " "1, " "1, " "1, " "1, " "1, " "1, " "1, " "1, " "1, " "1, " "1, " "1, " "1, " "1, " "1, " "1, " "1, " "1, " "1, " "1, " "1, " "1, " "1, " "1, " "1, " "1, " "1, " "1, " "1, " "1, " "1, " "1, " "1, " "1, " "1, " "1, " "1, " "1, " "1, " "1, " "1, " "1, " "1, " "1, " "1, " "1, " "1, " "1, " "1, " "1, " "1, " "1, " "1, " "1, " "1, " "1, " "1, " "1, " "1, " "1, " "1, " "1, " "1, " "1, " "1, " "1, " "1, " "1, " "1, " "1, " "1, " "1, " "1, " "1, " "1, " "1, " "1, " "1, " "1, " "1, " "1, " "1, " "1, " "1, " "1, " "1, " "1, " "1, " "1, " "1, " "1, " "1, " "1, " "1, " "1, " "1, " "1, "203
 "Nei147, 0.44, " "-0.003, " "1, " "1, " "1, " "1, " "1, " "1, " "1, " "1, " "1, " "1, " "1, " "1, " "1, " "1, " "1, " "1, " "1, " "1, " "1, " "1, " "1, " "1, " "1, " "1, " "1, " "1, " "1, " "1, " "1, " "1, " "1, " "1, " "1, " "1, " "1, " "1, " "1, " "1, " "1, " "1, " "1, " "1, " "1, " "1, " "1, " "1, " "1, " "1, " "1, " "1, " "1, " "1, " "1, " "1, " "1, " "1, " "1, " "1, " "1, " "1, " "1, " "1, " "1, " "1, " "1, " "1, " "1, " "1, " "1, " "1, " "1, " "1, " "1, " "1, " "1, " "1, " "1, " "1, " "1, " "1, " "1, " "1, " "1, " "1, " "1, " "1, " "1, " "1, " "1, " "1, " "1, " "1, " "1, " "1, " "1, " "1, " "1, " "1, " "1, " "1, " "1, " "1, " "1, " "1, " "1, " "1, " "1, " "1, " "1, " "1, " "1, " "1, " "1, " "1, " "1, " "1, " "1, " "1, " "1, " "1, " "1, " "1, " "1, " "1, " "1, " "1, " "1, " "1, " "1, " "1, " "1, " "1, " "1, " "1, " "1, " "1, " "1, " "1, " "1, " "1, " "1, " "1, " "1, " "1, " "1, " "1, " "1, " "0, " "1, " "1, " "1, " "1, " "1, " "1, " "1, " "1, " "1, " "1, " "1, " "1, " "1, " "1, " "1, " "1, " "1, " "1, " "1, " "1, " "1, " "1, " "1, " "1, " "1, " "1, " "1, " "1, " "1, " "1, " "1, " "1, " "1, " "1, " "1, " "1, " "1, " "1, " "1, " "1, " "1, " "1, " "1, " "1, " "1, " "1, " "1, " "1, " "1, " "1, " "1, " "1, " "1, " "1, " "1, " "1, " "1, " "1, " "1, " "1, " "1, " "1, " "1, " "1, " "1, " "1, " "1, " "1, " "1, " "1, " "1, " "1, " "1, " "1, " "1, " "1, " "1, " "1, " "1, " "1, " "1, " "1, " "1, " "1, " "1, " "1, " "1, " "1, " "1, " "1, " "1, " "1, " "1, " "1, " "1, " "1, " "1, " "1, " "1, " "1, " "1, " "1, " "1, " "1, " "1, " "1, " "1, " "1, " "1, "203
 "Nei148, 0.073, " "-0.003, " "1, " "1, " "1, " "1, " "1, " "1, " "1, " "1, " "1, " "1, " "1, " "1, " "1, " "1, " "1, " "1, " "1, " "1, " "1, " "1, " "1, " "1, " "1, " "1, " "1, " "1, " "1, " "1, " "1, " "1, " "1, " "1, " "1, " "1, " "1, " "1, " "1, " "1, " "1, " "1, " "1, " "1, " "1, " "1, " "1, " "1, " "1, " "1, " "1, " "1, " "1, " "1, " "1, " "1, " "1, " "1, " "1, " "1, " "1, " "1, " "1, " "1, " "1, " "1, " "1, " "1, " "1, " "1, " "1, " "1, " "1, " "1, " "1, " "1, " "1, " "1, " "1, " "1, " "1, " "1, " "1, " "1, " "1, " "1, " "1, " "1, " "1, " "1, " "1, " "1, " "1, " "1, " "1, " "1, " "1, " "1, " "1, " "1, " "1, " "1, " "1, " "1, " "1, " "1, " "1, " "1, " "1, " "1, " "1, " "1, " "1, " "1, " "1, " "1, " "1, " "1, " "1, " "1, " "1, " "1, " "1, " "1, " "1, " "1, " "1, " "1, " "1, " "1, " "1, " "1, " "1, " "1, " "1, " "1, " "1, " "1, " "1, " "1, " "1, " "1, " "1, " "1, " "1, " "1, " "1, " "1, " "1, " "1, " "0, " "1, " "1, " "1, " "1, " "1, " "1, " "1, " "1, " "1, " "1, " "1, " "1, " "1, " "1, " "1, " "1, " "1, " "1, " "1, " "1, " "1, " "1, " "1, " "1, " "1, " "1, " "1, " "1, " "1, " "1, " "1, " "1, " "1, " "1, " "1, " "1, " "1, " "1, " "1, " "1, " "1, " "1, " "1, " "1, " "1, " "1, " "1, " "1, " "1, " "1, " "1, " "1, " "1, " "1, " "1, " "1, " "1, " "1, " "1, " "1, " "1, " "1, " "1, " "1, " "1, " "1, " "1, " "1, " "1, " "1, " "1, " "1, " "1, " "1, " "1, " "1, " "1, " "1, " "1, " "1, " "1, " "1, " "1, " "1, " "1, " "1, " "1, " "1, " "1, " "1, " "1, " "1, " "1, " "1, " "1, " "1, " "1, " "1, " "1, " "1, " "1, " "1, " "1, " "1, " "1, " "1, " "1, " "1, "203
 "Nei149, 0.361, " "-0.003, " "1, " "1, " "1, " "1, " "1, " "1, " "1, " "1, " "1, " "1, " "1, " "1, " "1, " "1, " "1, " "1, " "1, " "1, " "1, " "1, " "1, " "1, " "1, " "1, " "1, " "1, " "1, " "1, " "1, " "1, " "1, " "1, " "1, " "1, " "1, " "1, " "1, " "1, " "1, " "1, " "1, " "1, " "1, " "1, " "1, " "1, " "1, " "1, " "1, " "1, " "1, " "1, " "1, " "1, " "1, " "1, " "1, " "1, " "1, " "1, " "1, " "1, " "1, " "1, " "1, " "1, " "1, " "1, " "1, " "1, " "1, " "1, " "1, " "1, " "1, " "1, " "1, " "1, " "1, " "1, " "1, " "1, " "1, " "1, " "1, " "1, " "1, " "1, " "1, " "1, " "1, " "1, " "1, " "1, " "1, " "1, " "1, " "1, " "1, " "1, " "1, " "1, " "1, " "1, " "1, " "1, " "1, " "1, " "1, " "1, " "1, " "1, " "1, " "1, " "1, " "1, " "1, " "1, " "1, " "1, " "1, " "1, " "1, " "1, " "1, " "1, " "1, " "1, " "1, " "1, " "1, " "1, " "1, " "1, " "1, " "1, " "1, " "1, " "1, " "1, " "1, " "1, " "1, " "1, " "1, " "1, " "1, " "1, " "1, " "0, " "1, " "1, " "1, " "1, " "1, " "1, " "1, " "1, " "1, " "1, " "1, " "1, " "1, " "1, " "1, " "1, " "1, " "1, " "1, " "1, " "1, " "1, " "1, " "1, " "1, " "1, " "1, " "1, " "1, " "1, " "1, " "1, " "1, " "1, " "1, " "1, " "1, " "1, " "1, " "1, " "1, " "1, " "1, " "1, " "1, " "1, " "1, " "1, " "1, " "1, " "1, " "1, " "1, " "1, " "1, " "1, " "1, " "1, " "1, " "1, " "1, " "1, " "1, " "1, " "1, " "1, " "1, " "1, " "1, " "1, " "1, " "1, " "1, " "1, " "1, " "1, " "1, " "1, " "1, " "1, " "1, " "1, " "1, " "1, " "1, " "1, " "1, " "1, " "1, " "1, " "1, " "1, " "1, " "1, " "1, " "1, " "1, " "1, " "1, " "1, " "1, " "1, " "1, " "1, " "1, " "1, " "1, "203
 "Nei150, 0.205, " "-0.003, " "1, " "1, " "1, " "1, " "1, " "1, " "1, " "1, " "1, " "1, " "1, " "1, " "1, " "1, " "1, " "1, " "1, " "1, " "1, " "1, " "1, " "1, " "1, " "1, " "1, " "1, " "1, " "1, " "1, " "1, " "1, " "1, " "1, " "1, " "1, " "1, " "1, " "1, " "1, " "1, " "1, " "1, " "1, " "1, " "1, " "1, " "1, " "1, " "1, " "1, " "1, " "1, " "1, " "1, " "1, " "1, " "1, " "1, " "1, " "1, " "1, " "1, " "1, " "1, " "1, " "1, " "1, " "1, " "1, " "1, " "1, " "1, " "1, " "1, " "1, " "1, " "1, " "1, " "1, " "1, " "1, " "1, " "1, " "1, " "1, " "1, " "1, " "1, " "1, " "1, " "1, " "1, " "1, " "1, " "1, " "1, " "1, " "1, " "1, " "1, " "1, " "1, " "1, " "1, " "1, " "1, " "1, " "1, " "1, " "1, " "1, " "1, " "1, " "1, " "1, " "1, " "1, " "1, " "1, " "1, " "1, " "1, " "1, " "1, " "1, " "1, " "1, " "1, " "1, " "1, " "1, " "1, " "1, " "1, " "1, " "1, " "1, " "1, " "1, " "1, " "1, " "1, " "1, " "1, " "1, " "1, " "1, " "1, " "1, " "1, " "0, " "1, " "1, " "1, " "1, " "1, " "1, " "1, " "1, " "1, " "1, " "1, " "1, " "1, " "1, " "1, " "1, " "1, " "1, " "1, " "1, " "1, " "1, " "1, " "1, " "1, " "1, " "1, " "1, " "1, " "1, " "1, " "1, " "1, " "1, " "1, " "1, " "1, " "1, " "1, " "1, " "1, " "1, " "1, " "1, " "1, " "1, " "1, " "1, " "1, " "1, " "1, " "1, " "1, " "1, " "1, " "1, " "1, " "1, " "1, " "1, " "1, " "1, " "1, " "1, " "1, " "1, " "1, " "1, " "1, " "1, " "1, " "1, " "1, " "1, " "1, " "1, " "1, " "1, " "1, " "1, " "1, " "1, " "1, " "1, " "1, " "1, " "1, " "1, " "1, " "1, " "1, " "1, " "1, " "1, " "1, " "1, " "1, " "1, " "1, " "1, " "1, " "1, " "1, " "1, " "1, " "1, "203
 "Nei151, 0.342, " "-0.003, " "1, " "1, " "1, " "1, " "1, " "1, " "1, " "1, " "1, " "1, " "1, " "1, " "1, " "1, " "1, " "1, " "1, " "1, " "1, " "1, " "1, " "1, " "1, " "1, " "1, " "1, " "1, " "1, " "1, " "1, " "1, " "1, " "1, " "1, " "1, " "1, " "1, " "1, " "1, " "1, " "1, " "1, " "1, " "1, " "1, " "1, " "1, " "1, " "1, " "1, " "1, " "1, " "1, " "1, " "1, " "1, " "1, " "1, " "1, " "1, " "1, " "1, " "1, " "1, " "1, " "1, " "1, " "1, " "1, " "1, " "1, " "1, " "1, " "1, " "1, " "1, " "1, " "1, " "1, " "1, " "1, " "1, " "1, " "1, " "1, " "1, " "1, " "1, " "1, " "1, " "1, " "1, " "1, " "1, " "1, " "1, " "1, " "1, " "1, " "1, " "1, " "1, " "1, " "1, " "1, " "1, " "1, " "1, " "1, " "1, " "1, " "1, " "1, " "1, " "1, " "1, " "1, " "1, " "1, " "1, " "1, " "1, " "1, " "1, " "1, " "1, " "1, " "1, " "1, " "1, " "1, " "1, " "1, " "1, " "1, " "1, " "1, " "1, " "1, " "1, " "1, " "1, " "1, " "1, " "1, " "1, " "1, " "1, " "1, " "1, " "1, " "0, " "1, " "1, " "1, " "1, " "1, " "1, " "1, " "1, " "1, " "1, " "1, " "1, " "1, " "1, " "1, " "1, " "1, " "1, " "1, " "1, " "1, " "1, " "1, " "1, " "1, " "1, " "1, " "1, " "1, " "1, " "1, " "1, " "1, " "1, " "1, " "1, " "1, " "1, " "1, " "1, " "1, " "1, " "1, " "1, " "1, " "1, " "1, " "1, " "1, " "1, " "1, " "1, " "1, " "1, " "1, " "1, " "1, " "1, " "1, " "1, " "1, " "1, " "1, " "1, " "1, " "1, " "1, " "1, " "1, " "1, " "1, " "1, " "1, " "1, " "1, " "1, " "1, " "1, " "1, " "1, " "1, " "1, " "1, " "1, " "1, " "1, " "1, " "1, " "1, " "1, " "1, " "1, " "1, " "1, " "1, " "1, " "1, " "1, " "1, " "1, " "1, " "1, " "1, " "1, " "1, "203
 "Nei152, 0.313, " "-0.003, " "1, " "1, " "1, " "1, " "1, " "1, " "1, " "1, " "1, " "1, " "1, " "1, " "1, " "1, " "1, " "1, " "1, " "1, " "1, " "1, " "1, " "1, " "1, " "1, " "1, " "1, " "1, " "1, " "1, " "1, " "1, " "1, " "1, " "1, " "1, " "1, " "1, " "1, " "1, " "1, " "1, " "1, " "1, " "1, " "1, " "1, " "1, " "1, " "1, " "1, " "1, " "1, " "1, " "1, " "1, " "1, " "1, " "1, " "1, " "1, " "1, " "1, " "1, " "1, " "1, " "1, " "1, " "1, " "1, " "1, " "1, " "1, " "1, " "1, " "1, " "1, " "1, " "1, " "1, " "1, " "1, " "1, " "1, " "1, " "1, " "1, " "1, " "1, " "1, " "1, " "1, " "1, " "1, " "1, " "1, " "1, " "1, " "1, " "1, " "1, " "1, " "1, " "1, " "1, " "1, " "1, " "1, " "1, " "1, " "1, " "1, " "1, " "1, " "1, " "1, " "1, " "1, " "1, " "1, " "1, " "1, " "1, " "1, " "1, " "1, " "1, " "1, " "1, " "1, " "1, " "1, " "1, " "1, " "1, " "1, " "1, " "1, " "1, " "1, " "1, " "1, " "1, " "1, " "1, " "1, " "1, " "1, " "1, " "1, " "1, " "1, " "1, " "0, " "1, " "1, " "1, " "1, " "1, " "1, " "1, " "1, " "1, " "1, " "1, " "1, " "1, " "1, " "1, " "1, " "1, " "1, " "1, " "1, " "1, " "1, " "1, " "1, " "1, " "1, " "1, " "1, " "1, " "1, " "1, " "1, " "1, " "1, " "1, " "1, " "1, " "1, " "1, " "1, " "1, " "1, " "1, " "1, " "1, " "1, " "1, " "1, " "1, " "1, " "1, " "1, " "1, " "1, " "1, " "1, " "1, " "1, " "1, " "1, " "1, " "1, " "1, " "1, " "1, " "1, " "1, " "1, " "1, " "1, " "1, " "1, " "1, " "1, " "1, " "1, " "1, " "1, " "1, " "1, " "1, " "1, " "1, " "1, " "1, " "1, " "1, " "1, " "1, " "1, " "1, " "1, " "1, " "1, " "1, " "1, " "1, " "1, " "1, " "1, " "1, " "1, " "1, " "1, "203
 "Nei153, 0.096, " "-0.003, " "1, " "1, " "1, " "1, " "1, " "1, " "1, " "1, " "1, " "1, " "1, " "1, " "1, " "1, " "1, " "1, " "1, " "1, " "1, " "1, " "1, " "1, " "1, " "1, " "1, " "1, " "1, " "1, " "1, " "1, " "1, " "1, " "1, " "1, " "1, " "1, " "1, " "1, " "1, " "1, " "1, " "1, " "1, " "1, " "1, " "1, " "1, " "1, " "1, " "1, " "1, " "1, " "1, " "1, " "1, " "1, " "1, " "1, " "1, " "1, " "1, " "1, " "1, " "1, " "1, " "1, " "1, " "1, " "1, " "1, " "1, " "1, " "1, " "1, " "1, " "1, " "1, " "1, " "1, " "1, " "1, " "1, " "1, " "1, " "1, " "1, " "1, " "1, " "1, " "1, " "1, " "1, " "1, " "1, " "1, " "1, " "1, " "1, " "1, " "1, " "1, " "1, " "1, " "1, " "1, " "1, " "1, " "1, " "1, " "1, " "1, " "1, " "1, " "1, " "1, " "1, " "1, " "1, " "1, " "1, " "1, " "1, " "1, " "1, " "1, " "1, " "1, " "1, " "1, " "1, " "1, " "1, " "1, " "1, " "1, " "1, " "1, " "1, " "1, " "1, " "1, " "1, " "1, " "1, " "1, " "1, " "1, " "1, " "1, " "1, " "1, " "1, " "1, " "0, " "1, " "1, " "1, " "1, " "1, " "1, " "1, " "1, " "1, " "1, " "1, " "1, " "1, " "1, " "1, " "1, " "1, " "1, " "1, " "1, " "1, " "1, " "1, " "1, " "1, " "1, " "1, " "1, " "1, " "1, " "1, " "1, " "1, " "1, " "1, " "1, " "1, " "1, " "1, " "1, " "1, " "1, " "1, " "1, " "1, " "1, " "1, " "1, " "1, " "1, " "1, " "1, " "1, " "1, " "1, " "1, " "1, " "1, " "1, " "1, " "1, " "1, " "1, " "1, " "1, " "1, " "1, " "1, " "1, " "1, " "1, " "1, " "1, " "1, " "1, " "1, " "1, " "1, " "1, " "1, " "1, " "1, " "1, " "1, " "1, " "1, " "1, " "1, " "1, " "1, " "1, " "1, " "1, " "1, " "1, " "1, " "1, " "1, " "1, " "1, " "1, " "1, " "1, "203
 "Nei154, 0.551, " "-0.003, " "1, " "1, " "1, " "1, " "1, " "1, " "1, " "1, " "1, " "1, " "1, " "1, " "1, " "1, " "1, " "1, " "1, " "1, " "1, " "1, " "1, " "1, " "1, " "1, " "1, " "1, " "1, " "1, " "1, " "1, " "1, " "1, " "1, " "1, " "1, " "1, " "1, " "1, " "1, " "1, " "1, " "1, " "1, " "1, " "1, " "1, " "1, " "1, " "1, " "1, " "1, " "1, " "1, " "1, " "1, " "1, " "1, " "1, " "1, " "1, " "1, " "1, " "1, " "1, " "1, " "1, " "1, " "1, " "1, " "1, " "1, " "1, " "1, " "1, " "1, " "1, " "1, " "1, " "1, " "1, " "1, " "1, " "1, " "1, " "1, " "1, " "1, " "1, " "1, " "1, " "1, " "1, " "1, " "1, " "1, " "1, " "1, " "1, " "1, " "1, " "1, " "1, " "1, " "1, " "1, " "1, " "1, " "1, " "1, " "1, " "1, " "1, " "1, " "1, " "1, " "1, " "1, " "1, " "1, " "1, " "1, " "1, " "1, " "1, " "1, " "1, " "1, " "1, " "1, " "1, " "1, " "1, " "1, " "1, " "1, " "1, " "1, " "1, " "1, " "1, " "1, " "1, " "1, " "1, " "1, " "1, " "1, " "1, " "1, " "1, " "1, " "1, " "1, " "1, " "0, " "1, " "1, " "1, " "1, " "1, " "1, " "1, " "1, " "1, " "1, " "1, " "1, " "1, " "1, " "1, " "1, " "1, " "1, " "1, " "1, " "1, " "1, " "1, " "1, " "1, " "1, " "1, " "1, " "1, " "1, " "1, " "1, " "1, " "1, " "1, " "1, " "1, " "1, " "1, " "1, " "1, " "1, " "1, " "1, " "1, " "1, " "1, " "1, " "1, " "1, " "1, " "1, " "1, " "1, " "1, " "1, " "1, " "1, " "1, " "1, " "1, " "1, " "1, " "1, " "1, " "1, " "1, " "1, " "1, " "1, " "1, " "1, " "1, " "1, " "1, " "1, " "1, " "1, " "1, " "1, " "1, " "1, " "1, " "1, " "1, " "1, " "1, " "1, " "1, " "1, " "1, " "1, " "1, " "1, " "1, " "1, " "1, " "1, " "1, " "1, " "1, " "1, "203
 "Nei155, 0.582, " "-0.003, " "1, " "1, " "1, " "1, " "1, " "1, " "1, " "1, " "1, " "1, " "1, " "1, " "1, " "1, " "1, " "1, " "1, " "1, " "1, " "1, " "1, " "1, " "1, " "1, " "1, " "1, " "1, " "1, " "1, " "1, " "1, " "1, " "1, " "1, " "1, " "1, " "1, " "1, " "1, " "1, " "1, " "1, " "1, " "1, " "1, " "1, " "1, " "1, " "1, " "1, " "1, " "1, " "1, " "1, " "1, " "1, " "1, " "1, " "1, " "1, " "1, " "1, " "1, " "1, " "1, " "1, " "1, " "1, " "1, " "1, " "1, " "1, " "1, " "1, " "1, " "1, " "1, " "1, " "1, " "1, " "1, " "1, " "1, " "1, " "1, " "1, " "1, " "1, " "1, " "1, " "1, " "1, " "1, " "1, " "1, " "1, " "1, " "1, " "1, " "1, " "1, " "1, " "1, " "1, " "1, " "1, " "1, " "1, " "1, " "1, " "1, " "1, " "1, " "1, " "1, " "1, " "1, " "1, " "1, " "1, " "1, " "1, " "1, " "1, " "1, " "1, " "1, " "1, " "1, " "1, " "1, " "1, " "1, " "1, " "1, " "1, " "1, " "1, " "1, " "1, " "1, " "1, " "1, " "1, " "1, " "1, " "1, " "1, " "1, " "1, " "1, " "1, " "1, " "1, " "1, " "0, " "1, " "1, " "1, " "1, " "1, " "1, " "1, " "1, " "1, " "1, " "1, " "1, " "1, " "1, " "1, " "1, " "1, " "1, " "1, " "1, " "1, " "1, " "1, " "1, " "1, " "1, " "1, " "1, " "1, " "1, " "1, " "1, " "1, " "1, " "1, " "1, " "1, " "1, " "1, " "1, " "1, " "1, " "1, " "1, " "1, " "1, " "1, " "1, " "1, " "1, " "1, " "1, " "1, " "1, " "1, " "1, " "1, " "1, " "1, " "1, " "1, " "1, " "1, " "1, " "1, " "1, " "1, " "1, " "1, " "1, " "1, " "1, " "1, " "1, " "1, " "1, " "1, " "1, " "1, " "1, " "1, " "1, " "1, " "1, " "1, " "1, " "1, " "1, " "1, " "1, " "1, " "1, " "1, " "1, " "1, " "1, " "1, " "1, " "1, " "1, " "1, "203
 "Nei156, 0.492, " "-0.003, " "1, " "1, " "1, " "1, " "1, " "1, " "1, " "1, " "1, " "1, " "1, " "1, " "1, " "1, " "1, " "1, " "1, " "1, " "1, " "1, " "1, " "1, " "1, " "1, " "1, " "1, " "1, " "1, " "1, " "1, " "1, " "1, " "1, " "1, " "1, " "1, " "1, " "1, " "1, " "1, " "1, " "1, " "1, " "1, " "1, " "1, " "1, " "1, " "1, " "1, " "1, " "1, " "1, " "1, " "1, " "1, " "1, " "1, " "1, " "1, " "1, " "1, " "1, " "1, " "1, " "1, " "1, " "1, " "1, " "1, " "1, " "1, " "1, " "1, " "1, " "1, " "1, " "1, " "1, " "1, " "1, " "1, " "1, " "1, " "1, " "1, " "1, " "1, " "1, " "1, " "1, " "1, " "1, " "1, " "1, " "1, " "1, " "1, " "1, " "1, " "1, " "1, " "1, " "1, " "1, " "1, " "1, " "1, " "1, " "1, " "1, " "1, " "1, " "1, " "1, " "1, " "1, " "1, " "1, " "1, " "1, " "1, " "1, " "1, " "1, " "1, " "1, " "1, " "1, " "1, " "1, " "1, " "1, " "1, " "1, " "1, " "1, " "1, " "1, " "1, " "1, " "1, " "1, " "1, " "1, " "1, " "1, " "1, " "1, " "1, " "1, " "1, " "1, " "1, " "1, " "1, " "0, " "1, " "1, " "1, " "1, " "1, " "1, " "1, " "1, " "1, " "1, " "1, " "1, " "1, " "1, " "1, " "1, " "1, " "1, " "1, " "1, " "1, " "1, " "1, " "1, " "1, " "1, " "1, " "1, " "1, " "1, " "1, " "1, " "1, " "1, " "1, " "1, " "1, " "1, " "1, " "1, " "1, " "1, " "1, " "1, " "1, " "1, " "1, " "1, " "1, " "1, " "1, " "1, " "1, " "1, " "1, " "1, " "1, " "1, " "1, " "1, " "1, " "1, " "1, " "1, " "1, " "1, " "1, " "1, " "1, " "1, " "1, " "1, " "1, " "1, " "1, " "1, " "1, " "1, " "1, " "1, " "1, " "1, " "1, " "1, " "1, " "1, " "1, " "1, " "1, " "1, " "1, " "1, " "1, " "1, " "1, " "1, " "1, " "1, " "1, " "1, "203
 "Nei157, 0.059, " "-0.003, " "1, " "1, " "1, " "1, " "1, " "1, " "1, " "1, " "1, " "1, " "1, " "1, " "1, " "1, " "1, " "1, " "1, " "1, " "1, " "1, " "1, " "1, " "1, " "1, " "1, " "1, " "1, " "1, " "1, " "1, " "1, " "1, " "1, " "1, " "1, " "1, " "1, " "1, " "1, " "1, " "1, " "1, " "1, " "1, " "1, " "1, " "1, " "1, " "1, " "1, " "1, " "1, " "1, " "1, " "1, " "1, " "1, " "1, " "1, " "1, " "1, " "1, " "1, " "1, " "1, " "1, " "1, " "1, " "1, " "1, " "1, " "1, " "1, " "1, " "1, " "1, " "1, " "1, " "1, " "1, " "1, " "1, " "1, " "1, " "1, " "1, " "1, " "1, " "1, " "1, " "1, " "1, " "1, " "1, " "1, " "1, " "1, " "1, " "1, " "1, " "1, " "1, " "1, " "1, " "1, " "1, " "1, " "1, " "1, " "1, " "1, " "1, " "1, " "1, " "1, " "1, " "1, " "1, " "1, " "1, " "1, " "1, " "1, " "1, " "1, " "1, " "1, " "1, " "1, " "1, " "1, " "1, " "1, " "1, " "1, " "1, " "1, " "1, " "1, " "1, " "1, " "1, " "1, " "1, " "1, " "1, " "1, " "1, " "1, " "1, " "1, " "1, " "1, " "1, " "1, " "1, " "1, " "0, " "1, " "1, " "1, " "1, " "1, " "1, " "1, " "1, " "1, " "1, " "1, " "1, " "1, " "1, " "1, " "1, " "1, " "1, " "1, " "1, " "1, " "1, " "1, " "1, " "1, " "1, " "1, " "1, " "1, " "1, " "1, " "1, " "1, " "1, " "1, " "1, " "1, " "1, " "1, " "1, " "1, " "1, " "1, " "1, " "1, " "1, " "1, " "1, " "1, " "1, " "1, " "1, " "1, " "1, " "1, " "1, " "1, " "1, " "1, " "1, " "1, " "1, " "1, " "1, " "1, " "1, " "1, " "1, " "1, " "1, " "1, " "1, " "1, " "1, " "1, " "1, " "1, " "1, " "1, " "1, " "1, " "1, " "1, " "1, " "1, " "1, " "1, " "1, " "1, " "1, " "1, " "1, " "1, " "1, " "1, " "1, " "1, " "1, " "1, "203
 "Nei158, 0.362, " "-0.003, " "1, " "1, " "1, " "1, " "1, " "1, " "1, " "1, " "1, " "1, " "1, " "1, " "1, " "1, " "1, " "1, " "1, " "1, " "1, " "1, " "1, " "1, " "1, " "1, " "1, " "1, " "1, " "1, " "1, " "1, " "1, " "1, " "1, " "1, " "1, " "1, " "1, " "1, " "1, " "1, " "1, " "1, " "1, " "1, " "1, " "1, " "1, " "1, " "1, " "1, " "1, " "1, " "1, " "1, " "1, " "1, " "1, " "1, " "1, " "1, " "1, " "1, " "1, " "1, " "1, " "1, " "1, " "1, " "1, " "1, " "1, " "1, " "1, " "1, " "1, " "1, " "1, " "1, " "1, " "1, " "1, " "1, " "1, " "1, " "1, " "1, " "1, " "1, " "1, " "1, " "1, " "1, " "1, " "1, " "1, " "1, " "1, " "1, " "1, " "1, " "1, " "1, " "1, " "1, " "1, " "1, " "1, " "1, " "1, " "1, " "1, " "1, " "1, " "1, " "1, " "1, " "1, " "1, " "1, " "1, " "1, " "1, " "1, " "1, " "1, " "1, " "1, " "1, " "1, " "1, " "1, " "1, " "1, " "1, " "1, " "1, " "1, " "1, " "1, " "1, " "1, " "1, " "1, " "1, " "1, " "1, " "1, " "1, " "1, " "1, " "1, " "1, " "1, " "1, " "1, " "1, " "1, " "1, " "0, " "1, " "1, " "1, " "1, " "1, " "1, " "1, " "1, " "1, " "1, " "1, " "1, " "1, " "1, " "1, " "1, " "1, " "1, " "1, " "1, " "1, " "1, " "1, " "1, " "1, " "1, " "1, " "1, " "1, " "1, " "1, " "1, " "1, " "1, " "1, " "1, " "1, " "1, " "1, " "1, " "1, " "1, " "1, " "1, " "1, " "1, " "1, " "1, " "1, " "1, " "1, " "1, " "1, " "1, " "1, " "1, " "1, " "1, " "1, " "1, " "1, " "1, " "1, " "1, " "1, " "1, " "1, " "1, " "1, " "1, " "1, " "1, " "1, " "1, " "1, " "1, " "1, " "1, " "1, " "1, " "1, " "1, " "1, " "1, " "1, " "1, " "1, " "1, " "1, " "1, " "1, " "1, " "1, " "1, " "1, " "1, " "1, " "1, "203
 "Nei159, 0.182, " "-0.003, " "1, " "1, " "1, " "1, " "1, " "1, " "1, " "1, " "1, " "1, " "1, " "1, " "1, " "1, " "1, " "1, " "1, " "1, " "1, " "1, " "1, " "1, " "1, " "1, " "1, " "1, " "1, " "1, " "1, " "1, " "1, " "1, " "1, " "1, " "1, " "1, " "1, " "1, " "1, " "1, " "1, " "1, " "1, " "1, " "1, " "1, " "1, " "1, " "1, " "1, " "1, " "1, " "1, " "1, " "1, " "1, " "1, " "1, " "1, " "1, " "1, " "1, " "1, " "1, " "1, " "1, " "1, " "1, " "1, " "1, " "1, " "1, " "1, " "1, " "1, " "1, " "1, " "1, " "1, " "1, " "1, " "1, " "1, " "1, " "1, " "1, " "1, " "1, " "1, " "1, " "1, " "1, " "1, " "1, " "1, " "1, " "1, " "1, " "1, " "1, " "1, " "1, " "1, " "1, " "1, " "1, " "1, " "1, " "1, " "1, " "1, " "1, " "1, " "1, " "1, " "1, " "1, " "1, " "1, " "1, " "1, " "1, " "1, " "1, " "1, " "1, " "1, " "1, " "1, " "1, " "1, " "1, " "1, " "1, " "1, " "1, " "1, " "1, " "1, " "1, " "1, " "1, " "1, " "1, " "1, " "1, " "1, " "1, " "1, " "1, " "1, " "1, " "1, " "1, " "1, " "1, " "1, " "1, " "1, " "0, " "1, " "1, " "1, " "1, " "1, " "1, " "1, " "1, " "1, " "1, " "1, " "1, " "1, " "1, " "1, " "1, " "1, " "1, " "1, " "1, " "1, " "1, " "1, " "1, " "1, " "1, " "1, " "1, " "1, " "1, " "1, " "1, " "1, " "1, " "1, " "1, " "1, " "1, " "1, " "1, " "1, " "1, " "1, " "1, " "1, " "1, " "1, " "1, " "1, " "1, " "1, " "1, " "1, " "1, " "1, " "1, " "1, " "1, " "1, " "1, " "1, " "1, " "1, " "1, " "1, " "1, " "1, " "1, " "1, " "1, " "1, " "1, " "1, " "1, " "1, " "1, " "1, " "1, " "1, " "1, " "1, " "1, " "1, " "1, " "1, " "1, " "1, " "1, " "1, " "1, " "1, " "1, " "1, " "1, " "1, " "1, " "1, "203
 "Nei160, 0.367, " "-0.003, " "1, " "1, " "1, " "1, " "1, " "1, " "1, " "1, " "1, " "1, " "1, " "1, " "1, " "1, " "1, " "1, " "1, " "1, " "1, " "1, " "1, " "1, " "1, " "1, " "1, " "1, " "1, " "1, " "1, " "1, " "1, " "1, " "1, " "1, " "1, " "1, " "1, " "1, " "1, " "1, " "1, " "1, " "1, " "1, " "1, " "1, " "1, " "1, " "1, " "1, " "1, " "1, " "1, " "1, " "1, " "1, " "1, " "1, " "1, " "1, " "1, " "1, " "1, " "1, " "1, " "1, " "1, " "1, " "1, " "1, " "1, " "1, " "1, " "1, " "1, " "1, " "1, " "1, " "1, " "1, " "1, " "1, " "1, " "1, " "1, " "1, " "1, " "1, " "1, " "1, " "1, " "1, " "1, " "1, " "1, " "1, " "1, " "1, " "1, " "1, " "1, " "1, " "1, " "1, " "1, " "1, " "1, " "1, " "1, " "1, " "1, " "1, " "1, " "1, " "1, " "1, " "1, " "1, " "1, " "1, " "1, " "1, " "1, " "1, " "1, " "1, " "1, " "1, " "1, " "1, " "1, " "1, " "1, " "1, " "1, " "1, " "1, " "1, " "1, " "1, " "1, " "1, " "1, " "1, " "1, " "1, " "1, " "1, " "1, " "1, " "1, " "1, " "1, " "1, " "1, " "1, " "1, " "1, " "1, " "1, " "0, " "1, " "1, " "1, " "1, " "1, " "1, " "1, " "1, " "1, " "1, " "1, " "1, " "1, " "1, " "1, " "1, " "1, " "1, " "1, " "1, " "1, " "1, " "1, " "1, " "1, " "1, " "1, " "1, " "1, " "1, " "1, " "1, " "1, " "1, " "1, " "1, " "1, " "1, " "1, " "1, " "1, " "1, " "1, " "1, " "1, " "1, " "1, " "1, " "1, " "1, " "1, " "1, " "1, " "1, " "1, " "1, " "1, " "1, " "1, " "1, " "1, " "1, " "1, " "1, " "1, " "1, " "1, " "1, " "1, " "1, " "1, " "1, " "1, " "1, " "1, " "1, " "1, " "1, " "1, " "1, " "1, " "1, " "1, " "1, " "1, " "1, " "1, " "1, " "1, " "1, " "1, " "1, " "1, " "1, " "1, " "1, "203
 "Nei161, 0.269, " "-0.003, " "1, " "1, " "1, " "1, " "1, " "1, " "1, " "1, " "1, " "1, " "1, " "1, " "1, " "1, " "1, " "1, " "1, " "1, " "1, " "1, " "1, " "1, " "1, " "1, " "1, " "1, " "1, " "1, " "1, " "1, " "1, " "1, " "1, " "1, " "1, " "1, " "1, " "1, " "1, " "1, " "1, " "1, " "1, " "1, " "1, " "1, " "1, " "1, " "1, " "1, " "1, " "1, " "1, " "1, " "1, " "1, " "1, " "1, " "1, " "1, " "1, " "1, " "1, " "1, " "1, " "1, " "1, " "1, " "1, " "1, " "1, " "1, " "1, " "1, " "1, " "1, " "1, " "1, " "1, " "1, " "1, " "1, " "1, " "1, " "1, " "1, " "1, " "1, " "1, " "1, " "1, " "1, " "1, " "1, " "1, " "1, " "1, " "1, " "1, " "1, " "1, " "1, " "1, " "1, " "1, " "1, " "1, " "1, " "1, " "1, " "1, " "1, " "1, " "1, " "1, " "1, " "1, " "1, " "1, " "1, " "1, " "1, " "1, " "1, " "1, " "1, " "1, " "1, " "1, " "1, " "1, " "1, " "1, " "1, " "1, " "1, " "1, " "1, " "1, " "1, " "1, " "1, " "1, " "1, " "1, " "1, " "1, " "1, " "1, " "1, " "1, " "1, " "1, " "1, " "1, " "1, " "1, " "1, " "1, " "1, " "1, " "0, " "1, " "1, " "1, " "1, " "1, " "1, " "1, " "1, " "1, " "1, " "1, " "1, " "1, " "1, " "1, " "1, " "1, " "1, " "1, " "1, " "1, " "1, " "1, " "1, " "1, " "1, " "1, " "1, " "1, " "1, " "1, " "1, " "1, " "1, " "1, " "1, " "1, " "1, " "1, " "1, " "1, " "1, " "1, " "1, " "1, " "1, " "1, " "1, " "1, " "1, " "1, " "1, " "1, " "1, " "1, " "1, " "1, " "1, " "1, " "1, " "1, " "1, " "1, " "1, " "1, " "1, " "1, " "1, " "1, " "1, " "1, " "1, " "1, " "1, " "1, " "1, " "1, " "1, " "1, " "1, " "1, " "1, " "1, " "1, " "1, " "1, " "1, " "1, " "1, " "1, " "1, " "1, " "1, " "1, " "1, "203
 "Nei162, 0.155, " "-0.003, " "1, " "1, " "1, " "1, " "1, " "1, " "1, " "1, " "1, " "1, " "1, " "1, " "1, " "1, " "1, " "1, " "1, " "1, " "1, " "1, " "1, " "1, " "1, " "1, " "1, " "1, " "1, " "1, " "1, " "1, " "1, " "1, " "1, " "1, " "1, " "1, " "1, " "1, " "1, " "1, " "1, " "1, " "1, " "1, " "1, " "1, " "1, " "1, " "1, " "1, " "1, " "1, " "1, " "1, " "1, " "1, " "1, " "1, " "1, " "1, " "1, " "1, " "1, " "1, " "1, " "1, " "1, " "1, " "1, " "1, " "1, " "1, " "1, " "1, " "1, " "1, " "1, " "1, " "1, " "1, " "1, " "1, " "1, " "1, " "1, " "1, " "1, " "1, " "1, " "1, " "1, " "1, " "1, " "1, " "1, " "1, " "1, " "1, " "1, " "1, " "1, " "1, " "1, " "1, " "1, " "1, " "1, " "1, " "1, " "1, " "1, " "1, " "1, " "1, " "1, " "1, " "1, " "1, " "1, " "1, " "1, " "1, " "1, " "1, " "1, " "1, " "1, " "1, " "1, " "1, " "1, " "1, " "1, " "1, " "1, " "1, " "1, " "1, " "1, " "1, " "1, " "1, " "1, " "1, " "1, " "1, " "1, " "1, " "1, " "1, " "1, " "1, " "1, " "1, " "1, " "1, " "1, " "1, " "1, " "1, " "1, " "1, " "0, " "1, " "1, " "1, " "1, " "1, " "1, " "1, " "1, " "1, " "1, " "1, " "1, " "1, " "1, " "1, " "1, " "1, " "1, " "1, " "1, " "1, " "1, " "1, " "1, " "1, " "1, " "1, " "1, " "1, " "1, " "1, " "1, " "1, " "1, " "1, " "1, " "1, " "1, " "1, " "1, " "1, " "1, " "1, " "1, " "1, " "1, " "1, " "1, " "1, " "1, " "1, " "1, " "1, " "1, " "1, " "1, " "1, " "1, " "1, " "1, " "1, " "1, " "1, " "1, " "1, " "1, " "1, " "1, " "1, " "1, " "1, " "1, " "1, " "1, " "1, " "1, " "1, " "1, " "1, " "1, " "1, " "1, " "1, " "1, " "1, " "1, " "1, " "1, " "1, " "1, " "1, " "1, " "1, " "1, "203
 "Nei163, 0.317, " "-0.003, " "1, " "1, " "1, " "1, " "1, " "1, " "1, " "1, " "1, " "1, " "1, " "1, " "1, " "1, " "1, " "1, " "1, " "1, " "1, " "1, " "1, " "1, " "1, " "1, " "1, " "1, " "1, " "1, " "1, " "1, " "1, " "1, " "1, " "1, " "1, " "1, " "1, " "1, " "1, " "1, " "1, " "1, " "1, " "1, " "1, " "1, " "1, " "1, " "1, " "1, " "1, " "1, " "1, " "1, " "1, " "1, " "1, " "1, " "1, " "1, " "1, " "1, " "1, " "1, " "1, " "1, " "1, " "1, " "1, " "1, " "1, " "1, " "1, " "1, " "1, " "1, " "1, " "1, " "1, " "1, " "1, " "1, " "1, " "1, " "1, " "1, " "1, " "1, " "1, " "1, " "1, " "1, " "1, " "1, " "1, " "1, " "1, " "1, " "1, " "1, " "1, " "1, " "1, " "1, " "1, " "1, " "1, " "1, " "1, " "1, " "1, " "1, " "1, " "1, " "1, " "1, " "1, " "1, " "1, " "1, " "1, " "1, " "1, " "1, " "1, " "1, " "1, " "1, " "1, " "1, " "1, " "1, " "1, " "1, " "1, " "1, " "1, " "1, " "1, " "1, " "1, " "1, " "1, " "1, " "1, " "1, " "1, " "1, " "1, " "1, " "1, " "1, " "1, " "1, " "1, " "1, " "1, " "1, " "1, " "1, " "1, " "1, " "1, " "0, " "1, " "1, " "1, " "1, " "1, " "1, " "1, " "1, " "1, " "1, " "1, " "1, " "1, " "1, " "1, " "1, " "1, " "1, " "1, " "1, " "1, " "1, " "1, " "1, " "1, " "1, " "1, " "1, " "1, " "1, " "1, " "1, " "1, " "1, " "1, " "1, " "1, " "1, " "1, " "1, " "1, " "1, " "1, " "1, " "1, " "1, " "1, " "1, " "1, " "1, " "1, " "1, " "1, " "1, " "1, " "1, " "1, " "1, " "1, " "1, " "1, " "1, " "1, " "1, " "1, " "1, " "1, " "1, " "1, " "1, " "1, " "1, " "1, " "1, " "1, " "1, " "1, " "1, " "1, " "1, " "1, " "1, " "1, " "1, " "1, " "1, " "1, " "1, " "1, " "1, " "1, " "1, " "1, "203
 "Nei164, 0.102, " "-0.003, " "1, " "1, " "1, " "1, " "1, " "1, " "1, " "1, " "1, " "1, " "1, " "1, " "1, " "1, " "1, " "1, " "1, " "1, " "1, " "1, " "1, " "1, " "1, " "1, " "1, " "1, " "1, " "1, " "1, " "1, " "1, " "1, " "1, " "1, " "1, " "1, " "1, " "1, " "1, " "1, " "1, " "1, " "1, " "1, " "1, " "1, " "1, " "1, " "1, " "1, " "1, " "1, " "1, " "1, " "1, " "1, " "1, " "1, " "1, " "1, " "1, " "1, " "1, " "1, " "1, " "1, " "1, " "1, " "1, " "1, " "1, " "1, " "1, " "1, " "1, " "1, " "1, " "1, " "1, " "1, " "1, " "1, " "1, " "1, " "1, " "1, " "1, " "1, " "1, " "1, " "1, " "1, " "1, " "1, " "1, " "1, " "1, " "1, " "1, " "1, " "1, " "1, " "1, " "1, " "1, " "1, " "1, " "1, " "1, " "1, " "1, " "1, " "1, " "1, " "1, " "1, " "1, " "1, " "1, " "1, " "1, " "1, " "1, " "1, " "1, " "1, " "1, " "1, " "1, " "1, " "1, " "1, " "1, " "1, " "1, " "1, " "1, " "1, " "1, " "1, " "1, " "1, " "1, " "1, " "1, " "1, " "1, " "1, " "1, " "1, " "1, " "1, " "1, " "1, " "1, " "1, " "1, " "1, " "1, " "1, " "1, " "1, " "1, " "1, " "0, " "1, " "1, " "1, " "1, " "1, " "1, " "1, " "1, " "1, " "1, " "1, " "1, " "1, " "1, " "1, " "1, " "1, " "1, " "1, " "1, " "1, " "1, " "1, " "1, " "1, " "1, " "1, " "1, " "1, " "1, " "1, " "1, " "1, " "1, " "1, " "1, " "1, " "1, " "1, " "1, " "1, " "1, " "1, " "1, " "1, " "1, " "1, " "1, " "1, " "1, " "1, " "1, " "1, " "1, " "1, " "1, " "1, " "1, " "1, " "1, " "1, " "1, " "1, " "1, " "1, " "1, " "1, " "1, " "1, " "1, " "1, " "1, " "1, " "1, " "1, " "1, " "1, " "1, " "1, " "1, " "1, " "1, " "1, " "1, " "1, " "1, " "1, " "1, " "1, " "1, " "1, " "1, "203
 "Nei165, 0.08, " "-0.003, " "1, " "1, " "1, " "1, " "1, " "1, " "1, " "1, " "1, " "1, " "1, " "1, " "1, " "1, " "1, " "1, " "1, " "1, " "1, " "1, " "1, " "1, " "1, " "1, " "1, " "1, " "1, " "1, " "1, " "1, " "1, " "1, " "1, " "1, " "1, " "1, " "1, " "1, " "1, " "1, " "1, " "1, " "1, " "1, " "1, " "1, " "1, " "1, " "1, " "1, " "1, " "1, " "1, " "1, " "1, " "1, " "1, " "1, " "1, " "1, " "1, " "1, " "1, " "1, " "1, " "1, " "1, " "1, " "1, " "1, " "1, " "1, " "1, " "1, " "1, " "1, " "1, " "1, " "1, " "1, " "1, " "1, " "1, " "1, " "1, " "1, " "1, " "1, " "1, " "1, " "1, " "1, " "1, " "1, " "1, " "1, " "1, " "1, " "1, " "1, " "1, " "1, " "1, " "1, " "1, " "1, " "1, " "1, " "1, " "1, " "1, " "1, " "1, " "1, " "1, " "1, " "1, " "1, " "1, " "1, " "1, " "1, " "1, " "1, " "1, " "1, " "1, " "1, " "1, " "1, " "1, " "1, " "1, " "1, " "1, " "1, " "1, " "1, " "1, " "1, " "1, " "1, " "1, " "1, " "1, " "1, " "1, " "1, " "1, " "1, " "1, " "1, " "1, " "1, " "1, " "1, " "1, " "1, " "1, " "1, " "1, " "1, " "1, " "1, " "1, " "0, " "1, " "1, " "1, " "1, " "1, " "1, " "1, " "1, " "1, " "1, " "1, " "1, " "1, " "1, " "1, " "1, " "1, " "1, " "1, " "1, " "1, " "1, " "1, " "1, " "1, " "1, " "1, " "1, " "1, " "1, " "1, " "1, " "1, " "1, " "1, " "1, " "1, " "1, " "1, " "1, " "1, " "1, " "1, " "1, " "1, " "1, " "1, " "1, " "1, " "1, " "1, " "1, " "1, " "1, " "1, " "1, " "1, " "1, " "1, " "1, " "1, " "1, " "1, " "1, " "1, " "1, " "1, " "1, " "1, " "1, " "1, " "1, " "1, " "1, " "1, " "1, " "1, " "1, " "1, " "1, " "1, " "1, " "1, " "1, " "1, " "1, " "1, " "1, " "1, " "1, " "1, "203
 "Nei166, 0.544, " "-0.003, " "1, " "1, " "1, " "1, " "1, " "1, " "1, " "1, " "1, " "1, " "1, " "1, " "1, " "1, " "1, " "1, " "1, " "1, " "1, " "1, " "1, " "1, " "1, " "1, " "1, " "1, " "1, " "1, " "1, " "1, " "1, " "1, " "1, " "1, " "1, " "1, " "1, " "1, " "1, " "1, " "1, " "1, " "1, " "1, " "1, " "1, " "1, " "1, " "1, " "1, " "1, " "1, " "1, " "1, " "1, " "1, " "1, " "1, " "1, " "1, " "1, " "1, " "1, " "1, " "1, " "1, " "1, " "1, " "1, " "1, " "1, " "1, " "1, " "1, " "1, " "1, " "1, " "1, " "1, " "1, " "1, " "1, " "1, " "1, " "1, " "1, " "1, " "1, " "1, " "1, " "1, " "1, " "1, " "1, " "1, " "1, " "1, " "1, " "1, " "1, " "1, " "1, " "1, " "1, " "1, " "1, " "1, " "1, " "1, " "1, " "1, " "1, " "1, " "1, " "1, " "1, " "1, " "1, " "1, " "1, " "1, " "1, " "1, " "1, " "1, " "1, " "1, " "1, " "1, " "1, " "1, " "1, " "1, " "1, " "1, " "1, " "1, " "1, " "1, " "1, " "1, " "1, " "1, " "1, " "1, " "1, " "1, " "1, " "1, " "1, " "1, " "1, " "1, " "1, " "1, " "1, " "1, " "1, " "1, " "1, " "1, " "1, " "1, " "1, " "1, " "1, " "0, " "1, " "1, " "1, " "1, " "1, " "1, " "1, " "1, " "1, " "1, " "1, " "1, " "1, " "1, " "1, " "1, " "1, " "1, " "1, " "1, " "1, " "1, " "1, " "1, " "1, " "1, " "1, " "1, " "1, " "1, " "1, " "1, " "1, " "1, " "1, " "1, " "1, " "1, " "1, " "1, " "1, " "1, " "1, " "1, " "1, " "1, " "1, " "1, " "1, " "1, " "1, " "1, " "1, " "1, " "1, " "1, " "1, " "1, " "1, " "1, " "1, " "1, " "1, " "1, " "1, " "1, " "1, " "1, " "1, " "1, " "1, " "1, " "1, " "1, " "1, " "1, " "1, " "1, " "1, " "1, " "1, " "1, " "1, " "1, " "1, " "1, " "1, " "1, " "1, " "1, "203
 "Nei167, 0.003, " "-0.003, " "1, " "1, " "1, " "1, " "1, " "1, " "1, " "1, " "1, " "1, " "1, " "1, " "1, " "1, " "1, " "1, " "1, " "1, " "1, " "1, " "1, " "1, " "1, " "1, " "1, " "1, " "1, " "1, " "1, " "1, " "1, " "1, " "1, " "1, " "1, " "1, " "1, " "1, " "1, " "1, " "1, " "1, " "1, " "1, " "1, " "1, " "1, " "1, " "1, " "1, " "1, " "1, " "1, " "1, " "1, " "1, " "1, " "1, " "1, " "1, " "1, " "1, " "1, " "1, " "1, " "1, " "1, " "1, " "1, " "1, " "1, " "1, " "1, " "1, " "1, " "1, " "1, " "1, " "1, " "1, " "1, " "1, " "1, " "1, " "1, " "1, " "1, " "1, " "1, " "1, " "1, " "1, " "1, " "1, " "1, " "1, " "1, " "1, " "1, " "1, " "1, " "1, " "1, " "1, " "1, " "1, " "1, " "1, " "1, " "1, " "1, " "1, " "1, " "1, " "1, " "1, " "1, " "1, " "1, " "1, " "1, " "1, " "1, " "1, " "1, " "1, " "1, " "1, " "1, " "1, " "1, " "1, " "1, " "1, " "1, " "1, " "1, " "1, " "1, " "1, " "1, " "1, " "1, " "1, " "1, " "1, " "1, " "1, " "1, " "1, " "1, " "1, " "1, " "1, " "1, " "1, " "1, " "1, " "1, " "1, " "1, " "1, " "1, " "1, " "1, " "1, " "1, " "0, " "1, " "1, " "1, " "1, " "1, " "1, " "1, " "1, " "1, " "1, " "1, " "1, " "1, " "1, " "1, " "1, " "1, " "1, " "1, " "1, " "1, " "1, " "1, " "1, " "1, " "1, " "1, " "1, " "1, " "1, " "1, " "1, " "1, " "1, " "1, " "1, " "1, " "1, " "1, " "1, " "1, " "1, " "1, " "1, " "1, " "1, " "1, " "1, " "1, " "1, " "1, " "1, " "1, " "1, " "1, " "1, " "1, " "1, " "1, " "1, " "1, " "1, " "1, " "1, " "1, " "1, " "1, " "1, " "1, " "1, " "1, " "1, " "1, " "1, " "1, " "1, " "1, " "1, " "1, " "1, " "1, " "1, " "1, " "1, " "1, " "1, " "1, " "1, " "1, "203
 "Nei168, 0.496, " "-0.003, " "1, " "1, " "1, " "1, " "1, " "1, " "1, " "1, " "1, " "1, " "1, " "1, " "1, " "1, " "1, " "1, " "1, " "1, " "1, " "1, " "1, " "1, " "1, " "1, " "1, " "1, " "1, " "1, " "1, " "1, " "1, " "1, " "1, " "1, " "1, " "1, " "1, " "1, " "1, " "1, " "1, " "1, " "1, " "1, " "1, " "1, " "1, " "1, " "1, " "1, " "1, " "1, " "1, " "1, " "1, " "1, " "1, " "1, " "1, " "1, " "1, " "1, " "1, " "1, " "1, " "1, " "1, " "1, " "1, " "1, " "1, " "1, " "1, " "1, " "1, " "1, " "1, " "1, " "1, " "1, " "1, " "1, " "1, " "1, " "1, " "1, " "1, " "1, " "1, " "1, " "1, " "1, " "1, " "1, " "1, " "1, " "1, " "1, " "1, " "1, " "1, " "1, " "1, " "1, " "1, " "1, " "1, " "1, " "1, " "1, " "1, " "1, " "1, " "1, " "1, " "1, " "1, " "1, " "1, " "1, " "1, " "1, " "1, " "1, " "1, " "1, " "1, " "1, " "1, " "1, " "1, " "1, " "1, " "1, " "1, " "1, " "1, " "1, " "1, " "1, " "1, " "1, " "1, " "1, " "1, " "1, " "1, " "1, " "1, " "1, " "1, " "1, " "1, " "1, " "1, " "1, " "1, " "1, " "1, " "1, " "1, " "1, " "1, " "1, " "1, " "1, " "1, " "1, " "0, " "1, " "1, " "1, " "1, " "1, " "1, " "1, " "1, " "1, " "1, " "1, " "1, " "1, " "1, " "1, " "1, " "1, " "1, " "1, " "1, " "1, " "1, " "1, " "1, " "1, " "1, " "1, " "1, " "1, " "1, " "1, " "1, " "1, " "1, " "1, " "1, " "1, " "1, " "1, " "1, " "1, " "1, " "1, " "1, " "1, " "1, " "1, " "1, " "1, " "1, " "1, " "1, " "1, " "1, " "1, " "1, " "1, " "1, " "1, " "1, " "1, " "1, " "1, " "1, " "1, " "1, " "1, " "1, " "1, " "1, " "1, " "1, " "1, " "1, " "1, " "1, " "1, " "1, " "1, " "1, " "1, " "1, " "1, " "1, " "1, " "1, " "1, " "1, "203
 "Nei169, 0.582, " "-0.003, " "1, " "1, " "1, " "1, " "1, " "1, " "1, " "1, " "1, " "1, " "1, " "1, " "1, " "1, " "1, " "1, " "1, " "1, " "1, " "1, " "1, " "1, " "1, " "1, " "1, " "1, " "1, " "1, " "1, " "1, " "1, " "1, " "1, " "1, " "1, " "1, " "1, " "1, " "1, " "1, " "1, " "1, " "1, " "1, " "1, " "1, " "1, " "1, " "1, " "1, " "1, " "1, " "1, " "1, " "1, " "1, " "1, " "1, " "1, " "1, " "1, " "1, " "1, " "1, " "1, " "1, " "1, " "1, " "1, " "1, " "1, " "1, " "1, " "1, " "1, " "1, " "1, " "1, " "1, " "1, " "1, " "1, " "1, " "1, " "1, " "1, " "1, " "1, " "1, " "1, " "1, " "1, " "1, " "1, " "1, " "1, " "1, " "1, " "1, " "1, " "1, " "1, " "1, " "1, " "1, " "1, " "1, " "1, " "1, " "1, " "1, " "1, " "1, " "1, " "1, " "1, " "1, " "1, " "1, " "1, " "1, " "1, " "1, " "1, " "1, " "1, " "1, " "1, " "1, " "1, " "1, " "1, " "1, " "1, " "1, " "1, " "1, " "1, " "1, " "1, " "1, " "1, " "1, " "1, " "1, " "1, " "1, " "1, " "1, " "1, " "1, " "1, " "1, " "1, " "1, " "1, " "1, " "1, " "1, " "1, " "1, " "1, " "1, " "1, " "1, " "1, " "1, " "1, " "1, " "0, " "1, " "1, " "1, " "1, " "1, " "1, " "1, " "1, " "1, " "1, " "1, " "1, " "1, " "1, " "1, " "1, " "1, " "1, " "1, " "1, " "1, " "1, " "1, " "1, " "1, " "1, " "1, " "1, " "1, " "1, " "1, " "1, " "1, " "1, " "1, " "1, " "1, " "1, " "1, " "1, " "1, " "1, " "1, " "1, " "1, " "1, " "1, " "1, " "1, " "1, " "1, " "1, " "1, " "1, " "1, " "1, " "1, " "1, " "1, " "1, " "1, " "1, " "1, " "1, " "1, " "1, " "1, " "1, " "1, " "1, " "1, " "1, " "1, " "1, " "1, " "1, " "1, " "1, " "1, " "1, " "1, " "1, " "1, " "1, " "1, " "1, " "1, "203
 "Nei170, 0.07, " "-0.003, " "1, " "1, " "1, " "1, " "1, " "1, " "1, " "1, " "1, " "1, " "1, " "1, " "1, " "1, " "1, " "1, " "1, " "1, " "1, " "1, " "1, " "1, " "1, " "1, " "1, " "1, " "1, " "1, " "1, " "1, " "1, " "1, " "1, " "1, " "1, " "1, " "1, " "1, " "1, " "1, " "1, " "1, " "1, " "1, " "1, " "1, " "1, " "1, " "1, " "1, " "1, " "1, " "1, " "1, " "1, " "1, " "1, " "1, " "1, " "1, " "1, " "1, " "1, " "1, " "1, " "1, " "1, " "1, " "1, " "1, " "1, " "1, " "1, " "1, " "1, " "1, " "1, " "1, " "1, " "1, " "1, " "1, " "1, " "1, " "1, " "1, " "1, " "1, " "1, " "1, " "1, " "1, " "1, " "1, " "1, " "1, " "1, " "1, " "1, " "1, " "1, " "1, " "1, " "1, " "1, " "1, " "1, " "1, " "1, " "1, " "1, " "1, " "1, " "1, " "1, " "1, " "1, " "1, " "1, " "1, " "1, " "1, " "1, " "1, " "1, " "1, " "1, " "1, " "1, " "1, " "1, " "1, " "1, " "1, " "1, " "1, " "1, " "1, " "1, " "1, " "1, " "1, " "1, " "1, " "1, " "1, " "1, " "1, " "1, " "1, " "1, " "1, " "1, " "1, " "1, " "1, " "1, " "1, " "1, " "1, " "1, " "1, " "1, " "1, " "1, " "1, " "1, " "1, " "1, " "1, " "0, " "1, " "1, " "1, " "1, " "1, " "1, " "1, " "1, " "1, " "1, " "1, " "1, " "1, " "1, " "1, " "1, " "1, " "1, " "1, " "1, " "1, " "1, " "1, " "1, " "1, " "1, " "1, " "1, " "1, " "1, " "1, " "1, " "1, " "1, " "1, " "1, " "1, " "1, " "1, " "1, " "1, " "1, " "1, " "1, " "1, " "1, " "1, " "1, " "1, " "1, " "1, " "1, " "1, " "1, " "1, " "1, " "1, " "1, " "1, " "1, " "1, " "1, " "1, " "1, " "1, " "1, " "1, " "1, " "1, " "1, " "1, " "1, " "1, " "1, " "1, " "1, " "1, " "1, " "1, " "1, " "1, " "1, " "1, " "1, " "1, " "1, "203
 "Nei171, 0.1, " "-0.003, " "1, " "1, " "1, " "1, " "1, " "1, " "1, " "1, " "1, " "1, " "1, " "1, " "1, " "1, " "1, " "1, " "1, " "1, " "1, " "1, " "1, " "1, " "1, " "1, " "1, " "1, " "1, " "1, " "1, " "1, " "1, " "1, " "1, " "1, " "1, " "1, " "1, " "1, " "1, " "1, " "1, " "1, " "1, " "1, " "1, " "1, " "1, " "1, " "1, " "1, " "1, " "1, " "1, " "1, " "1, " "1, " "1, " "1, " "1, " "1, " "1, " "1, " "1, " "1, " "1, " "1, " "1, " "1, " "1, " "1, " "1, " "1, " "1, " "1, " "1, " "1, " "1, " "1, " "1, " "1, " "1, " "1, " "1, " "1, " "1, " "1, " "1, " "1, " "1, " "1, " "1, " "1, " "1, " "1, " "1, " "1, " "1, " "1, " "1, " "1, " "1, " "1, " "1, " "1, " "1, " "1, " "1, " "1, " "1, " "1, " "1, " "1, " "1, " "1, " "1, " "1, " "1, " "1, " "1, " "1, " "1, " "1, " "1, " "1, " "1, " "1, " "1, " "1, " "1, " "1, " "1, " "1, " "1, " "1, " "1, " "1, " "1, " "1, " "1, " "1, " "1, " "1, " "1, " "1, " "1, " "1, " "1, " "1, " "1, " "1, " "1, " "1, " "1, " "1, " "1, " "1, " "1, " "1, " "1, " "1, " "1, " "1, " "1, " "1, " "1, " "1, " "1, " "1, " "1, " "1, " "1, " "0, " "1, " "1, " "1, " "1, " "1, " "1, " "1, " "1, " "1, " "1, " "1, " "1, " "1, " "1, " "1, " "1, " "1, " "1, " "1, " "1, " "1, " "1, " "1, " "1, " "1, " "1, " "1, " "1, " "1, " "1, " "1, " "1, " "1, " "1, " "1, " "1, " "1, " "1, " "1, " "1, " "1, " "1, " "1, " "1, " "1, " "1, " "1, " "1, " "1, " "1, " "1, " "1, " "1, " "1, " "1, " "1, " "1, " "1, " "1, " "1, " "1, " "1, " "1, " "1, " "1, " "1, " "1, " "1, " "1, " "1, " "1, " "1, " "1, " "1, " "1, " "1, " "1, " "1, " "1, " "1, " "1, " "1, " "1, " "1, " "1, "203
 "Nei172, 0.339, " "-0.003, " "1, " "1, " "1, " "1, " "1, " "1, " "1, " "1, " "1, " "1, " "1, " "1, " "1, " "1, " "1, " "1, " "1, " "1, " "1, " "1, " "1, " "1, " "1, " "1, " "1, " "1, " "1, " "1, " "1, " "1, " "1, " "1, " "1, " "1, " "1, " "1, " "1, " "1, " "1, " "1, " "1, " "1, " "1, " "1, " "1, " "1, " "1, " "1, " "1, " "1, " "1, " "1, " "1, " "1, " "1, " "1, " "1, " "1, " "1, " "1, " "1, " "1, " "1, " "1, " "1, " "1, " "1, " "1, " "1, " "1, " "1, " "1, " "1, " "1, " "1, " "1, " "1, " "1, " "1, " "1, " "1, " "1, " "1, " "1, " "1, " "1, " "1, " "1, " "1, " "1, " "1, " "1, " "1, " "1, " "1, " "1, " "1, " "1, " "1, " "1, " "1, " "1, " "1, " "1, " "1, " "1, " "1, " "1, " "1, " "1, " "1, " "1, " "1, " "1, " "1, " "1, " "1, " "1, " "1, " "1, " "1, " "1, " "1, " "1, " "1, " "1, " "1, " "1, " "1, " "1, " "1, " "1, " "1, " "1, " "1, " "1, " "1, " "1, " "1, " "1, " "1, " "1, " "1, " "1, " "1, " "1, " "1, " "1, " "1, " "1, " "1, " "1, " "1, " "1, " "1, " "1, " "1, " "1, " "1, " "1, " "1, " "1, " "1, " "1, " "1, " "1, " "1, " "1, " "1, " "1, " "1, " "1, " "0, " "1, " "1, " "1, " "1, " "1, " "1, " "1, " "1, " "1, " "1, " "1, " "1, " "1, " "1, " "1, " "1, " "1, " "1, " "1, " "1, " "1, " "1, " "1, " "1, " "1, " "1, " "1, " "1, " "1, " "1, " "1, " "1, " "1, " "1, " "1, " "1, " "1, " "1, " "1, " "1, " "1, " "1, " "1, " "1, " "1, " "1, " "1, " "1, " "1, " "1, " "1, " "1, " "1, " "1, " "1, " "1, " "1, " "1, " "1, " "1, " "1, " "1, " "1, " "1, " "1, " "1, " "1, " "1, " "1, " "1, " "1, " "1, " "1, " "1, " "1, " "1, " "1, " "1, " "1, " "1, " "1, " "1, " "1, " "1, "203
 "Nei173, 0.541, " "-0.003, " "1, " "1, " "1, " "1, " "1, " "1, " "1, " "1, " "1, " "1, " "1, " "1, " "1, " "1, " "1, " "1, " "1, " "1, " "1, " "1, " "1, " "1, " "1, " "1, " "1, " "1, " "1, " "1, " "1, " "1, " "1, " "1, " "1, " "1, " "1, " "1, " "1, " "1, " "1, " "1, " "1, " "1, " "1, " "1, " "1, " "1, " "1, " "1, " "1, " "1, " "1, " "1, " "1, " "1, " "1, " "1, " "1, " "1, " "1, " "1, " "1, " "1, " "1, " "1, " "1, " "1, " "1, " "1, " "1, " "1, " "1, " "1, " "1, " "1, " "1, " "1, " "1, " "1, " "1, " "1, " "1, " "1, " "1, " "1, " "1, " "1, " "1, " "1, " "1, " "1, " "1, " "1, " "1, " "1, " "1, " "1, " "1, " "1, " "1, " "1, " "1, " "1, " "1, " "1, " "1, " "1, " "1, " "1, " "1, " "1, " "1, " "1, " "1, " "1, " "1, " "1, " "1, " "1, " "1, " "1, " "1, " "1, " "1, " "1, " "1, " "1, " "1, " "1, " "1, " "1, " "1, " "1, " "1, " "1, " "1, " "1, " "1, " "1, " "1, " "1, " "1, " "1, " "1, " "1, " "1, " "1, " "1, " "1, " "1, " "1, " "1, " "1, " "1, " "1, " "1, " "1, " "1, " "1, " "1, " "1, " "1, " "1, " "1, " "1, " "1, " "1, " "1, " "1, " "1, " "1, " "1, " "1, " "1, " "0, " "1, " "1, " "1, " "1, " "1, " "1, " "1, " "1, " "1, " "1, " "1, " "1, " "1, " "1, " "1, " "1, " "1, " "1, " "1, " "1, " "1, " "1, " "1, " "1, " "1, " "1, " "1, " "1, " "1, " "1, " "1, " "1, " "1, " "1, " "1, " "1, " "1, " "1, " "1, " "1, " "1, " "1, " "1, " "1, " "1, " "1, " "1, " "1, " "1, " "1, " "1, " "1, " "1, " "1, " "1, " "1, " "1, " "1, " "1, " "1, " "1, " "1, " "1, " "1, " "1, " "1, " "1, " "1, " "1, " "1, " "1, " "1, " "1, " "1, " "1, " "1, " "1, " "1, " "1, " "1, " "1, " "1, " "1, "203
 "Nei174, 0.068, " "-0.003, " "1, " "1, " "1, " "1, " "1, " "1, " "1, " "1, " "1, " "1, " "1, " "1, " "1, " "1, " "1, " "1, " "1, " "1, " "1, " "1, " "1, " "1, " "1, " "1, " "1, " "1, " "1, " "1, " "1, " "1, " "1, " "1, " "1, " "1, " "1, " "1, " "1, " "1, " "1, " "1, " "1, " "1, " "1, " "1, " "1, " "1, " "1, " "1, " "1, " "1, " "1, " "1, " "1, " "1, " "1, " "1, " "1, " "1, " "1, " "1, " "1, " "1, " "1, " "1, " "1, " "1, " "1, " "1, " "1, " "1, " "1, " "1, " "1, " "1, " "1, " "1, " "1, " "1, " "1, " "1, " "1, " "1, " "1, " "1, " "1, " "1, " "1, " "1, " "1, " "1, " "1, " "1, " "1, " "1, " "1, " "1, " "1, " "1, " "1, " "1, " "1, " "1, " "1, " "1, " "1, " "1, " "1, " "1, " "1, " "1, " "1, " "1, " "1, " "1, " "1, " "1, " "1, " "1, " "1, " "1, " "1, " "1, " "1, " "1, " "1, " "1, " "1, " "1, " "1, " "1, " "1, " "1, " "1, " "1, " "1, " "1, " "1, " "1, " "1, " "1, " "1, " "1, " "1, " "1, " "1, " "1, " "1, " "1, " "1, " "1, " "1, " "1, " "1, " "1, " "1, " "1, " "1, " "1, " "1, " "1, " "1, " "1, " "1, " "1, " "1, " "1, " "1, " "1, " "1, " "1, " "1, " "1, " "1, " "1, " "0, " "1, " "1, " "1, " "1, " "1, " "1, " "1, " "1, " "1, " "1, " "1, " "1, " "1, " "1, " "1, " "1, " "1, " "1, " "1, " "1, " "1, " "1, " "1, " "1, " "1, " "1, " "1, " "1, " "1, " "1, " "1, " "1, " "1, " "1, " "1, " "1, " "1, " "1, " "1, " "1, " "1, " "1, " "1, " "1, " "1, " "1, " "1, " "1, " "1, " "1, " "1, " "1, " "1, " "1, " "1, " "1, " "1, " "1, " "1, " "1, " "1, " "1, " "1, " "1, " "1, " "1, " "1, " "1, " "1, " "1, " "1, " "1, " "1, " "1, " "1, " "1, " "1, " "1, " "1, " "1, " "1, " "1, "203
 "Nei175, 0.39, " "-0.003, " "1, " "1, " "1, " "1, " "1, " "1, " "1, " "1, " "1, " "1, " "1, " "1, " "1, " "1, " "1, " "1, " "1, " "1, " "1, " "1, " "1, " "1, " "1, " "1, " "1, " "1, " "1, " "1, " "1, " "1, " "1, " "1, " "1, " "1, " "1, " "1, " "1, " "1, " "1, " "1, " "1, " "1, " "1, " "1, " "1, " "1, " "1, " "1, " "1, " "1, " "1, " "1, " "1, " "1, " "1, " "1, " "1, " "1, " "1, " "1, " "1, " "1, " "1, " "1, " "1, " "1, " "1, " "1, " "1, " "1, " "1, " "1, " "1, " "1, " "1, " "1, " "1, " "1, " "1, " "1, " "1, " "1, " "1, " "1, " "1, " "1, " "1, " "1, " "1, " "1, " "1, " "1, " "1, " "1, " "1, " "1, " "1, " "1, " "1, " "1, " "1, " "1, " "1, " "1, " "1, " "1, " "1, " "1, " "1, " "1, " "1, " "1, " "1, " "1, " "1, " "1, " "1, " "1, " "1, " "1, " "1, " "1, " "1, " "1, " "1, " "1, " "1, " "1, " "1, " "1, " "1, " "1, " "1, " "1, " "1, " "1, " "1, " "1, " "1, " "1, " "1, " "1, " "1, " "1, " "1, " "1, " "1, " "1, " "1, " "1, " "1, " "1, " "1, " "1, " "1, " "1, " "1, " "1, " "1, " "1, " "1, " "1, " "1, " "1, " "1, " "1, " "1, " "1, " "1, " "1, " "1, " "1, " "1, " "1, " "1, " "0, " "1, " "1, " "1, " "1, " "1, " "1, " "1, " "1, " "1, " "1, " "1, " "1, " "1, " "1, " "1, " "1, " "1, " "1, " "1, " "1, " "1, " "1, " "1, " "1, " "1, " "1, " "1, " "1, " "1, " "1, " "1, " "1, " "1, " "1, " "1, " "1, " "1, " "1, " "1, " "1, " "1, " "1, " "1, " "1, " "1, " "1, " "1, " "1, " "1, " "1, " "1, " "1, " "1, " "1, " "1, " "1, " "1, " "1, " "1, " "1, " "1, " "1, " "1, " "1, " "1, " "1, " "1, " "1, " "1, " "1, " "1, " "1, " "1, " "1, " "1, " "1, " "1, " "1, " "1, " "1, " "1, "203
 "Nei176, 0.471, " "-0.003, " "1, " "1, " "1, " "1, " "1, " "1, " "1, " "1, " "1, " "1, " "1, " "1, " "1, " "1, " "1, " "1, " "1, " "1, " "1, " "1, " "1, " "1, " "1, " "1, " "1, " "1, " "1, " "1, " "1, " "1, " "1, " "1, " "1, " "1, " "1, " "1, " "1, " "1, " "1, " "1, " "1, " "1, " "1, " "1, " "1, " "1, " "1, " "1, " "1, " "1, " "1, " "1, " "1, " "1, " "1, " "1, " "1, " "1, " "1, " "1, " "1, " "1, " "1, " "1, " "1, " "1, " "1, " "1, " "1, " "1, " "1, " "1, " "1, " "1, " "1, " "1, " "1, " "1, " "1, " "1, " "1, " "1, " "1, " "1, " "1, " "1, " "1, " "1, " "1, " "1, " "1, " "1, " "1, " "1, " "1, " "1, " "1, " "1, " "1, " "1, " "1, " "1, " "1, " "1, " "1, " "1, " "1, " "1, " "1, " "1, " "1, " "1, " "1, " "1, " "1, " "1, " "1, " "1, " "1, " "1, " "1, " "1, " "1, " "1, " "1, " "1, " "1, " "1, " "1, " "1, " "1, " "1, " "1, " "1, " "1, " "1, " "1, " "1, " "1, " "1, " "1, " "1, " "1, " "1, " "1, " "1, " "1, " "1, " "1, " "1, " "1, " "1, " "1, " "1, " "1, " "1, " "1, " "1, " "1, " "1, " "1, " "1, " "1, " "1, " "1, " "1, " "1, " "1, " "1, " "1, " "1, " "1, " "1, " "1, " "1, " "1, " "0, " "1, " "1, " "1, " "1, " "1, " "1, " "1, " "1, " "1, " "1, " "1, " "1, " "1, " "1, " "1, " "1, " "1, " "1, " "1, " "1, " "1, " "1, " "1, " "1, " "1, " "1, " "1, " "1, " "1, " "1, " "1, " "1, " "1, " "1, " "1, " "1, " "1, " "1, " "1, " "1, " "1, " "1, " "1, " "1, " "1, " "1, " "1, " "1, " "1, " "1, " "1, " "1, " "1, " "1, " "1, " "1, " "1, " "1, " "1, " "1, " "1, " "1, " "1, " "1, " "1, " "1, " "1, " "1, " "1, " "1, " "1, " "1, " "1, " "1, " "1, " "1, " "1, " "1, " "1, " "1, "203
 "Nei177, 0.499, " "-0.003, " "1, " "1, " "1, " "1, " "1, " "1, " "1, " "1, " "1, " "1, " "1, " "1, " "1, " "1, " "1, " "1, " "1, " "1, " "1, " "1, " "1, " "1, " "1, " "1, " "1, " "1, " "1, " "1, " "1, " "1, " "1, " "1, " "1, " "1, " "1, " "1, " "1, " "1, " "1, " "1, " "1, " "1, " "1, " "1, " "1, " "1, " "1, " "1, " "1, " "1, " "1, " "1, " "1, " "1, " "1, " "1, " "1, " "1, " "1, " "1, " "1, " "1, " "1, " "1, " "1, " "1, " "1, " "1, " "1, " "1, " "1, " "1, " "1, " "1, " "1, " "1, " "1, " "1, " "1, " "1, " "1, " "1, " "1, " "1, " "1, " "1, " "1, " "1, " "1, " "1, " "1, " "1, " "1, " "1, " "1, " "1, " "1, " "1, " "1, " "1, " "1, " "1, " "1, " "1, " "1, " "1, " "1, " "1, " "1, " "1, " "1, " "1, " "1, " "1, " "1, " "1, " "1, " "1, " "1, " "1, " "1, " "1, " "1, " "1, " "1, " "1, " "1, " "1, " "1, " "1, " "1, " "1, " "1, " "1, " "1, " "1, " "1, " "1, " "1, " "1, " "1, " "1, " "1, " "1, " "1, " "1, " "1, " "1, " "1, " "1, " "1, " "1, " "1, " "1, " "1, " "1, " "1, " "1, " "1, " "1, " "1, " "1, " "1, " "1, " "1, " "1, " "1, " "1, " "1, " "1, " "1, " "1, " "1, " "1, " "1, " "1, " "1, " "0, " "1, " "1, " "1, " "1, " "1, " "1, " "1, " "1, " "1, " "1, " "1, " "1, " "1, " "1, " "1, " "1, " "1, " "1, " "1, " "1, " "1, " "1, " "1, " "1, " "1, " "1, " "1, " "1, " "1, " "1, " "1, " "1, " "1, " "1, " "1, " "1, " "1, " "1, " "1, " "1, " "1, " "1, " "1, " "1, " "1, " "1, " "1, " "1, " "1, " "1, " "1, " "1, " "1, " "1, " "1, " "1, " "1, " "1, " "1, " "1, " "1, " "1, " "1, " "1, " "1, " "1, " "1, " "1, " "1, " "1, " "1, " "1, " "1, " "1, " "1, " "1, " "1, " "1, " "1, "203
 "Nei178, 0.363, " "-0.003, " "1, " "1, " "1, " "1, " "1, " "1, " "1, " "1, " "1, " "1, " "1, " "1, " "1, " "1, " "1, " "1, " "1, " "1, " "1, " "1, " "1, " "1, " "1, " "1, " "1, " "1, " "1, " "1, " "1, " "1, " "1, " "1, " "1, " "1, " "1, " "1, " "1, " "1, " "1, " "1, " "1, " "1, " "1, " "1, " "1, " "1, " "1, " "1, " "1, " "1, " "1, " "1, " "1, " "1, " "1, " "1, " "1, " "1, " "1, " "1, " "1, " "1, " "1, " "1, " "1, " "1, " "1, " "1, " "1, " "1, " "1, " "1, " "1, " "1, " "1, " "1, " "1, " "1, " "1, " "1, " "1, " "1, " "1, " "1, " "1, " "1, " "1, " "1, " "1, " "1, " "1, " "1, " "1, " "1, " "1, " "1, " "1, " "1, " "1, " "1, " "1, " "1, " "1, " "1, " "1, " "1, " "1, " "1, " "1, " "1, " "1, " "1, " "1, " "1, " "1, " "1, " "1, " "1, " "1, " "1, " "1, " "1, " "1, " "1, " "1, " "1, " "1, " "1, " "1, " "1, " "1, " "1, " "1, " "1, " "1, " "1, " "1, " "1, " "1, " "1, " "1, " "1, " "1, " "1, " "1, " "1, " "1, " "1, " "1, " "1, " "1, " "1, " "1, " "1, " "1, " "1, " "1, " "1, " "1, " "1, " "1, " "1, " "1, " "1, " "1, " "1, " "1, " "1, " "1, " "1, " "1, " "1, " "1, " "1, " "1, " "1, " "1, " "1, " "0, " "1, " "1, " "1, " "1, " "1, " "1, " "1, " "1, " "1, " "1, " "1, " "1, " "1, " "1, " "1, " "1, " "1, " "1, " "1, " "1, " "1, " "1, " "1, " "1, " "1, " "1, " "1, " "1, " "1, " "1, " "1, " "1, " "1, " "1, " "1, " "1, " "1, " "1, " "1, " "1, " "1, " "1, " "1, " "1, " "1, " "1, " "1, " "1, " "1, " "1, " "1, " "1, " "1, " "1, " "1, " "1, " "1, " "1, " "1, " "1, " "1, " "1, " "1, " "1, " "1, " "1, " "1, " "1, " "1, " "1, " "1, " "1, " "1, " "1, " "1, " "1, " "1, " "1, "203
 "Nei179, 0.269, " "-0.003, " "1, " "1, " "1, " "1, " "1, " "1, " "1, " "1, " "1, " "1, " "1, " "1, " "1, " "1, " "1, " "1, " "1, " "1, " "1, " "1, " "1, " "1, " "1, " "1, " "1, " "1, " "1, " "1, " "1, " "1, " "1, " "1, " "1, " "1, " "1, " "1, " "1, " "1, " "1, " "1, " "1, " "1, " "1, " "1, " "1, " "1, " "1, " "1, " "1, " "1, " "1, " "1, " "1, " "1, " "1, " "1, " "1, " "1, " "1, " "1, " "1, " "1, " "1, " "1, " "1, " "1, " "1, " "1, " "1, " "1, " "1, " "1, " "1, " "1, " "1, " "1, " "1, " "1, " "1, " "1, " "1, " "1, " "1, " "1, " "1, " "1, " "1, " "1, " "1, " "1, " "1, " "1, " "1, " "1, " "1, " "1, " "1, " "1, " "1, " "1, " "1, " "1, " "1, " "1, " "1, " "1, " "1, " "1, " "1, " "1, " "1, " "1, " "1, " "1, " "1, " "1, " "1, " "1, " "1, " "1, " "1, " "1, " "1, " "1, " "1, " "1, " "1, " "1, " "1, " "1, " "1, " "1, " "1, " "1, " "1, " "1, " "1, " "1, " "1, " "1, " "1, " "1, " "1, " "1, " "1, " "1, " "1, " "1, " "1, " "1, " "1, " "1, " "1, " "1, " "1, " "1, " "1, " "1, " "1, " "1, " "1, " "1, " "1, " "1, " "1, " "1, " "1, " "1, " "1, " "1, " "1, " "1, " "1, " "1, " "1, " "1, " "1, " "1, " "1, " "0, " "1, " "1, " "1, " "1, " "1, " "1, " "1, " "1, " "1, " "1, " "1, " "1, " "1, " "1, " "1, " "1, " "1, " "1, " "1, " "1, " "1, " "1, " "1, " "1, " "1, " "1, " "1, " "1, " "1, " "1, " "1, " "1, " "1, " "1, " "1, " "1, " "1, " "1, " "1, " "1, " "1, " "1, " "1, " "1, " "1, " "1, " "1, " "1, " "1, " "1, " "1, " "1, " "1, " "1, " "1, " "1, " "1, " "1, " "1, " "1, " "1, " "1, " "1, " "1, " "1, " "1, " "1, " "1, " "1, " "1, " "1, " "1, " "1, " "1, " "1, " "1, " "1, "203
 "Nei180, 0.445, " "-0.003, " "1, " "1, " "1, " "1, " "1, " "1, " "1, " "1, " "1, " "1, " "1, " "1, " "1, " "1, " "1, " "1, " "1, " "1, " "1, " "1, " "1, " "1, " "1, " "1, " "1, " "1, " "1, " "1, " "1, " "1, " "1, " "1, " "1, " "1, " "1, " "1, " "1, " "1, " "1, " "1, " "1, " "1, " "1, " "1, " "1, " "1, " "1, " "1, " "1, " "1, " "1, " "1, " "1, " "1, " "1, " "1, " "1, " "1, " "1, " "1, " "1, " "1, " "1, " "1, " "1, " "1, " "1, " "1, " "1, " "1, " "1, " "1, " "1, " "1, " "1, " "1, " "1, " "1, " "1, " "1, " "1, " "1, " "1, " "1, " "1, " "1, " "1, " "1, " "1, " "1, " "1, " "1, " "1, " "1, " "1, " "1, " "1, " "1, " "1, " "1, " "1, " "1, " "1, " "1, " "1, " "1, " "1, " "1, " "1, " "1, " "1, " "1, " "1, " "1, " "1, " "1, " "1, " "1, " "1, " "1, " "1, " "1, " "1, " "1, " "1, " "1, " "1, " "1, " "1, " "1, " "1, " "1, " "1, " "1, " "1, " "1, " "1, " "1, " "1, " "1, " "1, " "1, " "1, " "1, " "1, " "1, " "1, " "1, " "1, " "1, " "1, " "1, " "1, " "1, " "1, " "1, " "1, " "1, " "1, " "1, " "1, " "1, " "1, " "1, " "1, " "1, " "1, " "1, " "1, " "1, " "1, " "1, " "1, " "1, " "1, " "1, " "1, " "1, " "1, " "1, " "0, " "1, " "1, " "1, " "1, " "1, " "1, " "1, " "1, " "1, " "1, " "1, " "1, " "1, " "1, " "1, " "1, " "1, " "1, " "1, " "1, " "1, " "1, " "1, " "1, " "1, " "1, " "1, " "1, " "1, " "1, " "1, " "1, " "1, " "1, " "1, " "1, " "1, " "1, " "1, " "1, " "1, " "1, " "1, " "1, " "1, " "1, " "1, " "1, " "1, " "1, " "1, " "1, " "1, " "1, " "1, " "1, " "1, " "1, " "1, " "1, " "1, " "1, " "1, " "1, " "1, " "1, " "1, " "1, " "1, " "1, " "1, " "1, " "1, " "1, " "1, " "1, "203
 "Nei181, 0.403, " "-0.003, " "1, " "1, " "1, " "1, " "1, " "1, " "1, " "1, " "1, " "1, " "1, " "1, " "1, " "1, " "1, " "1, " "1, " "1, " "1, " "1, " "1, " "1, " "1, " "1, " "1, " "1, " "1, " "1, " "1, " "1, " "1, " "1, " "1, " "1, " "1, " "1, " "1, " "1, " "1, " "1, " "1, " "1, " "1, " "1, " "1, " "1, " "1, " "1, " "1, " "1, " "1, " "1, " "1, " "1, " "1, " "1, " "1, " "1, " "1, " "1, " "1, " "1, " "1, " "1, " "1, " "1, " "1, " "1, " "1, " "1, " "1, " "1, " "1, " "1, " "1, " "1, " "1, " "1, " "1, " "1, " "1, " "1, " "1, " "1, " "1, " "1, " "1, " "1, " "1, " "1, " "1, " "1, " "1, " "1, " "1, " "1, " "1, " "1, " "1, " "1, " "1, " "1, " "1, " "1, " "1, " "1, " "1, " "1, " "1, " "1, " "1, " "1, " "1, " "1, " "1, " "1, " "1, " "1, " "1, " "1, " "1, " "1, " "1, " "1, " "1, " "1, " "1, " "1, " "1, " "1, " "1, " "1, " "1, " "1, " "1, " "1, " "1, " "1, " "1, " "1, " "1, " "1, " "1, " "1, " "1, " "1, " "1, " "1, " "1, " "1, " "1, " "1, " "1, " "1, " "1, " "1, " "1, " "1, " "1, " "1, " "1, " "1, " "1, " "1, " "1, " "1, " "1, " "1, " "1, " "1, " "1, " "1, " "1, " "1, " "1, " "1, " "1, " "1, " "1, " "1, " "1, " "0, " "1, " "1, " "1, " "1, " "1, " "1, " "1, " "1, " "1, " "1, " "1, " "1, " "1, " "1, " "1, " "1, " "1, " "1, " "1, " "1, " "1, " "1, " "1, " "1, " "1, " "1, " "1, " "1, " "1, " "1, " "1, " "1, " "1, " "1, " "1, " "1, " "1, " "1, " "1, " "1, " "1, " "1, " "1, " "1, " "1, " "1, " "1, " "1, " "1, " "1, " "1, " "1, " "1, " "1, " "1, " "1, " "1, " "1, " "1, " "1, " "1, " "1, " "1, " "1, " "1, " "1, " "1, " "1, " "1, " "1, " "1, " "1, " "1, " "1, " "1, "203
 "Nei182, 0.533, " "-0.003, " "1, " "1, " "1, " "1, " "1, " "1, " "1, " "1, " "1, " "1, " "1, " "1, " "1, " "1, " "1, " "1, " "1, " "1, " "1, " "1, " "1, " "1, " "1, " "1, " "1, " "1, " "1, " "1, " "1, " "1, " "1, " "1, " "1, " "1, " "1, " "1, " "1, " "1, " "1, " "1, " "1, " "1, " "1, " "1, " "1, " "1, " "1, " "1, " "1, " "1, " "1, " "1, " "1, " "1, " "1, " "1, " "1, " "1, " "1, " "1, " "1, " "1, " "1, " "1, " "1, " "1, " "1, " "1, " "1, " "1, " "1, " "1, " "1, " "1, " "1, " "1, " "1, " "1, " "1, " "1, " "1, " "1, " "1, " "1, " "1, " "1, " "1, " "1, " "1, " "1, " "1, " "1, " "1, " "1, " "1, " "1, " "1, " "1, " "1, " "1, " "1, " "1, " "1, " "1, " "1, " "1, " "1, " "1, " "1, " "1, " "1, " "1, " "1, " "1, " "1, " "1, " "1, " "1, " "1, " "1, " "1, " "1, " "1, " "1, " "1, " "1, " "1, " "1, " "1, " "1, " "1, " "1, " "1, " "1, " "1, " "1, " "1, " "1, " "1, " "1, " "1, " "1, " "1, " "1, " "1, " "1, " "1, " "1, " "1, " "1, " "1, " "1, " "1, " "1, " "1, " "1, " "1, " "1, " "1, " "1, " "1, " "1, " "1, " "1, " "1, " "1, " "1, " "1, " "1, " "1, " "1, " "1, " "1, " "1, " "1, " "1, " "1, " "1, " "1, " "1, " "1, " "1, " "0, " "1, " "1, " "1, " "1, " "1, " "1, " "1, " "1, " "1, " "1, " "1, " "1, " "1, " "1, " "1, " "1, " "1, " "1, " "1, " "1, " "1, " "1, " "1, " "1, " "1, " "1, " "1, " "1, " "1, " "1, " "1, " "1, " "1, " "1, " "1, " "1, " "1, " "1, " "1, " "1, " "1, " "1, " "1, " "1, " "1, " "1, " "1, " "1, " "1, " "1, " "1, " "1, " "1, " "1, " "1, " "1, " "1, " "1, " "1, " "1, " "1, " "1, " "1, " "1, " "1, " "1, " "1, " "1, " "1, " "1, " "1, " "1, " "1, " "1, "203
 "Nei183, 0.376, " "-0.003, " "1, " "1, " "1, " "1, " "1, " "1, " "1, " "1, " "1, " "1, " "1, " "1, " "1, " "1, " "1, " "1, " "1, " "1, " "1, " "1, " "1, " "1, " "1, " "1, " "1, " "1, " "1, " "1, " "1, " "1, " "1, " "1, " "1, " "1, " "1, " "1, " "1, " "1, " "1, " "1, " "1, " "1, " "1, " "1, " "1, " "1, " "1, " "1, " "1, " "1, " "1, " "1, " "1, " "1, " "1, " "1, " "1, " "1, " "1, " "1, " "1, " "1, " "1, " "1, " "1, " "1, " "1, " "1, " "1, " "1, " "1, " "1, " "1, " "1, " "1, " "1, " "1, " "1, " "1, " "1, " "1, " "1, " "1, " "1, " "1, " "1, " "1, " "1, " "1, " "1, " "1, " "1, " "1, " "1, " "1, " "1, " "1, " "1, " "1, " "1, " "1, " "1, " "1, " "1, " "1, " "1, " "1, " "1, " "1, " "1, " "1, " "1, " "1, " "1, " "1, " "1, " "1, " "1, " "1, " "1, " "1, " "1, " "1, " "1, " "1, " "1, " "1, " "1, " "1, " "1, " "1, " "1, " "1, " "1, " "1, " "1, " "1, " "1, " "1, " "1, " "1, " "1, " "1, " "1, " "1, " "1, " "1, " "1, " "1, " "1, " "1, " "1, " "1, " "1, " "1, " "1, " "1, " "1, " "1, " "1, " "1, " "1, " "1, " "1, " "1, " "1, " "1, " "1, " "1, " "1, " "1, " "1, " "1, " "1, " "1, " "1, " "1, " "1, " "1, " "1, " "1, " "1, " "1, " "0, " "1, " "1, " "1, " "1, " "1, " "1, " "1, " "1, " "1, " "1, " "1, " "1, " "1, " "1, " "1, " "1, " "1, " "1, " "1, " "1, " "1, " "1, " "1, " "1, " "1, " "1, " "1, " "1, " "1, " "1, " "1, " "1, " "1, " "1, " "1, " "1, " "1, " "1, " "1, " "1, " "1, " "1, " "1, " "1, " "1, " "1, " "1, " "1, " "1, " "1, " "1, " "1, " "1, " "1, " "1, " "1, " "1, " "1, " "1, " "1, " "1, " "1, " "1, " "1, " "1, " "1, " "1, " "1, " "1, " "1, " "1, " "1, " "1, "203
 "Nei184, 0.098, " "-0.003, " "1, " "1, " "1, " "1, " "1, " "1, " "1, " "1, " "1, " "1, " "1, " "1, " "1, " "1, " "1, " "1, " "1, " "1, " "1, " "1, " "1, " "1, " "1, " "1, " "1, " "1, " "1, " "1, " "1, " "1, " "1, " "1, " "1, " "1, " "1, " "1, " "1, " "1, " "1, " "1, " "1, " "1, " "1, " "1, " "1, " "1, " "1, " "1, " "1, " "1, " "1, " "1, " "1, " "1, " "1, " "1, " "1, " "1, " "1, " "1, " "1, " "1, " "1, " "1, " "1, " "1, " "1, " "1, " "1, " "1, " "1, " "1, " "1, " "1, " "1, " "1, " "1, " "1, " "1, " "1, " "1, " "1, " "1, " "1, " "1, " "1, " "1, " "1, " "1, " "1, " "1, " "1, " "1, " "1, " "1, " "1, " "1, " "1, " "1, " "1, " "1, " "1, " "1, " "1, " "1, " "1, " "1, " "1, " "1, " "1, " "1, " "1, " "1, " "1, " "1, " "1, " "1, " "1, " "1, " "1, " "1, " "1, " "1, " "1, " "1, " "1, " "1, " "1, " "1, " "1, " "1, " "1, " "1, " "1, " "1, " "1, " "1, " "1, " "1, " "1, " "1, " "1, " "1, " "1, " "1, " "1, " "1, " "1, " "1, " "1, " "1, " "1, " "1, " "1, " "1, " "1, " "1, " "1, " "1, " "1, " "1, " "1, " "1, " "1, " "1, " "1, " "1, " "1, " "1, " "1, " "1, " "1, " "1, " "1, " "1, " "1, " "1, " "1, " "1, " "1, " "1, " "1, " "1, " "1, " "0, " "1, " "1, " "1, " "1, " "1, " "1, " "1, " "1, " "1, " "1, " "1, " "1, " "1, " "1, " "1, " "1, " "1, " "1, " "1, " "1, " "1, " "1, " "1, " "1, " "1, " "1, " "1, " "1, " "1, " "1, " "1, " "1, " "1, " "1, " "1, " "1, " "1, " "1, " "1, " "1, " "1, " "1, " "1, " "1, " "1, " "1, " "1, " "1, " "1, " "1, " "1, " "1, " "1, " "1, " "1, " "1, " "1, " "1, " "1, " "1, " "1, " "1, " "1, " "1, " "1, " "1, " "1, " "1, " "1, " "1, " "1, " "1, "203
 "Nei185, 0.329, " "-0.003, " "1, " "1, " "1, " "1, " "1, " "1, " "1, " "1, " "1, " "1, " "1, " "1, " "1, " "1, " "1, " "1, " "1, " "1, " "1, " "1, " "1, " "1, " "1, " "1, " "1, " "1, " "1, " "1, " "1, " "1, " "1, " "1, " "1, " "1, " "1, " "1, " "1, " "1, " "1, " "1, " "1, " "1, " "1, " "1, " "1, " "1, " "1, " "1, " "1, " "1, " "1, " "1, " "1, " "1, " "1, " "1, " "1, " "1, " "1, " "1, " "1, " "1, " "1, " "1, " "1, " "1, " "1, " "1, " "1, " "1, " "1, " "1, " "1, " "1, " "1, " "1, " "1, " "1, " "1, " "1, " "1, " "1, " "1, " "1, " "1, " "1, " "1, " "1, " "1, " "1, " "1, " "1, " "1, " "1, " "1, " "1, " "1, " "1, " "1, " "1, " "1, " "1, " "1, " "1, " "1, " "1, " "1, " "1, " "1, " "1, " "1, " "1, " "1, " "1, " "1, " "1, " "1, " "1, " "1, " "1, " "1, " "1, " "1, " "1, " "1, " "1, " "1, " "1, " "1, " "1, " "1, " "1, " "1, " "1, " "1, " "1, " "1, " "1, " "1, " "1, " "1, " "1, " "1, " "1, " "1, " "1, " "1, " "1, " "1, " "1, " "1, " "1, " "1, " "1, " "1, " "1, " "1, " "1, " "1, " "1, " "1, " "1, " "1, " "1, " "1, " "1, " "1, " "1, " "1, " "1, " "1, " "1, " "1, " "1, " "1, " "1, " "1, " "1, " "1, " "1, " "1, " "1, " "1, " "1, " "1, " "0, " "1, " "1, " "1, " "1, " "1, " "1, " "1, " "1, " "1, " "1, " "1, " "1, " "1, " "1, " "1, " "1, " "1, " "1, " "1, " "1, " "1, " "1, " "1, " "1, " "1, " "1, " "1, " "1, " "1, " "1, " "1, " "1, " "1, " "1, " "1, " "1, " "1, " "1, " "1, " "1, " "1, " "1, " "1, " "1, " "1, " "1, " "1, " "1, " "1, " "1, " "1, " "1, " "1, " "1, " "1, " "1, " "1, " "1, " "1, " "1, " "1, " "1, " "1, " "1, " "1, " "1, " "1, " "1, " "1, " "1, " "1, "203
 "Nei186, 0.417, " "-0.003, " "1, " "1, " "1, " "1, " "1, " "1, " "1, " "1, " "1, " "1, " "1, " "1, " "1, " "1, " "1, " "1, " "1, " "1, " "1, " "1, " "1, " "1, " "1, " "1, " "1, " "1, " "1, " "1, " "1, " "1, " "1, " "1, " "1, " "1, " "1, " "1, " "1, " "1, " "1, " "1, " "1, " "1, " "1, " "1, " "1, " "1, " "1, " "1, " "1, " "1, " "1, " "1, " "1, " "1, " "1, " "1, " "1, " "1, " "1, " "1, " "1, " "1, " "1, " "1, " "1, " "1, " "1, " "1, " "1, " "1, " "1, " "1, " "1, " "1, " "1, " "1, " "1, " "1, " "1, " "1, " "1, " "1, " "1, " "1, " "1, " "1, " "1, " "1, " "1, " "1, " "1, " "1, " "1, " "1, " "1, " "1, " "1, " "1, " "1, " "1, " "1, " "1, " "1, " "1, " "1, " "1, " "1, " "1, " "1, " "1, " "1, " "1, " "1, " "1, " "1, " "1, " "1, " "1, " "1, " "1, " "1, " "1, " "1, " "1, " "1, " "1, " "1, " "1, " "1, " "1, " "1, " "1, " "1, " "1, " "1, " "1, " "1, " "1, " "1, " "1, " "1, " "1, " "1, " "1, " "1, " "1, " "1, " "1, " "1, " "1, " "1, " "1, " "1, " "1, " "1, " "1, " "1, " "1, " "1, " "1, " "1, " "1, " "1, " "1, " "1, " "1, " "1, " "1, " "1, " "1, " "1, " "1, " "1, " "1, " "1, " "1, " "1, " "1, " "1, " "1, " "1, " "1, " "1, " "1, " "1, " "1, " "0, " "1, " "1, " "1, " "1, " "1, " "1, " "1, " "1, " "1, " "1, " "1, " "1, " "1, " "1, " "1, " "1, " "1, " "1, " "1, " "1, " "1, " "1, " "1, " "1, " "1, " "1, " "1, " "1, " "1, " "1, " "1, " "1, " "1, " "1, " "1, " "1, " "1, " "1, " "1, " "1, " "1, " "1, " "1, " "1, " "1, " "1, " "1, " "1, " "1, " "1, " "1, " "1, " "1, " "1, " "1, " "1, " "1, " "1, " "1, " "1, " "1, " "1, " "1, " "1, " "1, " "1, " "1, " "1, " "1, " "1, "203
 "Nei187, 0.276, " "-0.003, " "1, " "1, " "1, " "1, " "1, " "1, " "1, " "1, " "1, " "1, " "1, " "1, " "1, " "1, " "1, " "1, " "1, " "1, " "1, " "1, " "1, " "1, " "1, " "1, " "1, " "1, " "1, " "1, " "1, " "1, " "1, " "1, " "1, " "1, " "1, " "1, " "1, " "1, " "1, " "1, " "1, " "1, " "1, " "1, " "1, " "1, " "1, " "1, " "1, " "1, " "1, " "1, " "1, " "1, " "1, " "1, " "1, " "1, " "1, " "1, " "1, " "1, " "1, " "1, " "1, " "1, " "1, " "1, " "1, " "1, " "1, " "1, " "1, " "1, " "1, " "1, " "1, " "1, " "1, " "1, " "1, " "1, " "1, " "1, " "1, " "1, " "1, " "1, " "1, " "1, " "1, " "1, " "1, " "1, " "1, " "1, " "1, " "1, " "1, " "1, " "1, " "1, " "1, " "1, " "1, " "1, " "1, " "1, " "1, " "1, " "1, " "1, " "1, " "1, " "1, " "1, " "1, " "1, " "1, " "1, " "1, " "1, " "1, " "1, " "1, " "1, " "1, " "1, " "1, " "1, " "1, " "1, " "1, " "1, " "1, " "1, " "1, " "1, " "1, " "1, " "1, " "1, " "1, " "1, " "1, " "1, " "1, " "1, " "1, " "1, " "1, " "1, " "1, " "1, " "1, " "1, " "1, " "1, " "1, " "1, " "1, " "1, " "1, " "1, " "1, " "1, " "1, " "1, " "1, " "1, " "1, " "1, " "1, " "1, " "1, " "1, " "1, " "1, " "1, " "1, " "1, " "1, " "1, " "1, " "1, " "1, " "1, " "0, " "1, " "1, " "1, " "1, " "1, " "1, " "1, " "1, " "1, " "1, " "1, " "1, " "1, " "1, " "1, " "1, " "1, " "1, " "1, " "1, " "1, " "1, " "1, " "1, " "1, " "1, " "1, " "1, " "1, " "1, " "1, " "1, " "1, " "1, " "1, " "1, " "1, " "1, " "1, " "1, " "1, " "1, " "1, " "1, " "1, " "1, " "1, " "1, " "1, " "1, " "1, " "1, " "1, " "1, " "1, " "1, " "1, " "1, " "1, " "1, " "1, " "1, " "1, " "1, " "1, " "1, " "1, " "1, " "1, "203
 "Nei188, 0.424, " "-0.003, " "1, " "1, " "1, " "1, " "1, " "1, " "1, " "1, " "1, " "1, " "1, " "1, " "1, " "1, " "1, " "1, " "1, " "1, " "1, " "1, " "1, " "1, " "1, " "1, " "1, " "1, " "1, " "1, " "1, " "1, " "1, " "1, " "1, " "1, " "1, " "1, " "1, " "1, " "1, " "1, " "1, " "1, " "1, " "1, " "1, " "1, " "1, " "1, " "1, " "1, " "1, " "1, " "1, " "1, " "1, " "1, " "1, " "1, " "1, " "1, " "1, " "1, " "1, " "1, " "1, " "1, " "1, " "1, " "1, " "1, " "1, " "1, " "1, " "1, " "1, " "1, " "1, " "1, " "1, " "1, " "1, " "1, " "1, " "1, " "1, " "1, " "1, " "1, " "1, " "1, " "1, " "1, " "1, " "1, " "1, " "1, " "1, " "1, " "1, " "1, " "1, " "1, " "1, " "1, " "1, " "1, " "1, " "1, " "1, " "1, " "1, " "1, " "1, " "1, " "1, " "1, " "1, " "1, " "1, " "1, " "1, " "1, " "1, " "1, " "1, " "1, " "1, " "1, " "1, " "1, " "1, " "1, " "1, " "1, " "1, " "1, " "1, " "1, " "1, " "1, " "1, " "1, " "1, " "1, " "1, " "1, " "1, " "1, " "1, " "1, " "1, " "1, " "1, " "1, " "1, " "1, " "1, " "1, " "1, " "1, " "1, " "1, " "1, " "1, " "1, " "1, " "1, " "1, " "1, " "1, " "1, " "1, " "1, " "1, " "1, " "1, " "1, " "1, " "1, " "1, " "1, " "1, " "1, " "1, " "1, " "1, " "1, " "1, " "0, " "1, " "1, " "1, " "1, " "1, " "1, " "1, " "1, " "1, " "1, " "1, " "1, " "1, " "1, " "1, " "1, " "1, " "1, " "1, " "1, " "1, " "1, " "1, " "1, " "1, " "1, " "1, " "1, " "1, " "1, " "1, " "1, " "1, " "1, " "1, " "1, " "1, " "1, " "1, " "1, " "1, " "1, " "1, " "1, " "1, " "1, " "1, " "1, " "1, " "1, " "1, " "1, " "1, " "1, " "1, " "1, " "1, " "1, " "1, " "1, " "1, " "1, " "1, " "1, " "1, " "1, " "1, " "1, "203
 "Nei189, 0.263, " "-0.003, " "1, " "1, " "1, " "1, " "1, " "1, " "1, " "1, " "1, " "1, " "1, " "1, " "1, " "1, " "1, " "1, " "1, " "1, " "1, " "1, " "1, " "1, " "1, " "1, " "1, " "1, " "1, " "1, " "1, " "1, " "1, " "1, " "1, " "1, " "1, " "1, " "1, " "1, " "1, " "1, " "1, " "1, " "1, " "1, " "1, " "1, " "1, " "1, " "1, " "1, " "1, " "1, " "1, " "1, " "1, " "1, " "1, " "1, " "1, " "1, " "1, " "1, " "1, " "1, " "1, " "1, " "1, " "1, " "1, " "1, " "1, " "1, " "1, " "1, " "1, " "1, " "1, " "1, " "1, " "1, " "1, " "1, " "1, " "1, " "1, " "1, " "1, " "1, " "1, " "1, " "1, " "1, " "1, " "1, " "1, " "1, " "1, " "1, " "1, " "1, " "1, " "1, " "1, " "1, " "1, " "1, " "1, " "1, " "1, " "1, " "1, " "1, " "1, " "1, " "1, " "1, " "1, " "1, " "1, " "1, " "1, " "1, " "1, " "1, " "1, " "1, " "1, " "1, " "1, " "1, " "1, " "1, " "1, " "1, " "1, " "1, " "1, " "1, " "1, " "1, " "1, " "1, " "1, " "1, " "1, " "1, " "1, " "1, " "1, " "1, " "1, " "1, " "1, " "1, " "1, " "1, " "1, " "1, " "1, " "1, " "1, " "1, " "1, " "1, " "1, " "1, " "1, " "1, " "1, " "1, " "1, " "1, " "1, " "1, " "1, " "1, " "1, " "1, " "1, " "1, " "1, " "1, " "1, " "1, " "1, " "1, " "1, " "1, " "1, " "0, " "1, " "1, " "1, " "1, " "1, " "1, " "1, " "1, " "1, " "1, " "1, " "1, " "1, " "1, " "1, " "1, " "1, " "1, " "1, " "1, " "1, " "1, " "1, " "1, " "1, " "1, " "1, " "1, " "1, " "1, " "1, " "1, " "1, " "1, " "1, " "1, " "1, " "1, " "1, " "1, " "1, " "1, " "1, " "1, " "1, " "1, " "1, " "1, " "1, " "1, " "1, " "1, " "1, " "1, " "1, " "1, " "1, " "1, " "1, " "1, " "1, " "1, " "1, " "1, " "1, " "1, " "1, "203
 "Nei190, 0.106, " "-0.003, " "1, " "1, " "1, " "1, " "1, " "1, " "1, " "1, " "1, " "1, " "1, " "1, " "1, " "1, " "1, " "1, " "1, " "1, " "1, " "1, " "1, " "1, " "1, " "1, " "1, " "1, " "1, " "1, " "1, " "1, " "1, " "1, " "1, " "1, " "1, " "1, " "1, " "1, " "1, " "1, " "1, " "1, " "1, " "1, " "1, " "1, " "1, " "1, " "1, " "1, " "1, " "1, " "1, " "1, " "1, " "1, " "1, " "1, " "1, " "1, " "1, " "1, " "1, " "1, " "1, " "1, " "1, " "1, " "1, " "1, " "1, " "1, " "1, " "1, " "1, " "1, " "1, " "1, " "1, " "1, " "1, " "1, " "1, " "1, " "1, " "1, " "1, " "1, " "1, " "1, " "1, " "1, " "1, " "1, " "1, " "1, " "1, " "1, " "1, " "1, " "1, " "1, " "1, " "1, " "1, " "1, " "1, " "1, " "1, " "1, " "1, " "1, " "1, " "1, " "1, " "1, " "1, " "1, " "1, " "1, " "1, " "1, " "1, " "1, " "1, " "1, " "1, " "1, " "1, " "1, " "1, " "1, " "1, " "1, " "1, " "1, " "1, " "1, " "1, " "1, " "1, " "1, " "1, " "1, " "1, " "1, " "1, " "1, " "1, " "1, " "1, " "1, " "1, " "1, " "1, " "1, " "1, " "1, " "1, " "1, " "1, " "1, " "1, " "1, " "1, " "1, " "1, " "1, " "1, " "1, " "1, " "1, " "1, " "1, " "1, " "1, " "1, " "1, " "1, " "1, " "1, " "1, " "1, " "1, " "1, " "1, " "1, " "1, " "1, " "1, " "0, " "1, " "1, " "1, " "1, " "1, " "1, " "1, " "1, " "1, " "1, " "1, " "1, " "1, " "1, " "1, " "1, " "1, " "1, " "1, " "1, " "1, " "1, " "1, " "1, " "1, " "1, " "1, " "1, " "1, " "1, " "1, " "1, " "1, " "1, " "1, " "1, " "1, " "1, " "1, " "1, " "1, " "1, " "1, " "1, " "1, " "1, " "1, " "1, " "1, " "1, " "1, " "1, " "1, " "1, " "1, " "1, " "1, " "1, " "1, " "1, " "1, " "1, " "1, " "1, " "1, " "1, "203
 "Nei191, 0.167, " "-0.003, " "1, " "1, " "1, " "1, " "1, " "1, " "1, " "1, " "1, " "1, " "1, " "1, " "1, " "1, " "1, " "1, " "1, " "1, " "1, " "1, " "1, " "1, " "1, " "1, " "1, " "1, " "1, " "1, " "1, " "1, " "1, " "1, " "1, " "1, " "1, " "1, " "1, " "1, " "1, " "1, " "1, " "1, " "1, " "1, " "1, " "1, " "1, " "1, " "1, " "1, " "1, " "1, " "1, " "1, " "1, " "1, " "1, " "1, " "1, " "1, " "1, " "1, " "1, " "1, " "1, " "1, " "1, " "1, " "1, " "1, " "1, " "1, " "1, " "1, " "1, " "1, " "1, " "1, " "1, " "1, " "1, " "1, " "1, " "1, " "1, " "1, " "1, " "1, " "1, " "1, " "1, " "1, " "1, " "1, " "1, " "1, " "1, " "1, " "1, " "1, " "1, " "1, " "1, " "1, " "1, " "1, " "1, " "1, " "1, " "1, " "1, " "1, " "1, " "1, " "1, " "1, " "1, " "1, " "1, " "1, " "1, " "1, " "1, " "1, " "1, " "1, " "1, " "1, " "1, " "1, " "1, " "1, " "1, " "1, " "1, " "1, " "1, " "1, " "1, " "1, " "1, " "1, " "1, " "1, " "1, " "1, " "1, " "1, " "1, " "1, " "1, " "1, " "1, " "1, " "1, " "1, " "1, " "1, " "1, " "1, " "1, " "1, " "1, " "1, " "1, " "1, " "1, " "1, " "1, " "1, " "1, " "1, " "1, " "1, " "1, " "1, " "1, " "1, " "1, " "1, " "1, " "1, " "1, " "1, " "1, " "1, " "1, " "1, " "1, " "1, " "1, " "0, " "1, " "1, " "1, " "1, " "1, " "1, " "1, " "1, " "1, " "1, " "1, " "1, " "1, " "1, " "1, " "1, " "1, " "1, " "1, " "1, " "1, " "1, " "1, " "1, " "1, " "1, " "1, " "1, " "1, " "1, " "1, " "1, " "1, " "1, " "1, " "1, " "1, " "1, " "1, " "1, " "1, " "1, " "1, " "1, " "1, " "1, " "1, " "1, " "1, " "1, " "1, " "1, " "1, " "1, " "1, " "1, " "1, " "1, " "1, " "1, " "1, " "1, " "1, " "1, " "1, "203
 "Nei192, 0.413, " "-0.003, " "1, " "1, " "1, " "1, " "1, " "1, " "1, " "1, " "1, " "1, " "1, " "1, " "1, " "1, " "1, " "1, " "1, " "1, " "1, " "1, " "1, " "1, " "1, " "1, " "1, " "1, " "1, " "1, " "1, " "1, " "1, " "1, " "1, " "1, " "1, " "1, " "1, " "1, " "1, " "1, " "1, " "1, " "1, " "1, " "1, " "1, " "1, " "1, " "1, " "1, " "1, " "1, " "1, " "1, " "1, " "1, " "1, " "1, " "1, " "1, " "1, " "1, " "1, " "1, " "1, " "1, " "1, " "1, " "1, " "1, " "1, " "1, " "1, " "1, " "1, " "1, " "1, " "1, " "1, " "1, " "1, " "1, " "1, " "1, " "1, " "1, " "1, " "1, " "1, " "1, " "1, " "1, " "1, " "1, " "1, " "1, " "1, " "1, " "1, " "1, " "1, " "1, " "1, " "1, " "1, " "1, " "1, " "1, " "1, " "1, " "1, " "1, " "1, " "1, " "1, " "1, " "1, " "1, " "1, " "1, " "1, " "1, " "1, " "1, " "1, " "1, " "1, " "1, " "1, " "1, " "1, " "1, " "1, " "1, " "1, " "1, " "1, " "1, " "1, " "1, " "1, " "1, " "1, " "1, " "1, " "1, " "1, " "1, " "1, " "1, " "1, " "1, " "1, " "1, " "1, " "1, " "1, " "1, " "1, " "1, " "1, " "1, " "1, " "1, " "1, " "1, " "1, " "1, " "1, " "1, " "1, " "1, " "1, " "1, " "1, " "1, " "1, " "1, " "1, " "1, " "1, " "1, " "1, " "1, " "1, " "1, " "1, " "1, " "1, " "1, " "1, " "1, " "0, " "1, " "1, " "1, " "1, " "1, " "1, " "1, " "1, " "1, " "1, " "1, " "1, " "1, " "1, " "1, " "1, " "1, " "1, " "1, " "1, " "1, " "1, " "1, " "1, " "1, " "1, " "1, " "1, " "1, " "1, " "1, " "1, " "1, " "1, " "1, " "1, " "1, " "1, " "1, " "1, " "1, " "1, " "1, " "1, " "1, " "1, " "1, " "1, " "1, " "1, " "1, " "1, " "1, " "1, " "1, " "1, " "1, " "1, " "1, " "1, " "1, " "1, " "1, " "1, "203
 "Nei193, 0.04, " "-0.003, " "1, " "1, " "1, " "1, " "1, " "1, " "1, " "1, " "1, " "1, " "1, " "1, " "1, " "1, " "1, " "1, " "1, " "1, " "1, " "1, " "1, " "1, " "1, " "1, " "1, " "1, " "1, " "1, " "1, " "1, " "1, " "1, " "1, " "1, " "1, " "1, " "1, " "1, " "1, " "1, " "1, " "1, " "1, " "1, " "1, " "1, " "1, " "1, " "1, " "1, " "1, " "1, " "1, " "1, " "1, " "1, " "1, " "1, " "1, " "1, " "1, " "1, " "1, " "1, " "1, " "1, " "1, " "1, " "1, " "1, " "1, " "1, " "1, " "1, " "1, " "1, " "1, " "1, " "1, " "1, " "1, " "1, " "1, " "1, " "1, " "1, " "1, " "1, " "1, " "1, " "1, " "1, " "1, " "1, " "1, " "1, " "1, " "1, " "1, " "1, " "1, " "1, " "1, " "1, " "1, " "1, " "1, " "1, " "1, " "1, " "1, " "1, " "1, " "1, " "1, " "1, " "1, " "1, " "1, " "1, " "1, " "1, " "1, " "1, " "1, " "1, " "1, " "1, " "1, " "1, " "1, " "1, " "1, " "1, " "1, " "1, " "1, " "1, " "1, " "1, " "1, " "1, " "1, " "1, " "1, " "1, " "1, " "1, " "1, " "1, " "1, " "1, " "1, " "1, " "1, " "1, " "1, " "1, " "1, " "1, " "1, " "1, " "1, " "1, " "1, " "1, " "1, " "1, " "1, " "1, " "1, " "1, " "1, " "1, " "1, " "1, " "1, " "1, " "1, " "1, " "1, " "1, " "1, " "1, " "1, " "1, " "1, " "1, " "1, " "1, " "1, " "1, " "1, " "0, " "1, " "1, " "1, " "1, " "1, " "1, " "1, " "1, " "1, " "1, " "1, " "1, " "1, " "1, " "1, " "1, " "1, " "1, " "1, " "1, " "1, " "1, " "1, " "1, " "1, " "1, " "1, " "1, " "1, " "1, " "1, " "1, " "1, " "1, " "1, " "1, " "1, " "1, " "1, " "1, " "1, " "1, " "1, " "1, " "1, " "1, " "1, " "1, " "1, " "1, " "1, " "1, " "1, " "1, " "1, " "1, " "1, " "1, " "1, " "1, " "1, " "1, " "1, "203
 "Nei194, 0.3, " "-0.003, " "1, " "1, " "1, " "1, " "1, " "1, " "1, " "1, " "1, " "1, " "1, " "1, " "1, " "1, " "1, " "1, " "1, " "1, " "1, " "1, " "1, " "1, " "1, " "1, " "1, " "1, " "1, " "1, " "1, " "1, " "1, " "1, " "1, " "1, " "1, " "1, " "1, " "1, " "1, " "1, " "1, " "1, " "1, " "1, " "1, " "1, " "1, " "1, " "1, " "1, " "1, " "1, " "1, " "1, " "1, " "1, " "1, " "1, " "1, " "1, " "1, " "1, " "1, " "1, " "1, " "1, " "1, " "1, " "1, " "1, " "1, " "1, " "1, " "1, " "1, " "1, " "1, " "1, " "1, " "1, " "1, " "1, " "1, " "1, " "1, " "1, " "1, " "1, " "1, " "1, " "1, " "1, " "1, " "1, " "1, " "1, " "1, " "1, " "1, " "1, " "1, " "1, " "1, " "1, " "1, " "1, " "1, " "1, " "1, " "1, " "1, " "1, " "1, " "1, " "1, " "1, " "1, " "1, " "1, " "1, " "1, " "1, " "1, " "1, " "1, " "1, " "1, " "1, " "1, " "1, " "1, " "1, " "1, " "1, " "1, " "1, " "1, " "1, " "1, " "1, " "1, " "1, " "1, " "1, " "1, " "1, " "1, " "1, " "1, " "1, " "1, " "1, " "1, " "1, " "1, " "1, " "1, " "1, " "1, " "1, " "1, " "1, " "1, " "1, " "1, " "1, " "1, " "1, " "1, " "1, " "1, " "1, " "1, " "1, " "1, " "1, " "1, " "1, " "1, " "1, " "1, " "1, " "1, " "1, " "1, " "1, " "1, " "1, " "1, " "1, " "1, " "1, " "1, " "1, " "0, " "1, " "1, " "1, " "1, " "1, " "1, " "1, " "1, " "1, " "1, " "1, " "1, " "1, " "1, " "1, " "1, " "1, " "1, " "1, " "1, " "1, " "1, " "1, " "1, " "1, " "1, " "1, " "1, " "1, " "1, " "1, " "1, " "1, " "1, " "1, " "1, " "1, " "1, " "1, " "1, " "1, " "1, " "1, " "1, " "1, " "1, " "1, " "1, " "1, " "1, " "1, " "1, " "1, " "1, " "1, " "1, " "1, " "1, " "1, " "1, " "1, " "1, "203
 "Nei195, 0.163, " "-0.003, " "1, " "1, " "1, " "1, " "1, " "1, " "1, " "1, " "1, " "1, " "1, " "1, " "1, " "1, " "1, " "1, " "1, " "1, " "1, " "1, " "1, " "1, " "1, " "1, " "1, " "1, " "1, " "1, " "1, " "1, " "1, " "1, " "1, " "1, " "1, " "1, " "1, " "1, " "1, " "1, " "1, " "1, " "1, " "1, " "1, " "1, " "1, " "1, " "1, " "1, " "1, " "1, " "1, " "1, " "1, " "1, " "1, " "1, " "1, " "1, " "1, " "1, " "1, " "1, " "1, " "1, " "1, " "1, " "1, " "1, " "1, " "1, " "1, " "1, " "1, " "1, " "1, " "1, " "1, " "1, " "1, " "1, " "1, " "1, " "1, " "1, " "1, " "1, " "1, " "1, " "1, " "1, " "1, " "1, " "1, " "1, " "1, " "1, " "1, " "1, " "1, " "1, " "1, " "1, " "1, " "1, " "1, " "1, " "1, " "1, " "1, " "1, " "1, " "1, " "1, " "1, " "1, " "1, " "1, " "1, " "1, " "1, " "1, " "1, " "1, " "1, " "1, " "1, " "1, " "1, " "1, " "1, " "1, " "1, " "1, " "1, " "1, " "1, " "1, " "1, " "1, " "1, " "1, " "1, " "1, " "1, " "1, " "1, " "1, " "1, " "1, " "1, " "1, " "1, " "1, " "1, " "1, " "1, " "1, " "1, " "1, " "1, " "1, " "1, " "1, " "1, " "1, " "1, " "1, " "1, " "1, " "1, " "1, " "1, " "1, " "1, " "1, " "1, " "1, " "1, " "1, " "1, " "1, " "1, " "1, " "1, " "1, " "1, " "1, " "1, " "1, " "1, " "1, " "1, " "1, " "0, " "1, " "1, " "1, " "1, " "1, " "1, " "1, " "1, " "1, " "1, " "1, " "1, " "1, " "1, " "1, " "1, " "1, " "1, " "1, " "1, " "1, " "1, " "1, " "1, " "1, " "1, " "1, " "1, " "1, " "1, " "1, " "1, " "1, " "1, " "1, " "1, " "1, " "1, " "1, " "1, " "1, " "1, " "1, " "1, " "1, " "1, " "1, " "1, " "1, " "1, " "1, " "1, " "1, " "1, " "1, " "1, " "1, " "1, " "1, " "1, " "1, "203
 "Nei196, 0.374, " "-0.003, " "1, " "1, " "1, " "1, " "1, " "1, " "1, " "1, " "1, " "1, " "1, " "1, " "1, " "1, " "1, " "1, " "1, " "1, " "1, " "1, " "1, " "1, " "1, " "1, " "1, " "1, " "1, " "1, " "1, " "1, " "1, " "1, " "1, " "1, " "1, " "1, " "1, " "1, " "1, " "1, " "1, " "1, " "1, " "1, " "1, " "1, " "1, " "1, " "1, " "1, " "1, " "1, " "1, " "1, " "1, " "1, " "1, " "1, " "1, " "1, " "1, " "1, " "1, " "1, " "1, " "1, " "1, " "1, " "1, " "1, " "1, " "1, " "1, " "1, " "1, " "1, " "1, " "1, " "1, " "1, " "1, " "1, " "1, " "1, " "1, " "1, " "1, " "1, " "1, " "1, " "1, " "1, " "1, " "1, " "1, " "1, " "1, " "1, " "1, " "1, " "1, " "1, " "1, " "1, " "1, " "1, " "1, " "1, " "1, " "1, " "1, " "1, " "1, " "1, " "1, " "1, " "1, " "1, " "1, " "1, " "1, " "1, " "1, " "1, " "1, " "1, " "1, " "1, " "1, " "1, " "1, " "1, " "1, " "1, " "1, " "1, " "1, " "1, " "1, " "1, " "1, " "1, " "1, " "1, " "1, " "1, " "1, " "1, " "1, " "1, " "1, " "1, " "1, " "1, " "1, " "1, " "1, " "1, " "1, " "1, " "1, " "1, " "1, " "1, " "1, " "1, " "1, " "1, " "1, " "1, " "1, " "1, " "1, " "1, " "1, " "1, " "1, " "1, " "1, " "1, " "1, " "1, " "1, " "1, " "1, " "1, " "1, " "1, " "1, " "1, " "1, " "1, " "1, " "1, " "1, " "1, " "0, " "1, " "1, " "1, " "1, " "1, " "1, " "1, " "1, " "1, " "1, " "1, " "1, " "1, " "1, " "1, " "1, " "1, " "1, " "1, " "1, " "1, " "1, " "1, " "1, " "1, " "1, " "1, " "1, " "1, " "1, " "1, " "1, " "1, " "1, " "1, " "1, " "1, " "1, " "1, " "1, " "1, " "1, " "1, " "1, " "1, " "1, " "1, " "1, " "1, " "1, " "1, " "1, " "1, " "1, " "1, " "1, " "1, " "1, " "1, " "1, "203
 "Nei197, 0.158, " "-0.003, " "1, " "1, " "1, " "1, " "1, " "1, " "1, " "1, " "1, " "1, " "1, " "1, " "1, " "1, " "1, " "1, " "1, " "1, " "1, " "1, " "1, " "1, " "1, " "1, " "1, " "1, " "1, " "1, " "1, " "1, " "1, " "1, " "1, " "1, " "1, " "1, " "1, " "1, " "1, " "1, " "1, " "1, " "1, " "1, " "1, " "1, " "1, " "1, " "1, " "1, " "1, " "1, " "1, " "1, " "1, " "1, " "1, " "1, " "1, " "1, " "1, " "1, " "1, " "1, " "1, " "1, " "1, " "1, " "1, " "1, " "1, " "1, " "1, " "1, " "1, " "1, " "1, " "1, " "1, " "1, " "1, " "1, " "1, " "1, " "1, " "1, " "1, " "1, " "1, " "1, " "1, " "1, " "1, " "1, " "1, " "1, " "1, " "1, " "1, " "1, " "1, " "1, " "1, " "1, " "1, " "1, " "1, " "1, " "1, " "1, " "1, " "1, " "1, " "1, " "1, " "1, " "1, " "1, " "1, " "1, " "1, " "1, " "1, " "1, " "1, " "1, " "1, " "1, " "1, " "1, " "1, " "1, " "1, " "1, " "1, " "1, " "1, " "1, " "1, " "1, " "1, " "1, " "1, " "1, " "1, " "1, " "1, " "1, " "1, " "1, " "1, " "1, " "1, " "1, " "1, " "1, " "1, " "1, " "1, " "1, " "1, " "1, " "1, " "1, " "1, " "1, " "1, " "1, " "1, " "1, " "1, " "1, " "1, " "1, " "1, " "1, " "1, " "1, " "1, " "1, " "1, " "1, " "1, " "1, " "1, " "1, " "1, " "1, " "1, " "1, " "1, " "1, " "1, " "1, " "1, " "1, " "1, " "0, " "1, " "1, " "1, " "1, " "1, " "1, " "1, " "1, " "1, " "1, " "1, " "1, " "1, " "1, " "1, " "1, " "1, " "1, " "1, " "1, " "1, " "1, " "1, " "1, " "1, " "1, " "1, " "1, " "1, " "1, " "1, " "1, " "1, " "1, " "1, " "1, " "1, " "1, " "1, " "1, " "1, " "1, " "1, " "1, " "1, " "1, " "1, " "1, " "1, " "1, " "1, " "1, " "1, " "1, " "1, " "1, " "1, " "1, " "1, "203
 "Nei198, 0.312, " "-0.003, " "1, " "1, " "1, " "1, " "1, " "1, " "1, " "1, " "1, " "1, " "1, " "1, " "1, " "1, " "1, " "1, " "1, " "1, " "1, " "1, " "1, " "1, " "1, " "1, " "1, " "1, " "1, " "1, " "1, " "1, " "1, " "1, " "1, " "1, " "1, " "1, " "1, " "1, " "1, " "1, " "1, " "1, " "1, " "1, " "1, " "1, " "1, " "1, " "1, " "1, " "1, " "1, " "1, " "1, " "1, " "1, " "1, " "1, " "1, " "1, " "1, " "1, " "1, " "1, " "1, " "1, " "1, " "1, " "1, " "1, " "1, " "1, " "1, " "1, " "1, " "1, " "1, " "1, " "1, " "1, " "1, " "1, " "1, " "1, " "1, " "1, " "1, " "1, " "1, " "1, " "1, " "1, " "1, " "1, " "1, " "1, " "1, " "1, " "1, " "1, " "1, " "1, " "1, " "1, " "1, " "1, " "1, " "1, " "1, " "1, " "1, " "1, " "1, " "1, " "1, " "1, " "1, " "1, " "1, " "1, " "1, " "1, " "1, " "1, " "1, " "1, " "1, " "1, " "1, " "1, " "1, " "1, " "1, " "1, " "1, " "1, " "1, " "1, " "1, " "1, " "1, " "1, " "1, " "1, " "1, " "1, " "1, " "1, " "1, " "1, " "1, " "1, " "1, " "1, " "1, " "1, " "1, " "1, " "1, " "1, " "1, " "1, " "1, " "1, " "1, " "1, " "1, " "1, " "1, " "1, " "1, " "1, " "1, " "1, " "1, " "1, " "1, " "1, " "1, " "1, " "1, " "1, " "1, " "1, " "1, " "1, " "1, " "1, " "1, " "1, " "1, " "1, " "1, " "1, " "1, " "1, " "1, " "1, " "0, " "1, " "1, " "1, " "1, " "1, " "1, " "1, " "1, " "1, " "1, " "1, " "1, " "1, " "1, " "1, " "1, " "1, " "1, " "1, " "1, " "1, " "1, " "1, " "1, " "1, " "1, " "1, " "1, " "1, " "1, " "1, " "1, " "1, " "1, " "1, " "1, " "1, " "1, " "1, " "1, " "1, " "1, " "1, " "1, " "1, " "1, " "1, " "1, " "1, " "1, " "1, " "1, " "1, " "1, " "1, " "1, " "1, " "1, "203
 "Nei199, 0.392, " "-0.003, " "1, " "1, " "1, " "1, " "1, " "1, " "1, " "1, " "1, " "1, " "1, " "1, " "1, " "1, " "1, " "1, " "1, " "1, " "1, " "1, " "1, " "1, " "1, " "1, " "1, " "1, " "1, " "1, " "1, " "1, " "1, " "1, " "1, " "1, " "1, " "1, " "1, " "1, " "1, " "1, " "1, " "1, " "1, " "1, " "1, " "1, " "1, " "1, " "1, " "1, " "1, " "1, " "1, " "1, " "1, " "1, " "1, " "1, " "1, " "1, " "1, " "1, " "1, " "1, " "1, " "1, " "1, " "1, " "1, " "1, " "1, " "1, " "1, " "1, " "1, " "1, " "1, " "1, " "1, " "1, " "1, " "1, " "1, " "1, " "1, " "1, " "1, " "1, " "1, " "1, " "1, " "1, " "1, " "1, " "1, " "1, " "1, " "1, " "1, " "1, " "1, " "1, " "1, " "1, " "1, " "1, " "1, " "1, " "1, " "1, " "1, " "1, " "1, " "1, " "1, " "1, " "1, " "1, " "1, " "1, " "1, " "1, " "1, " "1, " "1, " "1, " "1, " "1, " "1, " "1, " "1, " "1, " "1, " "1, " "1, " "1, " "1, " "1, " "1, " "1, " "1, " "1, " "1, " "1, " "1, " "1, " "1, " "1, " "1, " "1, " "1, " "1, " "1, " "1, " "1, " "1, " "1, " "1, " "1, " "1, " "1, " "1, " "1, " "1, " "1, " "1, " "1, " "1, " "1, " "1, " "1, " "1, " "1, " "1, " "1, " "1, " "1, " "1, " "1, " "1, " "1, " "1, " "1, " "1, " "1, " "1, " "1, " "1, " "1, " "1, " "1, " "1, " "1, " "1, " "1, " "1, " "1, " "1, " "1, " "0, " "1, " "1, " "1, " "1, " "1, " "1, " "1, " "1, " "1, " "1, " "1, " "1, " "1, " "1, " "1, " "1, " "1, " "1, " "1, " "1, " "1, " "1, " "1, " "1, " "1, " "1, " "1, " "1, " "1, " "1, " "1, " "1, " "1, " "1, " "1, " "1, " "1, " "1, " "1, " "1, " "1, " "1, " "1, " "1, " "1, " "1, " "1, " "1, " "1, " "1, " "1, " "1, " "1, " "1, " "1, " "1, " "1, "203
 "Nei200, 0.357, " "-0.003, " "1, " "1, " "1, " "1, " "1, " "1, " "1, " "1, " "1, " "1, " "1, " "1, " "1, " "1, " "1, " "1, " "1, " "1, " "1, " "1, " "1, " "1, " "1, " "1, " "1, " "1, " "1, " "1, " "1, " "1, " "1, " "1, " "1, " "1, " "1, " "1, " "1, " "1, " "1, " "1, " "1, " "1, " "1, " "1, " "1, " "1, " "1, " "1, " "1, " "1, " "1, " "1, " "1, " "1, " "1, " "1, " "1, " "1, " "1, " "1, " "1, " "1, " "1, " "1, " "1, " "1, " "1, " "1, " "1, " "1, " "1, " "1, " "1, " "1, " "1, " "1, " "1, " "1, " "1, " "1, " "1, " "1, " "1, " "1, " "1, " "1, " "1, " "1, " "1, " "1, " "1, " "1, " "1, " "1, " "1, " "1, " "1, " "1, " "1, " "1, " "1, " "1, " "1, " "1, " "1, " "1, " "1, " "1, " "1, " "1, " "1, " "1, " "1, " "1, " "1, " "1, " "1, " "1, " "1, " "1, " "1, " "1, " "1, " "1, " "1, " "1, " "1, " "1, " "1, " "1, " "1, " "1, " "1, " "1, " "1, " "1, " "1, " "1, " "1, " "1, " "1, " "1, " "1, " "1, " "1, " "1, " "1, " "1, " "1, " "1, " "1, " "1, " "1, " "1, " "1, " "1, " "1, " "1, " "1, " "1, " "1, " "1, " "1, " "1, " "1, " "1, " "1, " "1, " "1, " "1, " "1, " "1, " "1, " "1, " "1, " "1, " "1, " "1, " "1, " "1, " "1, " "1, " "1, " "1, " "1, " "1, " "1, " "1, " "1, " "1, " "1, " "1, " "1, " "1, " "1, " "1, " "1, " "1, " "1, " "1, " "0, " "1, " "1, " "1, " "1, " "1, " "1, " "1, " "1, " "1, " "1, " "1, " "1, " "1, " "1, " "1, " "1, " "1, " "1, " "1, " "1, " "1, " "1, " "1, " "1, " "1, " "1, " "1, " "1, " "1, " "1, " "1, " "1, " "1, " "1, " "1, " "1, " "1, " "1, " "1, " "1, " "1, " "1, " "1, " "1, " "1, " "1, " "1, " "1, " "1, " "1, " "1, " "1, " "1, " "1, " "1, " "1, "203
 "Nei201, 0.333, " "-0.003, " "1, " "1, " "1, " "1, " "1, " "1, " "1, " "1, " "1, " "1, " "1, " "1, " "1, " "1, " "1, " "1, " "1, " "1, " "1, " "1, " "1, " "1, " "1, " "1, " "1, " "1, " "1, " "1, " "1, " "1, " "1, " "1, " "1, " "1, " "1, " "1, " "1, " "1, " "1, " "1, " "1, " "1, " "1, " "1, " "1, " "1, " "1, " "1, " "1, " "1, " "1, " "1, " "1, " "1, " "1, " "1, " "1, " "1, " "1, " "1, " "1, " "1, " "1, " "1, " "1, " "1, " "1, " "1, " "1, " "1, " "1, " "1, " "1, " "1, " "1, " "1, " "1, " "1, " "1, " "1, " "1, " "1, " "1, " "1, " "1, " "1, " "1, " "1, " "1, " "1, " "1, " "1, " "1, " "1, " "1, " "1, " "1, " "1, " "1, " "1, " "1, " "1, " "1, " "1, " "1, " "1, " "1, " "1, " "1, " "1, " "1, " "1, " "1, " "1, " "1, " "1, " "1, " "1, " "1, " "1, " "1, " "1, " "1, " "1, " "1, " "1, " "1, " "1, " "1, " "1, " "1, " "1, " "1, " "1, " "1, " "1, " "1, " "1, " "1, " "1, " "1, " "1, " "1, " "1, " "1, " "1, " "1, " "1, " "1, " "1, " "1, " "1, " "1, " "1, " "1, " "1, " "1, " "1, " "1, " "1, " "1, " "1, " "1, " "1, " "1, " "1, " "1, " "1, " "1, " "1, " "1, " "1, " "1, " "1, " "1, " "1, " "1, " "1, " "1, " "1, " "1, " "1, " "1, " "1, " "1, " "1, " "1, " "1, " "1, " "1, " "1, " "1, " "1, " "1, " "1, " "1, " "1, " "1, " "1, " "1, " "1, " "0, " "1, " "1, " "1, " "1, " "1, " "1, " "1, " "1, " "1, " "1, " "1, " "1, " "1, " "1, " "1, " "1, " "1, " "1, " "1, " "1, " "1, " "1, " "1, " "1, " "1, " "1, " "1, " "1, " "1, " "1, " "1, " "1, " "1, " "1, " "1, " "1, " "1, " "1, " "1, " "1, " "1, " "1, " "1, " "1, " "1, " "1, " "1, " "1, " "1, " "1, " "1, " "1, " "1, " "1, " "1, "203
 "Nei202, 0.129, " "-0.003, " "1, " "1, " "1, " "1, " "1, " "1, " "1, " "1, " "1, " "1, " "1, " "1, " "1, " "1, " "1, " "1, " "1, " "1, " "1, " "1, " "1, " "1, " "1, " "1, " "1, " "1, " "1, " "1, " "1, " "1, " "1, " "1, " "1, " "1, " "1, " "1, " "1, " "1, " "1, " "1, " "1, " "1, " "1, " "1, " "1, " "1, " "1, " "1, " "1, " "1, " "1, " "1, " "1, " "1, " "1, " "1, " "1, " "1, " "1, " "1, " "1, " "1, " "1, " "1, " "1, " "1, " "1, " "1, " "1, " "1, " "1, " "1, " "1, " "1, " "1, " "1, " "1, " "1, " "1, " "1, " "1, " "1, " "1, " "1, " "1, " "1, " "1, " "1, " "1, " "1, " "1, " "1, " "1, " "1, " "1, " "1, " "1, " "1, " "1, " "1, " "1, " "1, " "1, " "1, " "1, " "1, " "1, " "1, " "1, " "1, " "1, " "1, " "1, " "1, " "1, " "1, " "1, " "1, " "1, " "1, " "1, " "1, " "1, " "1, " "1, " "1, " "1, " "1, " "1, " "1, " "1, " "1, " "1, " "1, " "1, " "1, " "1, " "1, " "1, " "1, " "1, " "1, " "1, " "1, " "1, " "1, " "1, " "1, " "1, " "1, " "1, " "1, " "1, " "1, " "1, " "1, " "1, " "1, " "1, " "1, " "1, " "1, " "1, " "1, " "1, " "1, " "1, " "1, " "1, " "1, " "1, " "1, " "1, " "1, " "1, " "1, " "1, " "1, " "1, " "1, " "1, " "1, " "1, " "1, " "1, " "1, " "1, " "1, " "1, " "1, " "1, " "1, " "1, " "1, " "1, " "1, " "1, " "1, " "1, " "1, " "1, " "1, " "0, " "1, " "1, " "1, " "1, " "1, " "1, " "1, " "1, " "1, " "1, " "1, " "1, " "1, " "1, " "1, " "1, " "1, " "1, " "1, " "1, " "1, " "1, " "1, " "1, " "1, " "1, " "1, " "1, " "1, " "1, " "1, " "1, " "1, " "1, " "1, " "1, " "1, " "1, " "1, " "1, " "1, " "1, " "1, " "1, " "1, " "1, " "1, " "1, " "1, " "1, " "1, " "1, " "1, " "1, "203
 "Nei203, 0.242, " "-0.003, " "1, " "1, " "1, " "1, " "1, " "1, " "1, " "1, " "1, " "1, " "1, " "1, " "1, " "1, " "1, " "1, " "1, " "1, " "1, " "1, " "1, " "1, " "1, " "1, " "1, " "1, " "1, " "1, " "1, " "1, " "1, " "1, " "1, " "1, " "1, " "1, " "1, " "1, " "1, " "1, " "1, " "1, " "1, " "1, " "1, " "1, " "1, " "1, " "1, " "1, " "1, " "1, " "1, " "1, " "1, " "1, " "1, " "1, " "1, " "1, " "1, " "1, " "1, " "1, " "1, " "1, " "1, " "1, " "1, " "1, " "1, " "1, " "1, " "1, " "1, " "1, " "1, " "1, " "1, " "1, " "1, " "1, " "1, " "1, " "1, " "1, " "1, " "1, " "1, " "1, " "1, " "1, " "1, " "1, " "1, " "1, " "1, " "1, " "1, " "1, " "1, " "1, " "1, " "1, " "1, " "1, " "1, " "1, " "1, " "1, " "1, " "1, " "1, " "1, " "1, " "1, " "1, " "1, " "1, " "1, " "1, " "1, " "1, " "1, " "1, " "1, " "1, " "1, " "1, " "1, " "1, " "1, " "1, " "1, " "1, " "1, " "1, " "1, " "1, " "1, " "1, " "1, " "1, " "1, " "1, " "1, " "1, " "1, " "1, " "1, " "1, " "1, " "1, " "1, " "1, " "1, " "1, " "1, " "1, " "1, " "1, " "1, " "1, " "1, " "1, " "1, " "1, " "1, " "1, " "1, " "1, " "1, " "1, " "1, " "1, " "1, " "1, " "1, " "1, " "1, " "1, " "1, " "1, " "1, " "1, " "1, " "1, " "1, " "1, " "1, " "1, " "1, " "1, " "1, " "1, " "1, " "1, " "1, " "1, " "1, " "1, " "1, " "1, " "0, " "1, " "1, " "1, " "1, " "1, " "1, " "1, " "1, " "1, " "1, " "1, " "1, " "1, " "1, " "1, " "1, " "1, " "1, " "1, " "1, " "1, " "1, " "1, " "1, " "1, " "1, " "1, " "1, " "1, " "1, " "1, " "1, " "1, " "1, " "1, " "1, " "1, " "1, " "1, " "1, " "1, " "1, " "1, " "1, " "1, " "1, " "1, " "1, " "1, " "1, " "1, " "1, " "1, "203
 "Nei204, 0.003, " "-0.003, " "1, " "1, " "1, " "1, " "1, " "1, " "1, " "1, " "1, " "1, " "1, " "1, " "1, " "1, " "1, " "1, " "1, " "1, " "1, " "1, " "1, " "1, " "1, " "1, " "1, " "1, " "1, " "1, " "1, " "1, " "1, " "1, " "1, " "1, " "1, " "1, " "1, " "1, " "1, " "1, " "1, " "1, " "1, " "1, " "1, " "1, " "1, " "1, " "1, " "1, " "1, " "1, " "1, " "1, " "1, " "1, " "1, " "1, " "1, " "1, " "1, " "1, " "1, " "1, " "1, " "1, " "1, " "1, " "1, " "1, " "1, " "1, " "1, " "1, " "1, " "1, " "1, " "1, " "1, " "1, " "1, " "1, " "1, " "1, " "1, " "1, " "1, " "1, " "1, " "1, " "1, " "1, " "1, " "1, " "1, " "1, " "1, " "1, " "1, " "1, " "1, " "1, " "1, " "1, " "1, " "1, " "1, " "1, " "1, " "1, " "1, " "1, " "1, " "1, " "1, " "1, " "1, " "1, " "1, " "1, " "1, " "1, " "1, " "1, " "1, " "1, " "1, " "1, " "1, " "1, " "1, " "1, " "1, " "1, " "1, " "1, " "1, " "1, " "1, " "1, " "1, " "1, " "1, " "1, " "1, " "1, " "1, " "1, " "1, " "1, " "1, " "1, " "1, " "1, " "1, " "1, " "1, " "1, " "1, " "1, " "1, " "1, " "1, " "1, " "1, " "1, " "1, " "1, " "1, " "1, " "1, " "1, " "1, " "1, " "1, " "1, " "1, " "1, " "1, " "1, " "1, " "1, " "1, " "1, " "1, " "1, " "1, " "1, " "1, " "1, " "1, " "1, " "1, " "1, " "1, " "1, " "1, " "1, " "1, " "1, " "1, " "1, " "1, " "1, " "0, " "1, " "1, " "1, " "1, " "1, " "1, " "1, " "1, " "1, " "1, " "1, " "1, " "1, " "1, " "1, " "1, " "1, " "1, " "1, " "1, " "1, " "1, " "1, " "1, " "1, " "1, " "1, " "1, " "1, " "1, " "1, " "1, " "1, " "1, " "1, " "1, " "1, " "1, " "1, " "1, " "1, " "1, " "1, " "1, " "1, " "1, " "1, " "1, " "1, " "1, " "1, " "1, "203
 "Nei205, 0.539, " "-0.003, " "1, " "1, " "1, " "1, " "1, " "1, " "1, " "1, " "1, " "1, " "1, " "1, " "1, " "1, " "1, " "1, " "1, " "1, " "1, " "1, " "1, " "1, " "1, " "1, " "1, " "1, " "1, " "1, " "1, " "1, " "1, " "1, " "1, " "1, " "1, " "1, " "1, " "1, " "1, " "1, " "1, " "1, " "1, " "1, " "1, " "1, " "1, " "1, " "1, " "1, " "1, " "1, " "1, " "1, " "1, " "1, " "1, " "1, " "1, " "1, " "1, " "1, " "1, " "1, " "1, " "1, " "1, " "1, " "1, " "1, " "1, " "1, " "1, " "1, " "1, " "1, " "1, " "1, " "1, " "1, " "1, " "1, " "1, " "1, " "1, " "1, " "1, " "1, " "1, " "1, " "1, " "1, " "1, " "1, " "1, " "1, " "1, " "1, " "1, " "1, " "1, " "1, " "1, " "1, " "1, " "1, " "1, " "1, " "1, " "1, " "1, " "1, " "1, " "1, " "1, " "1, " "1, " "1, " "1, " "1, " "1, " "1, " "1, " "1, " "1, " "1, " "1, " "1, " "1, " "1, " "1, " "1, " "1, " "1, " "1, " "1, " "1, " "1, " "1, " "1, " "1, " "1, " "1, " "1, " "1, " "1, " "1, " "1, " "1, " "1, " "1, " "1, " "1, " "1, " "1, " "1, " "1, " "1, " "1, " "1, " "1, " "1, " "1, " "1, " "1, " "1, " "1, " "1, " "1, " "1, " "1, " "1, " "1, " "1, " "1, " "1, " "1, " "1, " "1, " "1, " "1, " "1, " "1, " "1, " "1, " "1, " "1, " "1, " "1, " "1, " "1, " "1, " "1, " "1, " "1, " "1, " "1, " "1, " "1, " "1, " "1, " "1, " "1, " "1, " "1, " "0, " "1, " "1, " "1, " "1, " "1, " "1, " "1, " "1, " "1, " "1, " "1, " "1, " "1, " "1, " "1, " "1, " "1, " "1, " "1, " "1, " "1, " "1, " "1, " "1, " "1, " "1, " "1, " "1, " "1, " "1, " "1, " "1, " "1, " "1, " "1, " "1, " "1, " "1, " "1, " "1, " "1, " "1, " "1, " "1, " "1, " "1, " "1, " "1, " "1, " "1, " "1, "203
 "Nei206, 0.267, " "-0.003, " "1, " "1, " "1, " "1, " "1, " "1, " "1, " "1, " "1, " "1, " "1, " "1, " "1, " "1, " "1, " "1, " "1, " "1, " "1, " "1, " "1, " "1, " "1, " "1, " "1, " "1, " "1, " "1, " "1, " "1, " "1, " "1, " "1, " "1, " "1, " "1, " "1, " "1, " "1, " "1, " "1, " "1, " "1, " "1, " "1, " "1, " "1, " "1, " "1, " "1, " "1, " "1, " "1, " "1, " "1, " "1, " "1, " "1, " "1, " "1, " "1, " "1, " "1, " "1, " "1, " "1, " "1, " "1, " "1, " "1, " "1, " "1, " "1, " "1, " "1, " "1, " "1, " "1, " "1, " "1, " "1, " "1, " "1, " "1, " "1, " "1, " "1, " "1, " "1, " "1, " "1, " "1, " "1, " "1, " "1, " "1, " "1, " "1, " "1, " "1, " "1, " "1, " "1, " "1, " "1, " "1, " "1, " "1, " "1, " "1, " "1, " "1, " "1, " "1, " "1, " "1, " "1, " "1, " "1, " "1, " "1, " "1, " "1, " "1, " "1, " "1, " "1, " "1, " "1, " "1, " "1, " "1, " "1, " "1, " "1, " "1, " "1, " "1, " "1, " "1, " "1, " "1, " "1, " "1, " "1, " "1, " "1, " "1, " "1, " "1, " "1, " "1, " "1, " "1, " "1, " "1, " "1, " "1, " "1, " "1, " "1, " "1, " "1, " "1, " "1, " "1, " "1, " "1, " "1, " "1, " "1, " "1, " "1, " "1, " "1, " "1, " "1, " "1, " "1, " "1, " "1, " "1, " "1, " "1, " "1, " "1, " "1, " "1, " "1, " "1, " "1, " "1, " "1, " "1, " "1, " "1, " "1, " "1, " "1, " "1, " "1, " "1, " "1, " "1, " "1, " "1, " "0, " "1, " "1, " "1, " "1, " "1, " "1, " "1, " "1, " "1, " "1, " "1, " "1, " "1, " "1, " "1, " "1, " "1, " "1, " "1, " "1, " "1, " "1, " "1, " "1, " "1, " "1, " "1, " "1, " "1, " "1, " "1, " "1, " "1, " "1, " "1, " "1, " "1, " "1, " "1, " "1, " "1, " "1, " "1, " "1, " "1, " "1, " "1, " "1, " "1, " "1, "203
 "Nei207, 0.386, " "-0.003, " "1, " "1, " "1, " "1, " "1, " "1, " "1, " "1, " "1, " "1, " "1, " "1, " "1, " "1, " "1, " "1, " "1, " "1, " "1, " "1, " "1, " "1, " "1, " "1, " "1, " "1, " "1, " "1, " "1, " "1, " "1, " "1, " "1, " "1, " "1, " "1, " "1, " "1, " "1, " "1, " "1, " "1, " "1, " "1, " "1, " "1, " "1, " "1, " "1, " "1, " "1, " "1, " "1, " "1, " "1, " "1, " "1, " "1, " "1, " "1, " "1, " "1, " "1, " "1, " "1, " "1, " "1, " "1, " "1, " "1, " "1, " "1, " "1, " "1, " "1, " "1, " "1, " "1, " "1, " "1, " "1, " "1, " "1, " "1, " "1, " "1, " "1, " "1, " "1, " "1, " "1, " "1, " "1, " "1, " "1, " "1, " "1, " "1, " "1, " "1, " "1, " "1, " "1, " "1, " "1, " "1, " "1, " "1, " "1, " "1, " "1, " "1, " "1, " "1, " "1, " "1, " "1, " "1, " "1, " "1, " "1, " "1, " "1, " "1, " "1, " "1, " "1, " "1, " "1, " "1, " "1, " "1, " "1, " "1, " "1, " "1, " "1, " "1, " "1, " "1, " "1, " "1, " "1, " "1, " "1, " "1, " "1, " "1, " "1, " "1, " "1, " "1, " "1, " "1, " "1, " "1, " "1, " "1, " "1, " "1, " "1, " "1, " "1, " "1, " "1, " "1, " "1, " "1, " "1, " "1, " "1, " "1, " "1, " "1, " "1, " "1, " "1, " "1, " "1, " "1, " "1, " "1, " "1, " "1, " "1, " "1, " "1, " "1, " "1, " "1, " "1, " "1, " "1, " "1, " "1, " "1, " "1, " "1, " "1, " "1, " "1, " "1, " "1, " "1, " "1, " "1, " "1, " "0, " "1, " "1, " "1, " "1, " "1, " "1, " "1, " "1, " "1, " "1, " "1, " "1, " "1, " "1, " "1, " "1, " "1, " "1, " "1, " "1, " "1, " "1, " "1, " "1, " "1, " "1, " "1, " "1, " "1, " "1, " "1, " "1, " "1, " "1, " "1, " "1, " "1, " "1, " "1, " "1, " "1, " "1, " "1, " "1, " "1, " "1, " "1, " "1, " "1, "203
 "Nei208, 0.557, " "-0.003, " "1, " "1, " "1, " "1, " "1, " "1, " "1, " "1, " "1, " "1, " "1, " "1, " "1, " "1, " "1, " "1, " "1, " "1, " "1, " "1, " "1, " "1, " "1, " "1, " "1, " "1, " "1, " "1, " "1, " "1, " "1, " "1, " "1, " "1, " "1, " "1, " "1, " "1, " "1, " "1, " "1, " "1, " "1, " "1, " "1, " "1, " "1, " "1, " "1, " "1, " "1, " "1, " "1, " "1, " "1, " "1, " "1, " "1, " "1, " "1, " "1, " "1, " "1, " "1, " "1, " "1, " "1, " "1, " "1, " "1, " "1, " "1, " "1, " "1, " "1, " "1, " "1, " "1, " "1, " "1, " "1, " "1, " "1, " "1, " "1, " "1, " "1, " "1, " "1, " "1, " "1, " "1, " "1, " "1, " "1, " "1, " "1, " "1, " "1, " "1, " "1, " "1, " "1, " "1, " "1, " "1, " "1, " "1, " "1, " "1, " "1, " "1, " "1, " "1, " "1, " "1, " "1, " "1, " "1, " "1, " "1, " "1, " "1, " "1, " "1, " "1, " "1, " "1, " "1, " "1, " "1, " "1, " "1, " "1, " "1, " "1, " "1, " "1, " "1, " "1, " "1, " "1, " "1, " "1, " "1, " "1, " "1, " "1, " "1, " "1, " "1, " "1, " "1, " "1, " "1, " "1, " "1, " "1, " "1, " "1, " "1, " "1, " "1, " "1, " "1, " "1, " "1, " "1, " "1, " "1, " "1, " "1, " "1, " "1, " "1, " "1, " "1, " "1, " "1, " "1, " "1, " "1, " "1, " "1, " "1, " "1, " "1, " "1, " "1, " "1, " "1, " "1, " "1, " "1, " "1, " "1, " "1, " "1, " "1, " "1, " "1, " "1, " "1, " "1, " "1, " "1, " "1, " "1, " "0, " "1, " "1, " "1, " "1, " "1, " "1, " "1, " "1, " "1, " "1, " "1, " "1, " "1, " "1, " "1, " "1, " "1, " "1, " "1, " "1, " "1, " "1, " "1, " "1, " "1, " "1, " "1, " "1, " "1, " "1, " "1, " "1, " "1, " "1, " "1, " "1, " "1, " "1, " "1, " "1, " "1, " "1, " "1, " "1, " "1, " "1, " "1, " "1, "203
 "Nei209, 0.45, " "-0.003, " "1, " "1, " "1, " "1, " "1, " "1, " "1, " "1, " "1, " "1, " "1, " "1, " "1, " "1, " "1, " "1, " "1, " "1, " "1, " "1, " "1, " "1, " "1, " "1, " "1, " "1, " "1, " "1, " "1, " "1, " "1, " "1, " "1, " "1, " "1, " "1, " "1, " "1, " "1, " "1, " "1, " "1, " "1, " "1, " "1, " "1, " "1, " "1, " "1, " "1, " "1, " "1, " "1, " "1, " "1, " "1, " "1, " "1, " "1, " "1, " "1, " "1, " "1, " "1, " "1, " "1, " "1, " "1, " "1, " "1, " "1, " "1, " "1, " "1, " "1, " "1, " "1, " "1, " "1, " "1, " "1, " "1, " "1, " "1, " "1, " "1, " "1, " "1, " "1, " "1, " "1, " "1, " "1, " "1, " "1, " "1, " "1, " "1, " "1, " "1, " "1, " "1, " "1, " "1, " "1, " "1, " "1, " "1, " "1, " "1, " "1, " "1, " "1, " "1, " "1, " "1, " "1, " "1, " "1, " "1, " "1, " "1, " "1, " "1, " "1, " "1, " "1, " "1, " "1, " "1, " "1, " "1, " "1, " "1, " "1, " "1, " "1, " "1, " "1, " "1, " "1, " "1, " "1, " "1, " "1, " "1, " "1, " "1, " "1, " "1, " "1, " "1, " "1, " "1, " "1, " "1, " "1, " "1, " "1, " "1, " "1, " "1, " "1, " "1, " "1, " "1, " "1, " "1, " "1, " "1, " "1, " "1, " "1, " "1, " "1, " "1, " "1, " "1, " "1, " "1, " "1, " "1, " "1, " "1, " "1, " "1, " "1, " "1, " "1, " "1, " "1, " "1, " "1, " "1, " "1, " "1, " "1, " "1, " "1, " "1, " "1, " "1, " "1, " "1, " "1, " "1, " "1, " "1, " "1, " "0, " "1, " "1, " "1, " "1, " "1, " "1, " "1, " "1, " "1, " "1, " "1, " "1, " "1, " "1, " "1, " "1, " "1, " "1, " "1, " "1, " "1, " "1, " "1, " "1, " "1, " "1, " "1, " "1, " "1, " "1, " "1, " "1, " "1, " "1, " "1, " "1, " "1, " "1, " "1, " "1, " "1, " "1, " "1, " "1, " "1, " "1, " "1, "203
 "Nei210, 0.554, " "-0.003, " "1, " "1, " "1, " "1, " "1, " "1, " "1, " "1, " "1, " "1, " "1, " "1, " "1, " "1, " "1, " "1, " "1, " "1, " "1, " "1, " "1, " "1, " "1, " "1, " "1, " "1, " "1, " "1, " "1, " "1, " "1, " "1, " "1, " "1, " "1, " "1, " "1, " "1, " "1, " "1, " "1, " "1, " "1, " "1, " "1, " "1, " "1, " "1, " "1, " "1, " "1, " "1, " "1, " "1, " "1, " "1, " "1, " "1, " "1, " "1, " "1, " "1, " "1, " "1, " "1, " "1, " "1, " "1, " "1, " "1, " "1, " "1, " "1, " "1, " "1, " "1, " "1, " "1, " "1, " "1, " "1, " "1, " "1, " "1, " "1, " "1, " "1, " "1, " "1, " "1, " "1, " "1, " "1, " "1, " "1, " "1, " "1, " "1, " "1, " "1, " "1, " "1, " "1, " "1, " "1, " "1, " "1, " "1, " "1, " "1, " "1, " "1, " "1, " "1, " "1, " "1, " "1, " "1, " "1, " "1, " "1, " "1, " "1, " "1, " "1, " "1, " "1, " "1, " "1, " "1, " "1, " "1, " "1, " "1, " "1, " "1, " "1, " "1, " "1, " "1, " "1, " "1, " "1, " "1, " "1, " "1, " "1, " "1, " "1, " "1, " "1, " "1, " "1, " "1, " "1, " "1, " "1, " "1, " "1, " "1, " "1, " "1, " "1, " "1, " "1, " "1, " "1, " "1, " "1, " "1, " "1, " "1, " "1, " "1, " "1, " "1, " "1, " "1, " "1, " "1, " "1, " "1, " "1, " "1, " "1, " "1, " "1, " "1, " "1, " "1, " "1, " "1, " "1, " "1, " "1, " "1, " "1, " "1, " "1, " "1, " "1, " "1, " "1, " "1, " "1, " "1, " "1, " "1, " "1, " "1, " "0, " "1, " "1, " "1, " "1, " "1, " "1, " "1, " "1, " "1, " "1, " "1, " "1, " "1, " "1, " "1, " "1, " "1, " "1, " "1, " "1, " "1, " "1, " "1, " "1, " "1, " "1, " "1, " "1, " "1, " "1, " "1, " "1, " "1, " "1, " "1, " "1, " "1, " "1, " "1, " "1, " "1, " "1, " "1, " "1, " "1, " "1, "203
 "Nei211, 0.534, " "-0.003, " "1, " "1, " "1, " "1, " "1, " "1, " "1, " "1, " "1, " "1, " "1, " "1, " "1, " "1, " "1, " "1, " "1, " "1, " "1, " "1, " "1, " "1, " "1, " "1, " "1, " "1, " "1, " "1, " "1, " "1, " "1, " "1, " "1, " "1, " "1, " "1, " "1, " "1, " "1, " "1, " "1, " "1, " "1, " "1, " "1, " "1, " "1, " "1, " "1, " "1, " "1, " "1, " "1, " "1, " "1, " "1, " "1, " "1, " "1, " "1, " "1, " "1, " "1, " "1, " "1, " "1, " "1, " "1, " "1, " "1, " "1, " "1, " "1, " "1, " "1, " "1, " "1, " "1, " "1, " "1, " "1, " "1, " "1, " "1, " "1, " "1, " "1, " "1, " "1, " "1, " "1, " "1, " "1, " "1, " "1, " "1, " "1, " "1, " "1, " "1, " "1, " "1, " "1, " "1, " "1, " "1, " "1, " "1, " "1, " "1, " "1, " "1, " "1, " "1, " "1, " "1, " "1, " "1, " "1, " "1, " "1, " "1, " "1, " "1, " "1, " "1, " "1, " "1, " "1, " "1, " "1, " "1, " "1, " "1, " "1, " "1, " "1, " "1, " "1, " "1, " "1, " "1, " "1, " "1, " "1, " "1, " "1, " "1, " "1, " "1, " "1, " "1, " "1, " "1, " "1, " "1, " "1, " "1, " "1, " "1, " "1, " "1, " "1, " "1, " "1, " "1, " "1, " "1, " "1, " "1, " "1, " "1, " "1, " "1, " "1, " "1, " "1, " "1, " "1, " "1, " "1, " "1, " "1, " "1, " "1, " "1, " "1, " "1, " "1, " "1, " "1, " "1, " "1, " "1, " "1, " "1, " "1, " "1, " "1, " "1, " "1, " "1, " "1, " "1, " "1, " "1, " "1, " "1, " "1, " "1, " "1, " "0, " "1, " "1, " "1, " "1, " "1, " "1, " "1, " "1, " "1, " "1, " "1, " "1, " "1, " "1, " "1, " "1, " "1, " "1, " "1, " "1, " "1, " "1, " "1, " "1, " "1, " "1, " "1, " "1, " "1, " "1, " "1, " "1, " "1, " "1, " "1, " "1, " "1, " "1, " "1, " "1, " "1, " "1, " "1, " "1, " "1, "203
 "Nei212, 0.012, " "-0.003, " "1, " "1, " "1, " "1, " "1, " "1, " "1, " "1, " "1, " "1, " "1, " "1, " "1, " "1, " "1, " "1, " "1, " "1, " "1, " "1, " "1, " "1, " "1, " "1, " "1, " "1, " "1, " "1, " "1, " "1, " "1, " "1, " "1, " "1, " "1, " "1, " "1, " "1, " "1, " "1, " "1, " "1, " "1, " "1, " "1, " "1, " "1, " "1, " "1, " "1, " "1, " "1, " "1, " "1, " "1, " "1, " "1, " "1, " "1, " "1, " "1, " "1, " "1, " "1, " "1, " "1, " "1, " "1, " "1, " "1, " "1, " "1, " "1, " "1, " "1, " "1, " "1, " "1, " "1, " "1, " "1, " "1, " "1, " "1, " "1, " "1, " "1, " "1, " "1, " "1, " "1, " "1, " "1, " "1, " "1, " "1, " "1, " "1, " "1, " "1, " "1, " "1, " "1, " "1, " "1, " "1, " "1, " "1, " "1, " "1, " "1, " "1, " "1, " "1, " "1, " "1, " "1, " "1, " "1, " "1, " "1, " "1, " "1, " "1, " "1, " "1, " "1, " "1, " "1, " "1, " "1, " "1, " "1, " "1, " "1, " "1, " "1, " "1, " "1, " "1, " "1, " "1, " "1, " "1, " "1, " "1, " "1, " "1, " "1, " "1, " "1, " "1, " "1, " "1, " "1, " "1, " "1, " "1, " "1, " "1, " "1, " "1, " "1, " "1, " "1, " "1, " "1, " "1, " "1, " "1, " "1, " "1, " "1, " "1, " "1, " "1, " "1, " "1, " "1, " "1, " "1, " "1, " "1, " "1, " "1, " "1, " "1, " "1, " "1, " "1, " "1, " "1, " "1, " "1, " "1, " "1, " "1, " "1, " "1, " "1, " "1, " "1, " "1, " "1, " "1, " "1, " "1, " "1, " "1, " "1, " "1, " "1, " "0, " "1, " "1, " "1, " "1, " "1, " "1, " "1, " "1, " "1, " "1, " "1, " "1, " "1, " "1, " "1, " "1, " "1, " "1, " "1, " "1, " "1, " "1, " "1, " "1, " "1, " "1, " "1, " "1, " "1, " "1, " "1, " "1, " "1, " "1, " "1, " "1, " "1, " "1, " "1, " "1, " "1, " "1, " "1, " "1, "203
 "Nei213, 0.537, " "-0.003, " "1, " "1, " "1, " "1, " "1, " "1, " "1, " "1, " "1, " "1, " "1, " "1, " "1, " "1, " "1, " "1, " "1, " "1, " "1, " "1, " "1, " "1, " "1, " "1, " "1, " "1, " "1, " "1, " "1, " "1, " "1, " "1, " "1, " "1, " "1, " "1, " "1, " "1, " "1, " "1, " "1, " "1, " "1, " "1, " "1, " "1, " "1, " "1, " "1, " "1, " "1, " "1, " "1, " "1, " "1, " "1, " "1, " "1, " "1, " "1, " "1, " "1, " "1, " "1, " "1, " "1, " "1, " "1, " "1, " "1, " "1, " "1, " "1, " "1, " "1, " "1, " "1, " "1, " "1, " "1, " "1, " "1, " "1, " "1, " "1, " "1, " "1, " "1, " "1, " "1, " "1, " "1, " "1, " "1, " "1, " "1, " "1, " "1, " "1, " "1, " "1, " "1, " "1, " "1, " "1, " "1, " "1, " "1, " "1, " "1, " "1, " "1, " "1, " "1, " "1, " "1, " "1, " "1, " "1, " "1, " "1, " "1, " "1, " "1, " "1, " "1, " "1, " "1, " "1, " "1, " "1, " "1, " "1, " "1, " "1, " "1, " "1, " "1, " "1, " "1, " "1, " "1, " "1, " "1, " "1, " "1, " "1, " "1, " "1, " "1, " "1, " "1, " "1, " "1, " "1, " "1, " "1, " "1, " "1, " "1, " "1, " "1, " "1, " "1, " "1, " "1, " "1, " "1, " "1, " "1, " "1, " "1, " "1, " "1, " "1, " "1, " "1, " "1, " "1, " "1, " "1, " "1, " "1, " "1, " "1, " "1, " "1, " "1, " "1, " "1, " "1, " "1, " "1, " "1, " "1, " "1, " "1, " "1, " "1, " "1, " "1, " "1, " "1, " "1, " "1, " "1, " "1, " "1, " "1, " "1, " "1, " "1, " "1, " "0, " "1, " "1, " "1, " "1, " "1, " "1, " "1, " "1, " "1, " "1, " "1, " "1, " "1, " "1, " "1, " "1, " "1, " "1, " "1, " "1, " "1, " "1, " "1, " "1, " "1, " "1, " "1, " "1, " "1, " "1, " "1, " "1, " "1, " "1, " "1, " "1, " "1, " "1, " "1, " "1, " "1, " "1, " "1, "203
 "Nei214, 0.046, " "-0.003, " "1, " "1, " "1, " "1, " "1, " "1, " "1, " "1, " "1, " "1, " "1, " "1, " "1, " "1, " "1, " "1, " "1, " "1, " "1, " "1, " "1, " "1, " "1, " "1, " "1, " "1, " "1, " "1, " "1, " "1, " "1, " "1, " "1, " "1, " "1, " "1, " "1, " "1, " "1, " "1, " "1, " "1, " "1, " "1, " "1, " "1, " "1, " "1, " "1, " "1, " "1, " "1, " "1, " "1, " "1, " "1, " "1, " "1, " "1, " "1, " "1, " "1, " "1, " "1, " "1, " "1, " "1, " "1, " "1, " "1, " "1, " "1, " "1, " "1, " "1, " "1, " "1, " "1, " "1, " "1, " "1, " "1, " "1, " "1, " "1, " "1, " "1, " "1, " "1, " "1, " "1, " "1, " "1, " "1, " "1, " "1, " "1, " "1, " "1, " "1, " "1, " "1, " "1, " "1, " "1, " "1, " "1, " "1, " "1, " "1, " "1, " "1, " "1, " "1, " "1, " "1, " "1, " "1, " "1, " "1, " "1, " "1, " "1, " "1, " "1, " "1, " "1, " "1, " "1, " "1, " "1, " "1, " "1, " "1, " "1, " "1, " "1, " "1, " "1, " "1, " "1, " "1, " "1, " "1, " "1, " "1, " "1, " "1, " "1, " "1, " "1, " "1, " "1, " "1, " "1, " "1, " "1, " "1, " "1, " "1, " "1, " "1, " "1, " "1, " "1, " "1, " "1, " "1, " "1, " "1, " "1, " "1, " "1, " "1, " "1, " "1, " "1, " "1, " "1, " "1, " "1, " "1, " "1, " "1, " "1, " "1, " "1, " "1, " "1, " "1, " "1, " "1, " "1, " "1, " "1, " "1, " "1, " "1, " "1, " "1, " "1, " "1, " "1, " "1, " "1, " "1, " "1, " "1, " "1, " "1, " "1, " "1, " "1, " "1, " "0, " "1, " "1, " "1, " "1, " "1, " "1, " "1, " "1, " "1, " "1, " "1, " "1, " "1, " "1, " "1, " "1, " "1, " "1, " "1, " "1, " "1, " "1, " "1, " "1, " "1, " "1, " "1, " "1, " "1, " "1, " "1, " "1, " "1, " "1, " "1, " "1, " "1, " "1, " "1, " "1, " "1, " "1, "203
 "Nei215, 0.342, " "-0.003, " "1, " "1, " "1, " "1, " "1, " "1, " "1, " "1, " "1, " "1, " "1, " "1, " "1, " "1, " "1, " "1, " "1, " "1, " "1, " "1, " "1, " "1, " "1, " "1, " "1, " "1, " "1, " "1, " "1, " "1, " "1, " "1, " "1, " "1, " "1, " "1, " "1, " "1, " "1, " "1, " "1, " "1, " "1, " "1, " "1, " "1, " "1, " "1, " "1, " "1, " "1, " "1, " "1, " "1, " "1, " "1, " "1, " "1, " "1, " "1, " "1, " "1, " "1, " "1, " "1, " "1, " "1, " "1, " "1, " "1, " "1, " "1, " "1, " "1, " "1, " "1, " "1, " "1, " "1, " "1, " "1, " "1, " "1, " "1, " "1, " "1, " "1, " "1, " "1, " "1, " "1, " "1, " "1, " "1, " "1, " "1, " "1, " "1, " "1, " "1, " "1, " "1, " "1, " "1, " "1, " "1, " "1, " "1, " "1, " "1, " "1, " "1, " "1, " "1, " "1, " "1, " "1, " "1, " "1, " "1, " "1, " "1, " "1, " "1, " "1, " "1, " "1, " "1, " "1, " "1, " "1, " "1, " "1, " "1, " "1, " "1, " "1, " "1, " "1, " "1, " "1, " "1, " "1, " "1, " "1, " "1, " "1, " "1, " "1, " "1, " "1, " "1, " "1, " "1, " "1, " "1, " "1, " "1, " "1, " "1, " "1, " "1, " "1, " "1, " "1, " "1, " "1, " "1, " "1, " "1, " "1, " "1, " "1, " "1, " "1, " "1, " "1, " "1, " "1, " "1, " "1, " "1, " "1, " "1, " "1, " "1, " "1, " "1, " "1, " "1, " "1, " "1, " "1, " "1, " "1, " "1, " "1, " "1, " "1, " "1, " "1, " "1, " "1, " "1, " "1, " "1, " "1, " "1, " "1, " "1, " "1, " "1, " "1, " "1, " "1, " "0, " "1, " "1, " "1, " "1, " "1, " "1, " "1, " "1, " "1, " "1, " "1, " "1, " "1, " "1, " "1, " "1, " "1, " "1, " "1, " "1, " "1, " "1, " "1, " "1, " "1, " "1, " "1, " "1, " "1, " "1, " "1, " "1, " "1, " "1, " "1, " "1, " "1, " "1, " "1, " "1, " "1, "203
 "Nei216, 0.307, " "-0.003, " "1, " "1, " "1, " "1, " "1, " "1, " "1, " "1, " "1, " "1, " "1, " "1, " "1, " "1, " "1, " "1, " "1, " "1, " "1, " "1, " "1, " "1, " "1, " "1, " "1, " "1, " "1, " "1, " "1, " "1, " "1, " "1, " "1, " "1, " "1, " "1, " "1, " "1, " "1, " "1, " "1, " "1, " "1, " "1, " "1, " "1, " "1, " "1, " "1, " "1, " "1, " "1, " "1, " "1, " "1, " "1, " "1, " "1, " "1, " "1, " "1, " "1, " "1, " "1, " "1, " "1, " "1, " "1, " "1, " "1, " "1, " "1, " "1, " "1, " "1, " "1, " "1, " "1, " "1, " "1, " "1, " "1, " "1, " "1, " "1, " "1, " "1, " "1, " "1, " "1, " "1, " "1, " "1, " "1, " "1, " "1, " "1, " "1, " "1, " "1, " "1, " "1, " "1, " "1, " "1, " "1, " "1, " "1, " "1, " "1, " "1, " "1, " "1, " "1, " "1, " "1, " "1, " "1, " "1, " "1, " "1, " "1, " "1, " "1, " "1, " "1, " "1, " "1, " "1, " "1, " "1, " "1, " "1, " "1, " "1, " "1, " "1, " "1, " "1, " "1, " "1, " "1, " "1, " "1, " "1, " "1, " "1, " "1, " "1, " "1, " "1, " "1, " "1, " "1, " "1, " "1, " "1, " "1, " "1, " "1, " "1, " "1, " "1, " "1, " "1, " "1, " "1, " "1, " "1, " "1, " "1, " "1, " "1, " "1, " "1, " "1, " "1, " "1, " "1, " "1, " "1, " "1, " "1, " "1, " "1, " "1, " "1, " "1, " "1, " "1, " "1, " "1, " "1, " "1, " "1, " "1, " "1, " "1, " "1, " "1, " "1, " "1, " "1, " "1, " "1, " "1, " "1, " "1, " "1, " "1, " "1, " "1, " "1, " "1, " "1, " "1, " "0, " "1, " "1, " "1, " "1, " "1, " "1, " "1, " "1, " "1, " "1, " "1, " "1, " "1, " "1, " "1, " "1, " "1, " "1, " "1, " "1, " "1, " "1, " "1, " "1, " "1, " "1, " "1, " "1, " "1, " "1, " "1, " "1, " "1, " "1, " "1, " "1, " "1, " "1, " "1, " "1, "203
 "Nei217, 0.35, " "-0.003, " "1, " "1, " "1, " "1, " "1, " "1, " "1, " "1, " "1, " "1, " "1, " "1, " "1, " "1, " "1, " "1, " "1, " "1, " "1, " "1, " "1, " "1, " "1, " "1, " "1, " "1, " "1, " "1, " "1, " "1, " "1, " "1, " "1, " "1, " "1, " "1, " "1, " "1, " "1, " "1, " "1, " "1, " "1, " "1, " "1, " "1, " "1, " "1, " "1, " "1, " "1, " "1, " "1, " "1, " "1, " "1, " "1, " "1, " "1, " "1, " "1, " "1, " "1, " "1, " "1, " "1, " "1, " "1, " "1, " "1, " "1, " "1, " "1, " "1, " "1, " "1, " "1, " "1, " "1, " "1, " "1, " "1, " "1, " "1, " "1, " "1, " "1, " "1, " "1, " "1, " "1, " "1, " "1, " "1, " "1, " "1, " "1, " "1, " "1, " "1, " "1, " "1, " "1, " "1, " "1, " "1, " "1, " "1, " "1, " "1, " "1, " "1, " "1, " "1, " "1, " "1, " "1, " "1, " "1, " "1, " "1, " "1, " "1, " "1, " "1, " "1, " "1, " "1, " "1, " "1, " "1, " "1, " "1, " "1, " "1, " "1, " "1, " "1, " "1, " "1, " "1, " "1, " "1, " "1, " "1, " "1, " "1, " "1, " "1, " "1, " "1, " "1, " "1, " "1, " "1, " "1, " "1, " "1, " "1, " "1, " "1, " "1, " "1, " "1, " "1, " "1, " "1, " "1, " "1, " "1, " "1, " "1, " "1, " "1, " "1, " "1, " "1, " "1, " "1, " "1, " "1, " "1, " "1, " "1, " "1, " "1, " "1, " "1, " "1, " "1, " "1, " "1, " "1, " "1, " "1, " "1, " "1, " "1, " "1, " "1, " "1, " "1, " "1, " "1, " "1, " "1, " "1, " "1, " "1, " "1, " "1, " "1, " "1, " "1, " "1, " "1, " "1, " "0, " "1, " "1, " "1, " "1, " "1, " "1, " "1, " "1, " "1, " "1, " "1, " "1, " "1, " "1, " "1, " "1, " "1, " "1, " "1, " "1, " "1, " "1, " "1, " "1, " "1, " "1, " "1, " "1, " "1, " "1, " "1, " "1, " "1, " "1, " "1, " "1, " "1, " "1, " "1, "203
 "Nei218, 0.333, " "-0.003, " "1, " "1, " "1, " "1, " "1, " "1, " "1, " "1, " "1, " "1, " "1, " "1, " "1, " "1, " "1, " "1, " "1, " "1, " "1, " "1, " "1, " "1, " "1, " "1, " "1, " "1, " "1, " "1, " "1, " "1, " "1, " "1, " "1, " "1, " "1, " "1, " "1, " "1, " "1, " "1, " "1, " "1, " "1, " "1, " "1, " "1, " "1, " "1, " "1, " "1, " "1, " "1, " "1, " "1, " "1, " "1, " "1, " "1, " "1, " "1, " "1, " "1, " "1, " "1, " "1, " "1, " "1, " "1, " "1, " "1, " "1, " "1, " "1, " "1, " "1, " "1, " "1, " "1, " "1, " "1, " "1, " "1, " "1, " "1, " "1, " "1, " "1, " "1, " "1, " "1, " "1, " "1, " "1, " "1, " "1, " "1, " "1, " "1, " "1, " "1, " "1, " "1, " "1, " "1, " "1, " "1, " "1, " "1, " "1, " "1, " "1, " "1, " "1, " "1, " "1, " "1, " "1, " "1, " "1, " "1, " "1, " "1, " "1, " "1, " "1, " "1, " "1, " "1, " "1, " "1, " "1, " "1, " "1, " "1, " "1, " "1, " "1, " "1, " "1, " "1, " "1, " "1, " "1, " "1, " "1, " "1, " "1, " "1, " "1, " "1, " "1, " "1, " "1, " "1, " "1, " "1, " "1, " "1, " "1, " "1, " "1, " "1, " "1, " "1, " "1, " "1, " "1, " "1, " "1, " "1, " "1, " "1, " "1, " "1, " "1, " "1, " "1, " "1, " "1, " "1, " "1, " "1, " "1, " "1, " "1, " "1, " "1, " "1, " "1, " "1, " "1, " "1, " "1, " "1, " "1, " "1, " "1, " "1, " "1, " "1, " "1, " "1, " "1, " "1, " "1, " "1, " "1, " "1, " "1, " "1, " "1, " "1, " "1, " "1, " "1, " "1, " "1, " "1, " "0, " "1, " "1, " "1, " "1, " "1, " "1, " "1, " "1, " "1, " "1, " "1, " "1, " "1, " "1, " "1, " "1, " "1, " "1, " "1, " "1, " "1, " "1, " "1, " "1, " "1, " "1, " "1, " "1, " "1, " "1, " "1, " "1, " "1, " "1, " "1, " "1, " "1, " "1, "203
 "Nei219, 0.165, " "-0.003, " "1, " "1, " "1, " "1, " "1, " "1, " "1, " "1, " "1, " "1, " "1, " "1, " "1, " "1, " "1, " "1, " "1, " "1, " "1, " "1, " "1, " "1, " "1, " "1, " "1, " "1, " "1, " "1, " "1, " "1, " "1, " "1, " "1, " "1, " "1, " "1, " "1, " "1, " "1, " "1, " "1, " "1, " "1, " "1, " "1, " "1, " "1, " "1, " "1, " "1, " "1, " "1, " "1, " "1, " "1, " "1, " "1, " "1, " "1, " "1, " "1, " "1, " "1, " "1, " "1, " "1, " "1, " "1, " "1, " "1, " "1, " "1, " "1, " "1, " "1, " "1, " "1, " "1, " "1, " "1, " "1, " "1, " "1, " "1, " "1, " "1, " "1, " "1, " "1, " "1, " "1, " "1, " "1, " "1, " "1, " "1, " "1, " "1, " "1, " "1, " "1, " "1, " "1, " "1, " "1, " "1, " "1, " "1, " "1, " "1, " "1, " "1, " "1, " "1, " "1, " "1, " "1, " "1, " "1, " "1, " "1, " "1, " "1, " "1, " "1, " "1, " "1, " "1, " "1, " "1, " "1, " "1, " "1, " "1, " "1, " "1, " "1, " "1, " "1, " "1, " "1, " "1, " "1, " "1, " "1, " "1, " "1, " "1, " "1, " "1, " "1, " "1, " "1, " "1, " "1, " "1, " "1, " "1, " "1, " "1, " "1, " "1, " "1, " "1, " "1, " "1, " "1, " "1, " "1, " "1, " "1, " "1, " "1, " "1, " "1, " "1, " "1, " "1, " "1, " "1, " "1, " "1, " "1, " "1, " "1, " "1, " "1, " "1, " "1, " "1, " "1, " "1, " "1, " "1, " "1, " "1, " "1, " "1, " "1, " "1, " "1, " "1, " "1, " "1, " "1, " "1, " "1, " "1, " "1, " "1, " "1, " "1, " "1, " "1, " "1, " "1, " "1, " "1, " "1, " "0, " "1, " "1, " "1, " "1, " "1, " "1, " "1, " "1, " "1, " "1, " "1, " "1, " "1, " "1, " "1, " "1, " "1, " "1, " "1, " "1, " "1, " "1, " "1, " "1, " "1, " "1, " "1, " "1, " "1, " "1, " "1, " "1, " "1, " "1, " "1, " "1, " "1, "203
 "Nei220, 0.109, " "-0.003, " "1, " "1, " "1, " "1, " "1, " "1, " "1, " "1, " "1, " "1, " "1, " "1, " "1, " "1, " "1, " "1, " "1, " "1, " "1, " "1, " "1, " "1, " "1, " "1, " "1, " "1, " "1, " "1, " "1, " "1, " "1, " "1, " "1, " "1, " "1, " "1, " "1, " "1, " "1, " "1, " "1, " "1, " "1, " "1, " "1, " "1, " "1, " "1, " "1, " "1, " "1, " "1, " "1, " "1, " "1, " "1, " "1, " "1, " "1, " "1, " "1, " "1, " "1, " "1, " "1, " "1, " "1, " "1, " "1, " "1, " "1, " "1, " "1, " "1, " "1, " "1, " "1, " "1, " "1, " "1, " "1, " "1, " "1, " "1, " "1, " "1, " "1, " "1, " "1, " "1, " "1, " "1, " "1, " "1, " "1, " "1, " "1, " "1, " "1, " "1, " "1, " "1, " "1, " "1, " "1, " "1, " "1, " "1, " "1, " "1, " "1, " "1, " "1, " "1, " "1, " "1, " "1, " "1, " "1, " "1, " "1, " "1, " "1, " "1, " "1, " "1, " "1, " "1, " "1, " "1, " "1, " "1, " "1, " "1, " "1, " "1, " "1, " "1, " "1, " "1, " "1, " "1, " "1, " "1, " "1, " "1, " "1, " "1, " "1, " "1, " "1, " "1, " "1, " "1, " "1, " "1, " "1, " "1, " "1, " "1, " "1, " "1, " "1, " "1, " "1, " "1, " "1, " "1, " "1, " "1, " "1, " "1, " "1, " "1, " "1, " "1, " "1, " "1, " "1, " "1, " "1, " "1, " "1, " "1, " "1, " "1, " "1, " "1, " "1, " "1, " "1, " "1, " "1, " "1, " "1, " "1, " "1, " "1, " "1, " "1, " "1, " "1, " "1, " "1, " "1, " "1, " "1, " "1, " "1, " "1, " "1, " "1, " "1, " "1, " "1, " "1, " "1, " "1, " "1, " "1, " "0, " "1, " "1, " "1, " "1, " "1, " "1, " "1, " "1, " "1, " "1, " "1, " "1, " "1, " "1, " "1, " "1, " "1, " "1, " "1, " "1, " "1, " "1, " "1, " "1, " "1, " "1, " "1, " "1, " "1, " "1, " "1, " "1, " "1, " "1, " "1, " "1, "203
 "Nei221, 0.52, " "-0.003, " "1, " "1, " "1, " "1, " "1, " "1, " "1, " "1, " "1, " "1, " "1, " "1, " "1, " "1, " "1, " "1, " "1, " "1, " "1, " "1, " "1, " "1, " "1, " "1, " "1, " "1, " "1, " "1, " "1, " "1, " "1, " "1, " "1, " "1, " "1, " "1, " "1, " "1, " "1, " "1, " "1, " "1, " "1, " "1, " "1, " "1, " "1, " "1, " "1, " "1, " "1, " "1, " "1, " "1, " "1, " "1, " "1, " "1, " "1, " "1, " "1, " "1, " "1, " "1, " "1, " "1, " "1, " "1, " "1, " "1, " "1, " "1, " "1, " "1, " "1, " "1, " "1, " "1, " "1, " "1, " "1, " "1, " "1, " "1, " "1, " "1, " "1, " "1, " "1, " "1, " "1, " "1, " "1, " "1, " "1, " "1, " "1, " "1, " "1, " "1, " "1, " "1, " "1, " "1, " "1, " "1, " "1, " "1, " "1, " "1, " "1, " "1, " "1, " "1, " "1, " "1, " "1, " "1, " "1, " "1, " "1, " "1, " "1, " "1, " "1, " "1, " "1, " "1, " "1, " "1, " "1, " "1, " "1, " "1, " "1, " "1, " "1, " "1, " "1, " "1, " "1, " "1, " "1, " "1, " "1, " "1, " "1, " "1, " "1, " "1, " "1, " "1, " "1, " "1, " "1, " "1, " "1, " "1, " "1, " "1, " "1, " "1, " "1, " "1, " "1, " "1, " "1, " "1, " "1, " "1, " "1, " "1, " "1, " "1, " "1, " "1, " "1, " "1, " "1, " "1, " "1, " "1, " "1, " "1, " "1, " "1, " "1, " "1, " "1, " "1, " "1, " "1, " "1, " "1, " "1, " "1, " "1, " "1, " "1, " "1, " "1, " "1, " "1, " "1, " "1, " "1, " "1, " "1, " "1, " "1, " "1, " "1, " "1, " "1, " "1, " "1, " "1, " "1, " "1, " "1, " "1, " "0, " "1, " "1, " "1, " "1, " "1, " "1, " "1, " "1, " "1, " "1, " "1, " "1, " "1, " "1, " "1, " "1, " "1, " "1, " "1, " "1, " "1, " "1, " "1, " "1, " "1, " "1, " "1, " "1, " "1, " "1, " "1, " "1, " "1, " "1, " "1, "203
 "Nei222, 0.215, " "-0.003, " "1, " "1, " "1, " "1, " "1, " "1, " "1, " "1, " "1, " "1, " "1, " "1, " "1, " "1, " "1, " "1, " "1, " "1, " "1, " "1, " "1, " "1, " "1, " "1, " "1, " "1, " "1, " "1, " "1, " "1, " "1, " "1, " "1, " "1, " "1, " "1, " "1, " "1, " "1, " "1, " "1, " "1, " "1, " "1, " "1, " "1, " "1, " "1, " "1, " "1, " "1, " "1, " "1, " "1, " "1, " "1, " "1, " "1, " "1, " "1, " "1, " "1, " "1, " "1, " "1, " "1, " "1, " "1, " "1, " "1, " "1, " "1, " "1, " "1, " "1, " "1, " "1, " "1, " "1, " "1, " "1, " "1, " "1, " "1, " "1, " "1, " "1, " "1, " "1, " "1, " "1, " "1, " "1, " "1, " "1, " "1, " "1, " "1, " "1, " "1, " "1, " "1, " "1, " "1, " "1, " "1, " "1, " "1, " "1, " "1, " "1, " "1, " "1, " "1, " "1, " "1, " "1, " "1, " "1, " "1, " "1, " "1, " "1, " "1, " "1, " "1, " "1, " "1, " "1, " "1, " "1, " "1, " "1, " "1, " "1, " "1, " "1, " "1, " "1, " "1, " "1, " "1, " "1, " "1, " "1, " "1, " "1, " "1, " "1, " "1, " "1, " "1, " "1, " "1, " "1, " "1, " "1, " "1, " "1, " "1, " "1, " "1, " "1, " "1, " "1, " "1, " "1, " "1, " "1, " "1, " "1, " "1, " "1, " "1, " "1, " "1, " "1, " "1, " "1, " "1, " "1, " "1, " "1, " "1, " "1, " "1, " "1, " "1, " "1, " "1, " "1, " "1, " "1, " "1, " "1, " "1, " "1, " "1, " "1, " "1, " "1, " "1, " "1, " "1, " "1, " "1, " "1, " "1, " "1, " "1, " "1, " "1, " "1, " "1, " "1, " "1, " "1, " "1, " "1, " "1, " "1, " "1, " "0, " "1, " "1, " "1, " "1, " "1, " "1, " "1, " "1, " "1, " "1, " "1, " "1, " "1, " "1, " "1, " "1, " "1, " "1, " "1, " "1, " "1, " "1, " "1, " "1, " "1, " "1, " "1, " "1, " "1, " "1, " "1, " "1, " "1, " "1, "203
 "Nei223, 0.021, " "-0.003, " "1, " "1, " "1, " "1, " "1, " "1, " "1, " "1, " "1, " "1, " "1, " "1, " "1, " "1, " "1, " "1, " "1, " "1, " "1, " "1, " "1, " "1, " "1, " "1, " "1, " "1, " "1, " "1, " "1, " "1, " "1, " "1, " "1, " "1, " "1, " "1, " "1, " "1, " "1, " "1, " "1, " "1, " "1, " "1, " "1, " "1, " "1, " "1, " "1, " "1, " "1, " "1, " "1, " "1, " "1, " "1, " "1, " "1, " "1, " "1, " "1, " "1, " "1, " "1, " "1, " "1, " "1, " "1, " "1, " "1, " "1, " "1, " "1, " "1, " "1, " "1, " "1, " "1, " "1, " "1, " "1, " "1, " "1, " "1, " "1, " "1, " "1, " "1, " "1, " "1, " "1, " "1, " "1, " "1, " "1, " "1, " "1, " "1, " "1, " "1, " "1, " "1, " "1, " "1, " "1, " "1, " "1, " "1, " "1, " "1, " "1, " "1, " "1, " "1, " "1, " "1, " "1, " "1, " "1, " "1, " "1, " "1, " "1, " "1, " "1, " "1, " "1, " "1, " "1, " "1, " "1, " "1, " "1, " "1, " "1, " "1, " "1, " "1, " "1, " "1, " "1, " "1, " "1, " "1, " "1, " "1, " "1, " "1, " "1, " "1, " "1, " "1, " "1, " "1, " "1, " "1, " "1, " "1, " "1, " "1, " "1, " "1, " "1, " "1, " "1, " "1, " "1, " "1, " "1, " "1, " "1, " "1, " "1, " "1, " "1, " "1, " "1, " "1, " "1, " "1, " "1, " "1, " "1, " "1, " "1, " "1, " "1, " "1, " "1, " "1, " "1, " "1, " "1, " "1, " "1, " "1, " "1, " "1, " "1, " "1, " "1, " "1, " "1, " "1, " "1, " "1, " "1, " "1, " "1, " "1, " "1, " "1, " "1, " "1, " "1, " "1, " "1, " "1, " "1, " "1, " "1, " "1, " "1, " "0, " "1, " "1, " "1, " "1, " "1, " "1, " "1, " "1, " "1, " "1, " "1, " "1, " "1, " "1, " "1, " "1, " "1, " "1, " "1, " "1, " "1, " "1, " "1, " "1, " "1, " "1, " "1, " "1, " "1, " "1, " "1, " "1, " "1, "203
 "Nei224, 0.205, " "-0.003, " "1, " "1, " "1, " "1, " "1, " "1, " "1, " "1, " "1, " "1, " "1, " "1, " "1, " "1, " "1, " "1, " "1, " "1, " "1, " "1, " "1, " "1, " "1, " "1, " "1, " "1, " "1, " "1, " "1, " "1, " "1, " "1, " "1, " "1, " "1, " "1, " "1, " "1, " "1, " "1, " "1, " "1, " "1, " "1, " "1, " "1, " "1, " "1, " "1, " "1, " "1, " "1, " "1, " "1, " "1, " "1, " "1, " "1, " "1, " "1, " "1, " "1, " "1, " "1, " "1, " "1, " "1, " "1, " "1, " "1, " "1, " "1, " "1, " "1, " "1, " "1, " "1, " "1, " "1, " "1, " "1, " "1, " "1, " "1, " "1, " "1, " "1, " "1, " "1, " "1, " "1, " "1, " "1, " "1, " "1, " "1, " "1, " "1, " "1, " "1, " "1, " "1, " "1, " "1, " "1, " "1, " "1, " "1, " "1, " "1, " "1, " "1, " "1, " "1, " "1, " "1, " "1, " "1, " "1, " "1, " "1, " "1, " "1, " "1, " "1, " "1, " "1, " "1, " "1, " "1, " "1, " "1, " "1, " "1, " "1, " "1, " "1, " "1, " "1, " "1, " "1, " "1, " "1, " "1, " "1, " "1, " "1, " "1, " "1, " "1, " "1, " "1, " "1, " "1, " "1, " "1, " "1, " "1, " "1, " "1, " "1, " "1, " "1, " "1, " "1, " "1, " "1, " "1, " "1, " "1, " "1, " "1, " "1, " "1, " "1, " "1, " "1, " "1, " "1, " "1, " "1, " "1, " "1, " "1, " "1, " "1, " "1, " "1, " "1, " "1, " "1, " "1, " "1, " "1, " "1, " "1, " "1, " "1, " "1, " "1, " "1, " "1, " "1, " "1, " "1, " "1, " "1, " "1, " "1, " "1, " "1, " "1, " "1, " "1, " "1, " "1, " "1, " "1, " "1, " "1, " "1, " "1, " "1, " "1, " "0, " "1, " "1, " "1, " "1, " "1, " "1, " "1, " "1, " "1, " "1, " "1, " "1, " "1, " "1, " "1, " "1, " "1, " "1, " "1, " "1, " "1, " "1, " "1, " "1, " "1, " "1, " "1, " "1, " "1, " "1, " "1, " "1, "203
 "Nei225, 0.116, " "-0.003, " "1, " "1, " "1, " "1, " "1, " "1, " "1, " "1, " "1, " "1, " "1, " "1, " "1, " "1, " "1, " "1, " "1, " "1, " "1, " "1, " "1, " "1, " "1, " "1, " "1, " "1, " "1, " "1, " "1, " "1, " "1, " "1, " "1, " "1, " "1, " "1, " "1, " "1, " "1, " "1, " "1, " "1, " "1, " "1, " "1, " "1, " "1, " "1, " "1, " "1, " "1, " "1, " "1, " "1, " "1, " "1, " "1, " "1, " "1, " "1, " "1, " "1, " "1, " "1, " "1, " "1, " "1, " "1, " "1, " "1, " "1, " "1, " "1, " "1, " "1, " "1, " "1, " "1, " "1, " "1, " "1, " "1, " "1, " "1, " "1, " "1, " "1, " "1, " "1, " "1, " "1, " "1, " "1, " "1, " "1, " "1, " "1, " "1, " "1, " "1, " "1, " "1, " "1, " "1, " "1, " "1, " "1, " "1, " "1, " "1, " "1, " "1, " "1, " "1, " "1, " "1, " "1, " "1, " "1, " "1, " "1, " "1, " "1, " "1, " "1, " "1, " "1, " "1, " "1, " "1, " "1, " "1, " "1, " "1, " "1, " "1, " "1, " "1, " "1, " "1, " "1, " "1, " "1, " "1, " "1, " "1, " "1, " "1, " "1, " "1, " "1, " "1, " "1, " "1, " "1, " "1, " "1, " "1, " "1, " "1, " "1, " "1, " "1, " "1, " "1, " "1, " "1, " "1, " "1, " "1, " "1, " "1, " "1, " "1, " "1, " "1, " "1, " "1, " "1, " "1, " "1, " "1, " "1, " "1, " "1, " "1, " "1, " "1, " "1, " "1, " "1, " "1, " "1, " "1, " "1, " "1, " "1, " "1, " "1, " "1, " "1, " "1, " "1, " "1, " "1, " "1, " "1, " "1, " "1, " "1, " "1, " "1, " "1, " "1, " "1, " "1, " "1, " "1, " "1, " "1, " "1, " "1, " "1, " "1, " "1, " "0, " "1, " "1, " "1, " "1, " "1, " "1, " "1, " "1, " "1, " "1, " "1, " "1, " "1, " "1, " "1, " "1, " "1, " "1, " "1, " "1, " "1, " "1, " "1, " "1, " "1, " "1, " "1, " "1, " "1, " "1, " "1, "203
 "Nei226, 0.577, " "-0.003, " "1, " "1, " "1, " "1, " "1, " "1, " "1, " "1, " "1, " "1, " "1, " "1, " "1, " "1, " "1, " "1, " "1, " "1, " "1, " "1, " "1, " "1, " "1, " "1, " "1, " "1, " "1, " "1, " "1, " "1, " "1, " "1, " "1, " "1, " "1, " "1, " "1, " "1, " "1, " "1, " "1, " "1, " "1, " "1, " "1, " "1, " "1, " "1, " "1, " "1, " "1, " "1, " "1, " "1, " "1, " "1, " "1, " "1, " "1, " "1, " "1, " "1, " "1, " "1, " "1, " "1, " "1, " "1, " "1, " "1, " "1, " "1, " "1, " "1, " "1, " "1, " "1, " "1, " "1, " "1, " "1, " "1, " "1, " "1, " "1, " "1, " "1, " "1, " "1, " "1, " "1, " "1, " "1, " "1, " "1, " "1, " "1, " "1, " "1, " "1, " "1, " "1, " "1, " "1, " "1, " "1, " "1, " "1, " "1, " "1, " "1, " "1, " "1, " "1, " "1, " "1, " "1, " "1, " "1, " "1, " "1, " "1, " "1, " "1, " "1, " "1, " "1, " "1, " "1, " "1, " "1, " "1, " "1, " "1, " "1, " "1, " "1, " "1, " "1, " "1, " "1, " "1, " "1, " "1, " "1, " "1, " "1, " "1, " "1, " "1, " "1, " "1, " "1, " "1, " "1, " "1, " "1, " "1, " "1, " "1, " "1, " "1, " "1, " "1, " "1, " "1, " "1, " "1, " "1, " "1, " "1, " "1, " "1, " "1, " "1, " "1, " "1, " "1, " "1, " "1, " "1, " "1, " "1, " "1, " "1, " "1, " "1, " "1, " "1, " "1, " "1, " "1, " "1, " "1, " "1, " "1, " "1, " "1, " "1, " "1, " "1, " "1, " "1, " "1, " "1, " "1, " "1, " "1, " "1, " "1, " "1, " "1, " "1, " "1, " "1, " "1, " "1, " "1, " "1, " "1, " "1, " "1, " "1, " "1, " "1, " "1, " "0, " "1, " "1, " "1, " "1, " "1, " "1, " "1, " "1, " "1, " "1, " "1, " "1, " "1, " "1, " "1, " "1, " "1, " "1, " "1, " "1, " "1, " "1, " "1, " "1, " "1, " "1, " "1, " "1, " "1, " "1, "203
 "Nei227, 0.396, " "-0.003, " "1, " "1, " "1, " "1, " "1, " "1, " "1, " "1, " "1, " "1, " "1, " "1, " "1, " "1, " "1, " "1, " "1, " "1, " "1, " "1, " "1, " "1, " "1, " "1, " "1, " "1, " "1, " "1, " "1, " "1, " "1, " "1, " "1, " "1, " "1, " "1, " "1, " "1, " "1, " "1, " "1, " "1, " "1, " "1, " "1, " "1, " "1, " "1, " "1, " "1, " "1, " "1, " "1, " "1, " "1, " "1, " "1, " "1, " "1, " "1, " "1, " "1, " "1, " "1, " "1, " "1, " "1, " "1, " "1, " "1, " "1, " "1, " "1, " "1, " "1, " "1, " "1, " "1, " "1, " "1, " "1, " "1, " "1, " "1, " "1, " "1, " "1, " "1, " "1, " "1, " "1, " "1, " "1, " "1, " "1, " "1, " "1, " "1, " "1, " "1, " "1, " "1, " "1, " "1, " "1, " "1, " "1, " "1, " "1, " "1, " "1, " "1, " "1, " "1, " "1, " "1, " "1, " "1, " "1, " "1, " "1, " "1, " "1, " "1, " "1, " "1, " "1, " "1, " "1, " "1, " "1, " "1, " "1, " "1, " "1, " "1, " "1, " "1, " "1, " "1, " "1, " "1, " "1, " "1, " "1, " "1, " "1, " "1, " "1, " "1, " "1, " "1, " "1, " "1, " "1, " "1, " "1, " "1, " "1, " "1, " "1, " "1, " "1, " "1, " "1, " "1, " "1, " "1, " "1, " "1, " "1, " "1, " "1, " "1, " "1, " "1, " "1, " "1, " "1, " "1, " "1, " "1, " "1, " "1, " "1, " "1, " "1, " "1, " "1, " "1, " "1, " "1, " "1, " "1, " "1, " "1, " "1, " "1, " "1, " "1, " "1, " "1, " "1, " "1, " "1, " "1, " "1, " "1, " "1, " "1, " "1, " "1, " "1, " "1, " "1, " "1, " "1, " "1, " "1, " "1, " "1, " "1, " "1, " "1, " "1, " "1, " "1, " "0, " "1, " "1, " "1, " "1, " "1, " "1, " "1, " "1, " "1, " "1, " "1, " "1, " "1, " "1, " "1, " "1, " "1, " "1, " "1, " "1, " "1, " "1, " "1, " "1, " "1, " "1, " "1, " "1, " "1, "203
 "Nei228, 0.302, " "-0.003, " "1, " "1, " "1, " "1, " "1, " "1, " "1, " "1, " "1, " "1, " "1, " "1, " "1, " "1, " "1, " "1, " "1, " "1, " "1, " "1, " "1, " "1, " "1, " "1, " "1, " "1, " "1, " "1, " "1, " "1, " "1, " "1, " "1, " "1, " "1, " "1, " "1, " "1, " "1, " "1, " "1, " "1, " "1, " "1, " "1, " "1, " "1, " "1, " "1, " "1, " "1, " "1, " "1, " "1, " "1, " "1, " "1, " "1, " "1, " "1, " "1, " "1, " "1, " "1, " "1, " "1, " "1, " "1, " "1, " "1, " "1, " "1, " "1, " "1, " "1, " "1, " "1, " "1, " "1, " "1, " "1, " "1, " "1, " "1, " "1, " "1, " "1, " "1, " "1, " "1, " "1, " "1, " "1, " "1, " "1, " "1, " "1, " "1, " "1, " "1, " "1, " "1, " "1, " "1, " "1, " "1, " "1, " "1, " "1, " "1, " "1, " "1, " "1, " "1, " "1, " "1, " "1, " "1, " "1, " "1, " "1, " "1, " "1, " "1, " "1, " "1, " "1, " "1, " "1, " "1, " "1, " "1, " "1, " "1, " "1, " "1, " "1, " "1, " "1, " "1, " "1, " "1, " "1, " "1, " "1, " "1, " "1, " "1, " "1, " "1, " "1, " "1, " "1, " "1, " "1, " "1, " "1, " "1, " "1, " "1, " "1, " "1, " "1, " "1, " "1, " "1, " "1, " "1, " "1, " "1, " "1, " "1, " "1, " "1, " "1, " "1, " "1, " "1, " "1, " "1, " "1, " "1, " "1, " "1, " "1, " "1, " "1, " "1, " "1, " "1, " "1, " "1, " "1, " "1, " "1, " "1, " "1, " "1, " "1, " "1, " "1, " "1, " "1, " "1, " "1, " "1, " "1, " "1, " "1, " "1, " "1, " "1, " "1, " "1, " "1, " "1, " "1, " "1, " "1, " "1, " "1, " "1, " "1, " "1, " "1, " "1, " "1, " "1, " "0, " "1, " "1, " "1, " "1, " "1, " "1, " "1, " "1, " "1, " "1, " "1, " "1, " "1, " "1, " "1, " "1, " "1, " "1, " "1, " "1, " "1, " "1, " "1, " "1, " "1, " "1, " "1, " "1, "203
 "Nei229, 0.203, " "-0.003, " "1, " "1, " "1, " "1, " "1, " "1, " "1, " "1, " "1, " "1, " "1, " "1, " "1, " "1, " "1, " "1, " "1, " "1, " "1, " "1, " "1, " "1, " "1, " "1, " "1, " "1, " "1, " "1, " "1, " "1, " "1, " "1, " "1, " "1, " "1, " "1, " "1, " "1, " "1, " "1, " "1, " "1, " "1, " "1, " "1, " "1, " "1, " "1, " "1, " "1, " "1, " "1, " "1, " "1, " "1, " "1, " "1, " "1, " "1, " "1, " "1, " "1, " "1, " "1, " "1, " "1, " "1, " "1, " "1, " "1, " "1, " "1, " "1, " "1, " "1, " "1, " "1, " "1, " "1, " "1, " "1, " "1, " "1, " "1, " "1, " "1, " "1, " "1, " "1, " "1, " "1, " "1, " "1, " "1, " "1, " "1, " "1, " "1, " "1, " "1, " "1, " "1, " "1, " "1, " "1, " "1, " "1, " "1, " "1, " "1, " "1, " "1, " "1, " "1, " "1, " "1, " "1, " "1, " "1, " "1, " "1, " "1, " "1, " "1, " "1, " "1, " "1, " "1, " "1, " "1, " "1, " "1, " "1, " "1, " "1, " "1, " "1, " "1, " "1, " "1, " "1, " "1, " "1, " "1, " "1, " "1, " "1, " "1, " "1, " "1, " "1, " "1, " "1, " "1, " "1, " "1, " "1, " "1, " "1, " "1, " "1, " "1, " "1, " "1, " "1, " "1, " "1, " "1, " "1, " "1, " "1, " "1, " "1, " "1, " "1, " "1, " "1, " "1, " "1, " "1, " "1, " "1, " "1, " "1, " "1, " "1, " "1, " "1, " "1, " "1, " "1, " "1, " "1, " "1, " "1, " "1, " "1, " "1, " "1, " "1, " "1, " "1, " "1, " "1, " "1, " "1, " "1, " "1, " "1, " "1, " "1, " "1, " "1, " "1, " "1, " "1, " "1, " "1, " "1, " "1, " "1, " "1, " "1, " "1, " "1, " "1, " "1, " "1, " "1, " "0, " "1, " "1, " "1, " "1, " "1, " "1, " "1, " "1, " "1, " "1, " "1, " "1, " "1, " "1, " "1, " "1, " "1, " "1, " "1, " "1, " "1, " "1, " "1, " "1, " "1, " "1, " "1, "203
 "Nei230, 0.546, " "-0.003, " "1, " "1, " "1, " "1, " "1, " "1, " "1, " "1, " "1, " "1, " "1, " "1, " "1, " "1, " "1, " "1, " "1, " "1, " "1, " "1, " "1, " "1, " "1, " "1, " "1, " "1, " "1, " "1, " "1, " "1, " "1, " "1, " "1, " "1, " "1, " "1, " "1, " "1, " "1, " "1, " "1, " "1, " "1, " "1, " "1, " "1, " "1, " "1, " "1, " "1, " "1, " "1, " "1, " "1, " "1, " "1, " "1, " "1, " "1, " "1, " "1, " "1, " "1, " "1, " "1, " "1, " "1, " "1, " "1, " "1, " "1, " "1, " "1, " "1, " "1, " "1, " "1, " "1, " "1, " "1, " "1, " "1, " "1, " "1, " "1, " "1, " "1, " "1, " "1, " "1, " "1, " "1, " "1, " "1, " "1, " "1, " "1, " "1, " "1, " "1, " "1, " "1, " "1, " "1, " "1, " "1, " "1, " "1, " "1, " "1, " "1, " "1, " "1, " "1, " "1, " "1, " "1, " "1, " "1, " "1, " "1, " "1, " "1, " "1, " "1, " "1, " "1, " "1, " "1, " "1, " "1, " "1, " "1, " "1, " "1, " "1, " "1, " "1, " "1, " "1, " "1, " "1, " "1, " "1, " "1, " "1, " "1, " "1, " "1, " "1, " "1, " "1, " "1, " "1, " "1, " "1, " "1, " "1, " "1, " "1, " "1, " "1, " "1, " "1, " "1, " "1, " "1, " "1, " "1, " "1, " "1, " "1, " "1, " "1, " "1, " "1, " "1, " "1, " "1, " "1, " "1, " "1, " "1, " "1, " "1, " "1, " "1, " "1, " "1, " "1, " "1, " "1, " "1, " "1, " "1, " "1, " "1, " "1, " "1, " "1, " "1, " "1, " "1, " "1, " "1, " "1, " "1, " "1, " "1, " "1, " "1, " "1, " "1, " "1, " "1, " "1, " "1, " "1, " "1, " "1, " "1, " "1, " "1, " "1, " "1, " "1, " "1, " "1, " "1, " "1, " "0, " "1, " "1, " "1, " "1, " "1, " "1, " "1, " "1, " "1, " "1, " "1, " "1, " "1, " "1, " "1, " "1, " "1, " "1, " "1, " "1, " "1, " "1, " "1, " "1, " "1, " "1, "203
 "Nei231, 0.499, " "-0.003, " "1, " "1, " "1, " "1, " "1, " "1, " "1, " "1, " "1, " "1, " "1, " "1, " "1, " "1, " "1, " "1, " "1, " "1, " "1, " "1, " "1, " "1, " "1, " "1, " "1, " "1, " "1, " "1, " "1, " "1, " "1, " "1, " "1, " "1, " "1, " "1, " "1, " "1, " "1, " "1, " "1, " "1, " "1, " "1, " "1, " "1, " "1, " "1, " "1, " "1, " "1, " "1, " "1, " "1, " "1, " "1, " "1, " "1, " "1, " "1, " "1, " "1, " "1, " "1, " "1, " "1, " "1, " "1, " "1, " "1, " "1, " "1, " "1, " "1, " "1, " "1, " "1, " "1, " "1, " "1, " "1, " "1, " "1, " "1, " "1, " "1, " "1, " "1, " "1, " "1, " "1, " "1, " "1, " "1, " "1, " "1, " "1, " "1, " "1, " "1, " "1, " "1, " "1, " "1, " "1, " "1, " "1, " "1, " "1, " "1, " "1, " "1, " "1, " "1, " "1, " "1, " "1, " "1, " "1, " "1, " "1, " "1, " "1, " "1, " "1, " "1, " "1, " "1, " "1, " "1, " "1, " "1, " "1, " "1, " "1, " "1, " "1, " "1, " "1, " "1, " "1, " "1, " "1, " "1, " "1, " "1, " "1, " "1, " "1, " "1, " "1, " "1, " "1, " "1, " "1, " "1, " "1, " "1, " "1, " "1, " "1, " "1, " "1, " "1, " "1, " "1, " "1, " "1, " "1, " "1, " "1, " "1, " "1, " "1, " "1, " "1, " "1, " "1, " "1, " "1, " "1, " "1, " "1, " "1, " "1, " "1, " "1, " "1, " "1, " "1, " "1, " "1, " "1, " "1, " "1, " "1, " "1, " "1, " "1, " "1, " "1, " "1, " "1, " "1, " "1, " "1, " "1, " "1, " "1, " "1, " "1, " "1, " "1, " "1, " "1, " "1, " "1, " "1, " "1, " "1, " "1, " "1, " "1, " "1, " "1, " "1, " "1, " "1, " "1, " "1, " "1, " "0, " "1, " "1, " "1, " "1, " "1, " "1, " "1, " "1, " "1, " "1, " "1, " "1, " "1, " "1, " "1, " "1, " "1, " "1, " "1, " "1, " "1, " "1, " "1, " "1, " "1, "203
 "Nei232, 0.448, " "-0.003, " "1, " "1, " "1, " "1, " "1, " "1, " "1, " "1, " "1, " "1, " "1, " "1, " "1, " "1, " "1, " "1, " "1, " "1, " "1, " "1, " "1, " "1, " "1, " "1, " "1, " "1, " "1, " "1, " "1, " "1, " "1, " "1, " "1, " "1, " "1, " "1, " "1, " "1, " "1, " "1, " "1, " "1, " "1, " "1, " "1, " "1, " "1, " "1, " "1, " "1, " "1, " "1, " "1, " "1, " "1, " "1, " "1, " "1, " "1, " "1, " "1, " "1, " "1, " "1, " "1, " "1, " "1, " "1, " "1, " "1, " "1, " "1, " "1, " "1, " "1, " "1, " "1, " "1, " "1, " "1, " "1, " "1, " "1, " "1, " "1, " "1, " "1, " "1, " "1, " "1, " "1, " "1, " "1, " "1, " "1, " "1, " "1, " "1, " "1, " "1, " "1, " "1, " "1, " "1, " "1, " "1, " "1, " "1, " "1, " "1, " "1, " "1, " "1, " "1, " "1, " "1, " "1, " "1, " "1, " "1, " "1, " "1, " "1, " "1, " "1, " "1, " "1, " "1, " "1, " "1, " "1, " "1, " "1, " "1, " "1, " "1, " "1, " "1, " "1, " "1, " "1, " "1, " "1, " "1, " "1, " "1, " "1, " "1, " "1, " "1, " "1, " "1, " "1, " "1, " "1, " "1, " "1, " "1, " "1, " "1, " "1, " "1, " "1, " "1, " "1, " "1, " "1, " "1, " "1, " "1, " "1, " "1, " "1, " "1, " "1, " "1, " "1, " "1, " "1, " "1, " "1, " "1, " "1, " "1, " "1, " "1, " "1, " "1, " "1, " "1, " "1, " "1, " "1, " "1, " "1, " "1, " "1, " "1, " "1, " "1, " "1, " "1, " "1, " "1, " "1, " "1, " "1, " "1, " "1, " "1, " "1, " "1, " "1, " "1, " "1, " "1, " "1, " "1, " "1, " "1, " "1, " "1, " "1, " "1, " "1, " "1, " "1, " "1, " "1, " "1, " "1, " "1, " "0, " "1, " "1, " "1, " "1, " "1, " "1, " "1, " "1, " "1, " "1, " "1, " "1, " "1, " "1, " "1, " "1, " "1, " "1, " "1, " "1, " "1, " "1, " "1, " "1, "203
 "Nei233, 0.13, " "-0.003, " "1, " "1, " "1, " "1, " "1, " "1, " "1, " "1, " "1, " "1, " "1, " "1, " "1, " "1, " "1, " "1, " "1, " "1, " "1, " "1, " "1, " "1, " "1, " "1, " "1, " "1, " "1, " "1, " "1, " "1, " "1, " "1, " "1, " "1, " "1, " "1, " "1, " "1, " "1, " "1, " "1, " "1, " "1, " "1, " "1, " "1, " "1, " "1, " "1, " "1, " "1, " "1, " "1, " "1, " "1, " "1, " "1, " "1, " "1, " "1, " "1, " "1, " "1, " "1, " "1, " "1, " "1, " "1, " "1, " "1, " "1, " "1, " "1, " "1, " "1, " "1, " "1, " "1, " "1, " "1, " "1, " "1, " "1, " "1, " "1, " "1, " "1, " "1, " "1, " "1, " "1, " "1, " "1, " "1, " "1, " "1, " "1, " "1, " "1, " "1, " "1, " "1, " "1, " "1, " "1, " "1, " "1, " "1, " "1, " "1, " "1, " "1, " "1, " "1, " "1, " "1, " "1, " "1, " "1, " "1, " "1, " "1, " "1, " "1, " "1, " "1, " "1, " "1, " "1, " "1, " "1, " "1, " "1, " "1, " "1, " "1, " "1, " "1, " "1, " "1, " "1, " "1, " "1, " "1, " "1, " "1, " "1, " "1, " "1, " "1, " "1, " "1, " "1, " "1, " "1, " "1, " "1, " "1, " "1, " "1, " "1, " "1, " "1, " "1, " "1, " "1, " "1, " "1, " "1, " "1, " "1, " "1, " "1, " "1, " "1, " "1, " "1, " "1, " "1, " "1, " "1, " "1, " "1, " "1, " "1, " "1, " "1, " "1, " "1, " "1, " "1, " "1, " "1, " "1, " "1, " "1, " "1, " "1, " "1, " "1, " "1, " "1, " "1, " "1, " "1, " "1, " "1, " "1, " "1, " "1, " "1, " "1, " "1, " "1, " "1, " "1, " "1, " "1, " "1, " "1, " "1, " "1, " "1, " "1, " "1, " "1, " "1, " "1, " "1, " "1, " "1, " "1, " "1, " "0, " "1, " "1, " "1, " "1, " "1, " "1, " "1, " "1, " "1, " "1, " "1, " "1, " "1, " "1, " "1, " "1, " "1, " "1, " "1, " "1, " "1, " "1, " "1, "203
 "Nei234, 0.568, " "-0.003, " "1, " "1, " "1, " "1, " "1, " "1, " "1, " "1, " "1, " "1, " "1, " "1, " "1, " "1, " "1, " "1, " "1, " "1, " "1, " "1, " "1, " "1, " "1, " "1, " "1, " "1, " "1, " "1, " "1, " "1, " "1, " "1, " "1, " "1, " "1, " "1, " "1, " "1, " "1, " "1, " "1, " "1, " "1, " "1, " "1, " "1, " "1, " "1, " "1, " "1, " "1, " "1, " "1, " "1, " "1, " "1, " "1, " "1, " "1, " "1, " "1, " "1, " "1, " "1, " "1, " "1, " "1, " "1, " "1, " "1, " "1, " "1, " "1, " "1, " "1, " "1, " "1, " "1, " "1, " "1, " "1, " "1, " "1, " "1, " "1, " "1, " "1, " "1, " "1, " "1, " "1, " "1, " "1, " "1, " "1, " "1, " "1, " "1, " "1, " "1, " "1, " "1, " "1, " "1, " "1, " "1, " "1, " "1, " "1, " "1, " "1, " "1, " "1, " "1, " "1, " "1, " "1, " "1, " "1, " "1, " "1, " "1, " "1, " "1, " "1, " "1, " "1, " "1, " "1, " "1, " "1, " "1, " "1, " "1, " "1, " "1, " "1, " "1, " "1, " "1, " "1, " "1, " "1, " "1, " "1, " "1, " "1, " "1, " "1, " "1, " "1, " "1, " "1, " "1, " "1, " "1, " "1, " "1, " "1, " "1, " "1, " "1, " "1, " "1, " "1, " "1, " "1, " "1, " "1, " "1, " "1, " "1, " "1, " "1, " "1, " "1, " "1, " "1, " "1, " "1, " "1, " "1, " "1, " "1, " "1, " "1, " "1, " "1, " "1, " "1, " "1, " "1, " "1, " "1, " "1, " "1, " "1, " "1, " "1, " "1, " "1, " "1, " "1, " "1, " "1, " "1, " "1, " "1, " "1, " "1, " "1, " "1, " "1, " "1, " "1, " "1, " "1, " "1, " "1, " "1, " "1, " "1, " "1, " "1, " "1, " "1, " "1, " "1, " "1, " "1, " "1, " "1, " "1, " "1, " "0, " "1, " "1, " "1, " "1, " "1, " "1, " "1, " "1, " "1, " "1, " "1, " "1, " "1, " "1, " "1, " "1, " "1, " "1, " "1, " "1, " "1, " "1, "203
 "Nei235, 0.385, " "-0.003, " "1, " "1, " "1, " "1, " "1, " "1, " "1, " "1, " "1, " "1, " "1, " "1, " "1, " "1, " "1, " "1, " "1, " "1, " "1, " "1, " "1, " "1, " "1, " "1, " "1, " "1, " "1, " "1, " "1, " "1, " "1, " "1, " "1, " "1, " "1, " "1, " "1, " "1, " "1, " "1, " "1, " "1, " "1, " "1, " "1, " "1, " "1, " "1, " "1, " "1, " "1, " "1, " "1, " "1, " "1, " "1, " "1, " "1, " "1, " "1, " "1, " "1, " "1, " "1, " "1, " "1, " "1, " "1, " "1, " "1, " "1, " "1, " "1, " "1, " "1, " "1, " "1, " "1, " "1, " "1, " "1, " "1, " "1, " "1, " "1, " "1, " "1, " "1, " "1, " "1, " "1, " "1, " "1, " "1, " "1, " "1, " "1, " "1, " "1, " "1, " "1, " "1, " "1, " "1, " "1, " "1, " "1, " "1, " "1, " "1, " "1, " "1, " "1, " "1, " "1, " "1, " "1, " "1, " "1, " "1, " "1, " "1, " "1, " "1, " "1, " "1, " "1, " "1, " "1, " "1, " "1, " "1, " "1, " "1, " "1, " "1, " "1, " "1, " "1, " "1, " "1, " "1, " "1, " "1, " "1, " "1, " "1, " "1, " "1, " "1, " "1, " "1, " "1, " "1, " "1, " "1, " "1, " "1, " "1, " "1, " "1, " "1, " "1, " "1, " "1, " "1, " "1, " "1, " "1, " "1, " "1, " "1, " "1, " "1, " "1, " "1, " "1, " "1, " "1, " "1, " "1, " "1, " "1, " "1, " "1, " "1, " "1, " "1, " "1, " "1, " "1, " "1, " "1, " "1, " "1, " "1, " "1, " "1, " "1, " "1, " "1, " "1, " "1, " "1, " "1, " "1, " "1, " "1, " "1, " "1, " "1, " "1, " "1, " "1, " "1, " "1, " "1, " "1, " "1, " "1, " "1, " "1, " "1, " "1, " "1, " "1, " "1, " "1, " "1, " "1, " "1, " "1, " "1, " "1, " "1, " "0, " "1, " "1, " "1, " "1, " "1, " "1, " "1, " "1, " "1, " "1, " "1, " "1, " "1, " "1, " "1, " "1, " "1, " "1, " "1, " "1, " "1, "203
 "Nei236, 0.017, " "-0.003, " "1, " "1, " "1, " "1, " "1, " "1, " "1, " "1, " "1, " "1, " "1, " "1, " "1, " "1, " "1, " "1, " "1, " "1, " "1, " "1, " "1, " "1, " "1, " "1, " "1, " "1, " "1, " "1, " "1, " "1, " "1, " "1, " "1, " "1, " "1, " "1, " "1, " "1, " "1, " "1, " "1, " "1, " "1, " "1, " "1, " "1, " "1, " "1, " "1, " "1, " "1, " "1, " "1, " "1, " "1, " "1, " "1, " "1, " "1, " "1, " "1, " "1, " "1, " "1, " "1, " "1, " "1, " "1, " "1, " "1, " "1, " "1, " "1, " "1, " "1, " "1, " "1, " "1, " "1, " "1, " "1, " "1, " "1, " "1, " "1, " "1, " "1, " "1, " "1, " "1, " "1, " "1, " "1, " "1, " "1, " "1, " "1, " "1, " "1, " "1, " "1, " "1, " "1, " "1, " "1, " "1, " "1, " "1, " "1, " "1, " "1, " "1, " "1, " "1, " "1, " "1, " "1, " "1, " "1, " "1, " "1, " "1, " "1, " "1, " "1, " "1, " "1, " "1, " "1, " "1, " "1, " "1, " "1, " "1, " "1, " "1, " "1, " "1, " "1, " "1, " "1, " "1, " "1, " "1, " "1, " "1, " "1, " "1, " "1, " "1, " "1, " "1, " "1, " "1, " "1, " "1, " "1, " "1, " "1, " "1, " "1, " "1, " "1, " "1, " "1, " "1, " "1, " "1, " "1, " "1, " "1, " "1, " "1, " "1, " "1, " "1, " "1, " "1, " "1, " "1, " "1, " "1, " "1, " "1, " "1, " "1, " "1, " "1, " "1, " "1, " "1, " "1, " "1, " "1, " "1, " "1, " "1, " "1, " "1, " "1, " "1, " "1, " "1, " "1, " "1, " "1, " "1, " "1, " "1, " "1, " "1, " "1, " "1, " "1, " "1, " "1, " "1, " "1, " "1, " "1, " "1, " "1, " "1, " "1, " "1, " "1, " "1, " "1, " "1, " "1, " "1, " "1, " "1, " "1, " "1, " "1, " "0, " "1, " "1, " "1, " "1, " "1, " "1, " "1, " "1, " "1, " "1, " "1, " "1, " "1, " "1, " "1, " "1, " "1, " "1, " "1, " "1, "203
 "Nei237, 0.112, " "-0.003, " "1, " "1, " "1, " "1, " "1, " "1, " "1, " "1, " "1, " "1, " "1, " "1, " "1, " "1, " "1, " "1, " "1, " "1, " "1, " "1, " "1, " "1, " "1, " "1, " "1, " "1, " "1, " "1, " "1, " "1, " "1, " "1, " "1, " "1, " "1, " "1, " "1, " "1, " "1, " "1, " "1, " "1, " "1, " "1, " "1, " "1, " "1, " "1, " "1, " "1, " "1, " "1, " "1, " "1, " "1, " "1, " "1, " "1, " "1, " "1, " "1, " "1, " "1, " "1, " "1, " "1, " "1, " "1, " "1, " "1, " "1, " "1, " "1, " "1, " "1, " "1, " "1, " "1, " "1, " "1, " "1, " "1, " "1, " "1, " "1, " "1, " "1, " "1, " "1, " "1, " "1, " "1, " "1, " "1, " "1, " "1, " "1, " "1, " "1, " "1, " "1, " "1, " "1, " "1, " "1, " "1, " "1, " "1, " "1, " "1, " "1, " "1, " "1, " "1, " "1, " "1, " "1, " "1, " "1, " "1, " "1, " "1, " "1, " "1, " "1, " "1, " "1, " "1, " "1, " "1, " "1, " "1, " "1, " "1, " "1, " "1, " "1, " "1, " "1, " "1, " "1, " "1, " "1, " "1, " "1, " "1, " "1, " "1, " "1, " "1, " "1, " "1, " "1, " "1, " "1, " "1, " "1, " "1, " "1, " "1, " "1, " "1, " "1, " "1, " "1, " "1, " "1, " "1, " "1, " "1, " "1, " "1, " "1, " "1, " "1, " "1, " "1, " "1, " "1, " "1, " "1, " "1, " "1, " "1, " "1, " "1, " "1, " "1, " "1, " "1, " "1, " "1, " "1, " "1, " "1, " "1, " "1, " "1, " "1, " "1, " "1, " "1, " "1, " "1, " "1, " "1, " "1, " "1, " "1, " "1, " "1, " "1, " "1, " "1, " "1, " "1, " "1, " "1, " "1, " "1, " "1, " "1, " "1, " "1, " "1, " "1, " "1, " "1, " "1, " "1, " "1, " "1, " "1, " "1, " "1, " "1, " "1, " "0, " "1, " "1, " "1, " "1, " "1, " "1, " "1, " "1, " "1, " "1, " "1, " "1, " "1, " "1, " "1, " "1, " "1, " "1, " "1, "203
 "Nei238, 0.479, " "-0.003, " "1, " "1, " "1, " "1, " "1, " "1, " "1, " "1, " "1, " "1, " "1, " "1, " "1, " "1, " "1, " "1, " "1, " "1, " "1, " "1, " "1, " "1, " "1, " "1, " "1, " "1, " "1, " "1, " "1, " "1, " "1, " "1, " "1, " "1, " "1, " "1, " "1, " "1, " "1, " "1, " "1, " "1, " "1, " "1, " "1, " "1, " "1, " "1, " "1, " "1, " "1, " "1, " "1, " "1, " "1, " "1, " "1, " "1, " "1, " "1, " "1, " "1, " "1, " "1, " "1, " "1, " "1, " "1, " "1, " "1, " "1, " "1, " "1, " "1, " "1, " "1, " "1, " "1, " "1, " "1, " "1, " "1, " "1, " "1, " "1, " "1, " "1, " "1, " "1, " "1, " "1, " "1, " "1, " "1, " "1, " "1, " "1, " "1, " "1, " "1, " "1, " "1, " "1, " "1, " "1, " "1, " "1, " "1, " "1, " "1, " "1, " "1, " "1, " "1, " "1, " "1, " "1, " "1, " "1, " "1, " "1, " "1, " "1, " "1, " "1, " "1, " "1, " "1, " "1, " "1, " "1, " "1, " "1, " "1, " "1, " "1, " "1, " "1, " "1, " "1, " "1, " "1, " "1, " "1, " "1, " "1, " "1, " "1, " "1, " "1, " "1, " "1, " "1, " "1, " "1, " "1, " "1, " "1, " "1, " "1, " "1, " "1, " "1, " "1, " "1, " "1, " "1, " "1, " "1, " "1, " "1, " "1, " "1, " "1, " "1, " "1, " "1, " "1, " "1, " "1, " "1, " "1, " "1, " "1, " "1, " "1, " "1, " "1, " "1, " "1, " "1, " "1, " "1, " "1, " "1, " "1, " "1, " "1, " "1, " "1, " "1, " "1, " "1, " "1, " "1, " "1, " "1, " "1, " "1, " "1, " "1, " "1, " "1, " "1, " "1, " "1, " "1, " "1, " "1, " "1, " "1, " "1, " "1, " "1, " "1, " "1, " "1, " "1, " "1, " "1, " "1, " "1, " "1, " "1, " "1, " "1, " "1, " "1, " "0, " "1, " "1, " "1, " "1, " "1, " "1, " "1, " "1, " "1, " "1, " "1, " "1, " "1, " "1, " "1, " "1, " "1, " "1, "203
 "Nei239, 0.185, " "-0.003, " "1, " "1, " "1, " "1, " "1, " "1, " "1, " "1, " "1, " "1, " "1, " "1, " "1, " "1, " "1, " "1, " "1, " "1, " "1, " "1, " "1, " "1, " "1, " "1, " "1, " "1, " "1, " "1, " "1, " "1, " "1, " "1, " "1, " "1, " "1, " "1, " "1, " "1, " "1, " "1, " "1, " "1, " "1, " "1, " "1, " "1, " "1, " "1, " "1, " "1, " "1, " "1, " "1, " "1, " "1, " "1, " "1, " "1, " "1, " "1, " "1, " "1, " "1, " "1, " "1, " "1, " "1, " "1, " "1, " "1, " "1, " "1, " "1, " "1, " "1, " "1, " "1, " "1, " "1, " "1, " "1, " "1, " "1, " "1, " "1, " "1, " "1, " "1, " "1, " "1, " "1, " "1, " "1, " "1, " "1, " "1, " "1, " "1, " "1, " "1, " "1, " "1, " "1, " "1, " "1, " "1, " "1, " "1, " "1, " "1, " "1, " "1, " "1, " "1, " "1, " "1, " "1, " "1, " "1, " "1, " "1, " "1, " "1, " "1, " "1, " "1, " "1, " "1, " "1, " "1, " "1, " "1, " "1, " "1, " "1, " "1, " "1, " "1, " "1, " "1, " "1, " "1, " "1, " "1, " "1, " "1, " "1, " "1, " "1, " "1, " "1, " "1, " "1, " "1, " "1, " "1, " "1, " "1, " "1, " "1, " "1, " "1, " "1, " "1, " "1, " "1, " "1, " "1, " "1, " "1, " "1, " "1, " "1, " "1, " "1, " "1, " "1, " "1, " "1, " "1, " "1, " "1, " "1, " "1, " "1, " "1, " "1, " "1, " "1, " "1, " "1, " "1, " "1, " "1, " "1, " "1, " "1, " "1, " "1, " "1, " "1, " "1, " "1, " "1, " "1, " "1, " "1, " "1, " "1, " "1, " "1, " "1, " "1, " "1, " "1, " "1, " "1, " "1, " "1, " "1, " "1, " "1, " "1, " "1, " "1, " "1, " "1, " "1, " "1, " "1, " "1, " "1, " "1, " "1, " "1, " "1, " "1, " "1, " "1, " "0, " "1, " "1, " "1, " "1, " "1, " "1, " "1, " "1, " "1, " "1, " "1, " "1, " "1, " "1, " "1, " "1, " "1, "203
 "Nei240, 0.121, " "-0.003, " "1, " "1, " "1, " "1, " "1, " "1, " "1, " "1, " "1, " "1, " "1, " "1, " "1, " "1, " "1, " "1, " "1, " "1, " "1, " "1, " "1, " "1, " "1, " "1, " "1, " "1, " "1, " "1, " "1, " "1, " "1, " "1, " "1, " "1, " "1, " "1, " "1, " "1, " "1, " "1, " "1, " "1, " "1, " "1, " "1, " "1, " "1, " "1, " "1, " "1, " "1, " "1, " "1, " "1, " "1, " "1, " "1, " "1, " "1, " "1, " "1, " "1, " "1, " "1, " "1, " "1, " "1, " "1, " "1, " "1, " "1, " "1, " "1, " "1, " "1, " "1, " "1, " "1, " "1, " "1, " "1, " "1, " "1, " "1, " "1, " "1, " "1, " "1, " "1, " "1, " "1, " "1, " "1, " "1, " "1, " "1, " "1, " "1, " "1, " "1, " "1, " "1, " "1, " "1, " "1, " "1, " "1, " "1, " "1, " "1, " "1, " "1, " "1, " "1, " "1, " "1, " "1, " "1, " "1, " "1, " "1, " "1, " "1, " "1, " "1, " "1, " "1, " "1, " "1, " "1, " "1, " "1, " "1, " "1, " "1, " "1, " "1, " "1, " "1, " "1, " "1, " "1, " "1, " "1, " "1, " "1, " "1, " "1, " "1, " "1, " "1, " "1, " "1, " "1, " "1, " "1, " "1, " "1, " "1, " "1, " "1, " "1, " "1, " "1, " "1, " "1, " "1, " "1, " "1, " "1, " "1, " "1, " "1, " "1, " "1, " "1, " "1, " "1, " "1, " "1, " "1, " "1, " "1, " "1, " "1, " "1, " "1, " "1, " "1, " "1, " "1, " "1, " "1, " "1, " "1, " "1, " "1, " "1, " "1, " "1, " "1, " "1, " "1, " "1, " "1, " "1, " "1, " "1, " "1, " "1, " "1, " "1, " "1, " "1, " "1, " "1, " "1, " "1, " "1, " "1, " "1, " "1, " "1, " "1, " "1, " "1, " "1, " "1, " "1, " "1, " "1, " "1, " "1, " "1, " "1, " "1, " "1, " "1, " "1, " "1, " "0, " "1, " "1, " "1, " "1, " "1, " "1, " "1, " "1, " "1, " "1, " "1, " "1, " "1, " "1, " "1, " "1, "203
 "Nei241, 0.145, " "-0.003, " "1, " "1, " "1, " "1, " "1, " "1, " "1, " "1, " "1, " "1, " "1, " "1, " "1, " "1, " "1, " "1, " "1, " "1, " "1, " "1, " "1, " "1, " "1, " "1, " "1, " "1, " "1, " "1, " "1, " "1, " "1, " "1, " "1, " "1, " "1, " "1, " "1, " "1, " "1, " "1, " "1, " "1, " "1, " "1, " "1, " "1, " "1, " "1, " "1, " "1, " "1, " "1, " "1, " "1, " "1, " "1, " "1, " "1, " "1, " "1, " "1, " "1, " "1, " "1, " "1, " "1, " "1, " "1, " "1, " "1, " "1, " "1, " "1, " "1, " "1, " "1, " "1, " "1, " "1, " "1, " "1, " "1, " "1, " "1, " "1, " "1, " "1, " "1, " "1, " "1, " "1, " "1, " "1, " "1, " "1, " "1, " "1, " "1, " "1, " "1, " "1, " "1, " "1, " "1, " "1, " "1, " "1, " "1, " "1, " "1, " "1, " "1, " "1, " "1, " "1, " "1, " "1, " "1, " "1, " "1, " "1, " "1, " "1, " "1, " "1, " "1, " "1, " "1, " "1, " "1, " "1, " "1, " "1, " "1, " "1, " "1, " "1, " "1, " "1, " "1, " "1, " "1, " "1, " "1, " "1, " "1, " "1, " "1, " "1, " "1, " "1, " "1, " "1, " "1, " "1, " "1, " "1, " "1, " "1, " "1, " "1, " "1, " "1, " "1, " "1, " "1, " "1, " "1, " "1, " "1, " "1, " "1, " "1, " "1, " "1, " "1, " "1, " "1, " "1, " "1, " "1, " "1, " "1, " "1, " "1, " "1, " "1, " "1, " "1, " "1, " "1, " "1, " "1, " "1, " "1, " "1, " "1, " "1, " "1, " "1, " "1, " "1, " "1, " "1, " "1, " "1, " "1, " "1, " "1, " "1, " "1, " "1, " "1, " "1, " "1, " "1, " "1, " "1, " "1, " "1, " "1, " "1, " "1, " "1, " "1, " "1, " "1, " "1, " "1, " "1, " "1, " "1, " "1, " "1, " "1, " "1, " "1, " "1, " "1, " "1, " "1, " "0, " "1, " "1, " "1, " "1, " "1, " "1, " "1, " "1, " "1, " "1, " "1, " "1, " "1, " "1, " "1, "203
 "Nei242, 0.238, " "-0.003, " "1, " "1, " "1, " "1, " "1, " "1, " "1, " "1, " "1, " "1, " "1, " "1, " "1, " "1, " "1, " "1, " "1, " "1, " "1, " "1, " "1, " "1, " "1, " "1, " "1, " "1, " "1, " "1, " "1, " "1, " "1, " "1, " "1, " "1, " "1, " "1, " "1, " "1, " "1, " "1, " "1, " "1, " "1, " "1, " "1, " "1, " "1, " "1, " "1, " "1, " "1, " "1, " "1, " "1, " "1, " "1, " "1, " "1, " "1, " "1, " "1, " "1, " "1, " "1, " "1, " "1, " "1, " "1, " "1, " "1, " "1, " "1, " "1, " "1, " "1, " "1, " "1, " "1, " "1, " "1, " "1, " "1, " "1, " "1, " "1, " "1, " "1, " "1, " "1, " "1, " "1, " "1, " "1, " "1, " "1, " "1, " "1, " "1, " "1, " "1, " "1, " "1, " "1, " "1, " "1, " "1, " "1, " "1, " "1, " "1, " "1, " "1, " "1, " "1, " "1, " "1, " "1, " "1, " "1, " "1, " "1, " "1, " "1, " "1, " "1, " "1, " "1, " "1, " "1, " "1, " "1, " "1, " "1, " "1, " "1, " "1, " "1, " "1, " "1, " "1, " "1, " "1, " "1, " "1, " "1, " "1, " "1, " "1, " "1, " "1, " "1, " "1, " "1, " "1, " "1, " "1, " "1, " "1, " "1, " "1, " "1, " "1, " "1, " "1, " "1, " "1, " "1, " "1, " "1, " "1, " "1, " "1, " "1, " "1, " "1, " "1, " "1, " "1, " "1, " "1, " "1, " "1, " "1, " "1, " "1, " "1, " "1, " "1, " "1, " "1, " "1, " "1, " "1, " "1, " "1, " "1, " "1, " "1, " "1, " "1, " "1, " "1, " "1, " "1, " "1, " "1, " "1, " "1, " "1, " "1, " "1, " "1, " "1, " "1, " "1, " "1, " "1, " "1, " "1, " "1, " "1, " "1, " "1, " "1, " "1, " "1, " "1, " "1, " "1, " "1, " "1, " "1, " "1, " "1, " "1, " "1, " "1, " "1, " "1, " "1, " "1, " "1, " "0, " "1, " "1, " "1, " "1, " "1, " "1, " "1, " "1, " "1, " "1, " "1, " "1, " "1, " "1, "203
 "Nei243, 0.465, " "-0.003, " "1, " "1, " "1, " "1, " "1, " "1, " "1, " "1, " "1, " "1, " "1, " "1, " "1, " "1, " "1, " "1, " "1, " "1, " "1, " "1, " "1, " "1, " "1, " "1, " "1, " "1, " "1, " "1, " "1, " "1, " "1, " "1, " "1, " "1, " "1, " "1, " "1, " "1, " "1, " "1, " "1, " "1, " "1, " "1, " "1, " "1, " "1, " "1, " "1, " "1, " "1, " "1, " "1, " "1, " "1, " "1, " "1, " "1, " "1, " "1, " "1, " "1, " "1, " "1, " "1, " "1, " "1, " "1, " "1, " "1, " "1, " "1, " "1, " "1, " "1, " "1, " "1, " "1, " "1, " "1, " "1, " "1, " "1, " "1, " "1, " "1, " "1, " "1, " "1, " "1, " "1, " "1, " "1, " "1, " "1, " "1, " "1, " "1, " "1, " "1, " "1, " "1, " "1, " "1, " "1, " "1, " "1, " "1, " "1, " "1, " "1, " "1, " "1, " "1, " "1, " "1, " "1, " "1, " "1, " "1, " "1, " "1, " "1, " "1, " "1, " "1, " "1, " "1, " "1, " "1, " "1, " "1, " "1, " "1, " "1, " "1, " "1, " "1, " "1, " "1, " "1, " "1, " "1, " "1, " "1, " "1, " "1, " "1, " "1, " "1, " "1, " "1, " "1, " "1, " "1, " "1, " "1, " "1, " "1, " "1, " "1, " "1, " "1, " "1, " "1, " "1, " "1, " "1, " "1, " "1, " "1, " "1, " "1, " "1, " "1, " "1, " "1, " "1, " "1, " "1, " "1, " "1, " "1, " "1, " "1, " "1, " "1, " "1, " "1, " "1, " "1, " "1, " "1, " "1, " "1, " "1, " "1, " "1, " "1, " "1, " "1, " "1, " "1, " "1, " "1, " "1, " "1, " "1, " "1, " "1, " "1, " "1, " "1, " "1, " "1, " "1, " "1, " "1, " "1, " "1, " "1, " "1, " "1, " "1, " "1, " "1, " "1, " "1, " "1, " "1, " "1, " "1, " "1, " "1, " "1, " "1, " "1, " "1, " "1, " "1, " "1, " "1, " "1, " "0, " "1, " "1, " "1, " "1, " "1, " "1, " "1, " "1, " "1, " "1, " "1, " "1, " "1, "203
 "Nei244, 0.005, " "-0.003, " "1, " "1, " "1, " "1, " "1, " "1, " "1, " "1, " "1, " "1, " "1, " "1, " "1, " "1, " "1, " "1, " "1, " "1, " "1, " "1, " "1, " "1, " "1, " "1, " "1, " "1, " "1, " "1, " "1, " "1, " "1, " "1, " "1, " "1, " "1, " "1, " "1, " "1, " "1, " "1, " "1, " "1, " "1, " "1, " "1, " "1, " "1, " "1, " "1, " "1, " "1, " "1, " "1, " "1, " "1, " "1, " "1, " "1, " "1, " "1, " "1, " "1, " "1, " "1, " "1, " "1, " "1, " "1, " "1, " "1, " "1, " "1, " "1, " "1, " "1, " "1, " "1, " "1, " "1, " "1, " "1, " "1, " "1, " "1, " "1, " "1, " "1, " "1, " "1, " "1, " "1, " "1, " "1, " "1, " "1, " "1, " "1, " "1, " "1, " "1, " "1, " "1, " "1, " "1, " "1, " "1, " "1, " "1, " "1, " "1, " "1, " "1, " "1, " "1, " "1, " "1, " "1, " "1, " "1, " "1, " "1, " "1, " "1, " "1, " "1, " "1, " "1, " "1, " "1, " "1, " "1, " "1, " "1, " "1, " "1, " "1, " "1, " "1, " "1, " "1, " "1, " "1, " "1, " "1, " "1, " "1, " "1, " "1, " "1, " "1, " "1, " "1, " "1, " "1, " "1, " "1, " "1, " "1, " "1, " "1, " "1, " "1, " "1, " "1, " "1, " "1, " "1, " "1, " "1, " "1, " "1, " "1, " "1, " "1, " "1, " "1, " "1, " "1, " "1, " "1, " "1, " "1, " "1, " "1, " "1, " "1, " "1, " "1, " "1, " "1, " "1, " "1, " "1, " "1, " "1, " "1, " "1, " "1, " "1, " "1, " "1, " "1, " "1, " "1, " "1, " "1, " "1, " "1, " "1, " "1, " "1, " "1, " "1, " "1, " "1, " "1, " "1, " "1, " "1, " "1, " "1, " "1, " "1, " "1, " "1, " "1, " "1, " "1, " "1, " "1, " "1, " "1, " "1, " "1, " "1, " "1, " "1, " "1, " "1, " "1, " "1, " "1, " "1, " "1, " "0, " "1, " "1, " "1, " "1, " "1, " "1, " "1, " "1, " "1, " "1, " "1, " "1, "203
 "Nei245, 0.041, " "-0.003, " "1, " "1, " "1, " "1, " "1, " "1, " "1, " "1, " "1, " "1, " "1, " "1, " "1, " "1, " "1, " "1, " "1, " "1, " "1, " "1, " "1, " "1, " "1, " "1, " "1, " "1, " "1, " "1, " "1, " "1, " "1, " "1, " "1, " "1, " "1, " "1, " "1, " "1, " "1, " "1, " "1, " "1, " "1, " "1, " "1, " "1, " "1, " "1, " "1, " "1, " "1, " "1, " "1, " "1, " "1, " "1, " "1, " "1, " "1, " "1, " "1, " "1, " "1, " "1, " "1, " "1, " "1, " "1, " "1, " "1, " "1, " "1, " "1, " "1, " "1, " "1, " "1, " "1, " "1, " "1, " "1, " "1, " "1, " "1, " "1, " "1, " "1, " "1, " "1, " "1, " "1, " "1, " "1, " "1, " "1, " "1, " "1, " "1, " "1, " "1, " "1, " "1, " "1, " "1, " "1, " "1, " "1, " "1, " "1, " "1, " "1, " "1, " "1, " "1, " "1, " "1, " "1, " "1, " "1, " "1, " "1, " "1, " "1, " "1, " "1, " "1, " "1, " "1, " "1, " "1, " "1, " "1, " "1, " "1, " "1, " "1, " "1, " "1, " "1, " "1, " "1, " "1, " "1, " "1, " "1, " "1, " "1, " "1, " "1, " "1, " "1, " "1, " "1, " "1, " "1, " "1, " "1, " "1, " "1, " "1, " "1, " "1, " "1, " "1, " "1, " "1, " "1, " "1, " "1, " "1, " "1, " "1, " "1, " "1, " "1, " "1, " "1, " "1, " "1, " "1, " "1, " "1, " "1, " "1, " "1, " "1, " "1, " "1, " "1, " "1, " "1, " "1, " "1, " "1, " "1, " "1, " "1, " "1, " "1, " "1, " "1, " "1, " "1, " "1, " "1, " "1, " "1, " "1, " "1, " "1, " "1, " "1, " "1, " "1, " "1, " "1, " "1, " "1, " "1, " "1, " "1, " "1, " "1, " "1, " "1, " "1, " "1, " "1, " "1, " "1, " "1, " "1, " "1, " "1, " "1, " "1, " "1, " "1, " "1, " "1, " "1, " "1, " "1, " "1, " "1, " "0, " "1, " "1, " "1, " "1, " "1, " "1, " "1, " "1, " "1, " "1, " "1, "203
 "Nei246, 0.295, " "-0.003, " "1, " "1, " "1, " "1, " "1, " "1, " "1, " "1, " "1, " "1, " "1, " "1, " "1, " "1, " "1, " "1, " "1, " "1, " "1, " "1, " "1, " "1, " "1, " "1, " "1, " "1, " "1, " "1, " "1, " "1, " "1, " "1, " "1, " "1, " "1, " "1, " "1, " "1, " "1, " "1, " "1, " "1, " "1, " "1, " "1, " "1, " "1, " "1, " "1, " "1, " "1, " "1, " "1, " "1, " "1, " "1, " "1, " "1, " "1, " "1, " "1, " "1, " "1, " "1, " "1, " "1, " "1, " "1, " "1, " "1, " "1, " "1, " "1, " "1, " "1, " "1, " "1, " "1, " "1, " "1, " "1, " "1, " "1, " "1, " "1, " "1, " "1, " "1, " "1, " "1, " "1, " "1, " "1, " "1, " "1, " "1, " "1, " "1, " "1, " "1, " "1, " "1, " "1, " "1, " "1, " "1, " "1, " "1, " "1, " "1, " "1, " "1, " "1, " "1, " "1, " "1, " "1, " "1, " "1, " "1, " "1, " "1, " "1, " "1, " "1, " "1, " "1, " "1, " "1, " "1, " "1, " "1, " "1, " "1, " "1, " "1, " "1, " "1, " "1, " "1, " "1, " "1, " "1, " "1, " "1, " "1, " "1, " "1, " "1, " "1, " "1, " "1, " "1, " "1, " "1, " "1, " "1, " "1, " "1, " "1, " "1, " "1, " "1, " "1, " "1, " "1, " "1, " "1, " "1, " "1, " "1, " "1, " "1, " "1, " "1, " "1, " "1, " "1, " "1, " "1, " "1, " "1, " "1, " "1, " "1, " "1, " "1, " "1, " "1, " "1, " "1, " "1, " "1, " "1, " "1, " "1, " "1, " "1, " "1, " "1, " "1, " "1, " "1, " "1, " "1, " "1, " "1, " "1, " "1, " "1, " "1, " "1, " "1, " "1, " "1, " "1, " "1, " "1, " "1, " "1, " "1, " "1, " "1, " "1, " "1, " "1, " "1, " "1, " "1, " "1, " "1, " "1, " "1, " "1, " "1, " "1, " "1, " "1, " "1, " "1, " "1, " "1, " "1, " "1, " "1, " "1, " "0, " "1, " "1, " "1, " "1, " "1, " "1, " "1, " "1, " "1, " "1, "203
 "Nei247, 0.231, " "-0.003, " "1, " "1, " "1, " "1, " "1, " "1, " "1, " "1, " "1, " "1, " "1, " "1, " "1, " "1, " "1, " "1, " "1, " "1, " "1, " "1, " "1, " "1, " "1, " "1, " "1, " "1, " "1, " "1, " "1, " "1, " "1, " "1, " "1, " "1, " "1, " "1, " "1, " "1, " "1, " "1, " "1, " "1, " "1, " "1, " "1, " "1, " "1, " "1, " "1, " "1, " "1, " "1, " "1, " "1, " "1, " "1, " "1, " "1, " "1, " "1, " "1, " "1, " "1, " "1, " "1, " "1, " "1, " "1, " "1, " "1, " "1, " "1, " "1, " "1, " "1, " "1, " "1, " "1, " "1, " "1, " "1, " "1, " "1, " "1, " "1, " "1, " "1, " "1, " "1, " "1, " "1, " "1, " "1, " "1, " "1, " "1, " "1, " "1, " "1, " "1, " "1, " "1, " "1, " "1, " "1, " "1, " "1, " "1, " "1, " "1, " "1, " "1, " "1, " "1, " "1, " "1, " "1, " "1, " "1, " "1, " "1, " "1, " "1, " "1, " "1, " "1, " "1, " "1, " "1, " "1, " "1, " "1, " "1, " "1, " "1, " "1, " "1, " "1, " "1, " "1, " "1, " "1, " "1, " "1, " "1, " "1, " "1, " "1, " "1, " "1, " "1, " "1, " "1, " "1, " "1, " "1, " "1, " "1, " "1, " "1, " "1, " "1, " "1, " "1, " "1, " "1, " "1, " "1, " "1, " "1, " "1, " "1, " "1, " "1, " "1, " "1, " "1, " "1, " "1, " "1, " "1, " "1, " "1, " "1, " "1, " "1, " "1, " "1, " "1, " "1, " "1, " "1, " "1, " "1, " "1, " "1, " "1, " "1, " "1, " "1, " "1, " "1, " "1, " "1, " "1, " "1, " "1, " "1, " "1, " "1, " "1, " "1, " "1, " "1, " "1, " "1, " "1, " "1, " "1, " "1, " "1, " "1, " "1, " "1, " "1, " "1, " "1, " "1, " "1, " "1, " "1, " "1, " "1, " "1, " "1, " "1, " "1, " "1, " "1, " "1, " "1, " "1, " "1, " "1, " "1, " "1, " "1, " "0, " "1, " "1, " "1, " "1, " "1, " "1, " "1, " "1, " "1, "203
 "Nei248, 0.442, " "-0.003, " "1, " "1, " "1, " "1, " "1, " "1, " "1, " "1, " "1, " "1, " "1, " "1, " "1, " "1, " "1, " "1, " "1, " "1, " "1, " "1, " "1, " "1, " "1, " "1, " "1, " "1, " "1, " "1, " "1, " "1, " "1, " "1, " "1, " "1, " "1, " "1, " "1, " "1, " "1, " "1, " "1, " "1, " "1, " "1, " "1, " "1, " "1, " "1, " "1, " "1, " "1, " "1, " "1, " "1, " "1, " "1, " "1, " "1, " "1, " "1, " "1, " "1, " "1, " "1, " "1, " "1, " "1, " "1, " "1, " "1, " "1, " "1, " "1, " "1, " "1, " "1, " "1, " "1, " "1, " "1, " "1, " "1, " "1, " "1, " "1, " "1, " "1, " "1, " "1, " "1, " "1, " "1, " "1, " "1, " "1, " "1, " "1, " "1, " "1, " "1, " "1, " "1, " "1, " "1, " "1, " "1, " "1, " "1, " "1, " "1, " "1, " "1, " "1, " "1, " "1, " "1, " "1, " "1, " "1, " "1, " "1, " "1, " "1, " "1, " "1, " "1, " "1, " "1, " "1, " "1, " "1, " "1, " "1, " "1, " "1, " "1, " "1, " "1, " "1, " "1, " "1, " "1, " "1, " "1, " "1, " "1, " "1, " "1, " "1, " "1, " "1, " "1, " "1, " "1, " "1, " "1, " "1, " "1, " "1, " "1, " "1, " "1, " "1, " "1, " "1, " "1, " "1, " "1, " "1, " "1, " "1, " "1, " "1, " "1, " "1, " "1, " "1, " "1, " "1, " "1, " "1, " "1, " "1, " "1, " "1, " "1, " "1, " "1, " "1, " "1, " "1, " "1, " "1, " "1, " "1, " "1, " "1, " "1, " "1, " "1, " "1, " "1, " "1, " "1, " "1, " "1, " "1, " "1, " "1, " "1, " "1, " "1, " "1, " "1, " "1, " "1, " "1, " "1, " "1, " "1, " "1, " "1, " "1, " "1, " "1, " "1, " "1, " "1, " "1, " "1, " "1, " "1, " "1, " "1, " "1, " "1, " "1, " "1, " "1, " "1, " "1, " "1, " "1, " "1, " "1, " "1, " "1, " "1, " "0, " "1, " "1, " "1, " "1, " "1, " "1, " "1, " "1, "203
 "Nei249, 0.582, " "-0.003, " "1, " "1, " "1, " "1, " "1, " "1, " "1, " "1, " "1, " "1, " "1, " "1, " "1, " "1, " "1, " "1, " "1, " "1, " "1, " "1, " "1, " "1, " "1, " "1, " "1, " "1, " "1, " "1, " "1, " "1, " "1, " "1, " "1, " "1, " "1, " "1, " "1, " "1, " "1, " "1, " "1, " "1, " "1, " "1, " "1, " "1, " "1, " "1, " "1, " "1, " "1, " "1, " "1, " "1, " "1, " "1, " "1, " "1, " "1, " "1, " "1, " "1, " "1, " "1, " "1, " "1, " "1, " "1, " "1, " "1, " "1, " "1, " "1, " "1, " "1, " "1, " "1, " "1, " "1, " "1, " "1, " "1, " "1, " "1, " "1, " "1, " "1, " "1, " "1, " "1, " "1, " "1, " "1, " "1, " "1, " "1, " "1, " "1, " "1, " "1, " "1, " "1, " "1, " "1, " "1, " "1, " "1, " "1, " "1, " "1, " "1, " "1, " "1, " "1, " "1, " "1, " "1, " "1, " "1, " "1, " "1, " "1, " "1, " "1, " "1, " "1, " "1, " "1, " "1, " "1, " "1, " "1, " "1, " "1, " "1, " "1, " "1, " "1, " "1, " "1, " "1, " "1, " "1, " "1, " "1, " "1, " "1, " "1, " "1, " "1, " "1, " "1, " "1, " "1, " "1, " "1, " "1, " "1, " "1, " "1, " "1, " "1, " "1, " "1, " "1, " "1, " "1, " "1, " "1, " "1, " "1, " "1, " "1, " "1, " "1, " "1, " "1, " "1, " "1, " "1, " "1, " "1, " "1, " "1, " "1, " "1, " "1, " "1, " "1, " "1, " "1, " "1, " "1, " "1, " "1, " "1, " "1, " "1, " "1, " "1, " "1, " "1, " "1, " "1, " "1, " "1, " "1, " "1, " "1, " "1, " "1, " "1, " "1, " "1, " "1, " "1, " "1, " "1, " "1, " "1, " "1, " "1, " "1, " "1, " "1, " "1, " "1, " "1, " "1, " "1, " "1, " "1, " "1, " "1, " "1, " "1, " "1, " "1, " "1, " "1, " "1, " "1, " "1, " "1, " "1, " "1, " "1, " "1, " "1, " "0, " "1, " "1, " "1, " "1, " "1, " "1, " "1, "203
 "Nei250, 0.594, " "-0.003, " "1, " "1, " "1, " "1, " "1, " "1, " "1, " "1, " "1, " "1, " "1, " "1, " "1, " "1, " "1, " "1, " "1, " "1, " "1, " "1, " "1, " "1, " "1, " "1, " "1, " "1, " "1, " "1, " "1, " "1, " "1, " "1, " "1, " "1, " "1, " "1, " "1, " "1, " "1, " "1, " "1, " "1, " "1, " "1, " "1, " "1, " "1, " "1, " "1, " "1, " "1, " "1, " "1, " "1, " "1, " "1, " "1, " "1, " "1, " "1, " "1, " "1, " "1, " "1, " "1, " "1, " "1, " "1, " "1, " "1, " "1, " "1, " "1, " "1, " "1, " "1, " "1, " "1, " "1, " "1, " "1, " "1, " "1, " "1, " "1, " "1, " "1, " "1, " "1, " "1, " "1, " "1, " "1, " "1, " "1, " "1, " "1, " "1, " "1, " "1, " "1, " "1, " "1, " "1, " "1, " "1, " "1, " "1, " "1, " "1, " "1, " "1, " "1, " "1, " "1, " "1, " "1, " "1, " "1, " "1, " "1, " "1, " "1, " "1, " "1, " "1, " "1, " "1, " "1, " "1, " "1, " "1, " "1, " "1, " "1, " "1, " "1, " "1, " "1, " "1, " "1, " "1, " "1, " "1, " "1, " "1, " "1, " "1, " "1, " "1, " "1, " "1, " "1, " "1, " "1, " "1, " "1, " "1, " "1, " "1, " "1, " "1, " "1, " "1, " "1, " "1, " "1, " "1, " "1, " "1, " "1, " "1, " "1, " "1, " "1, " "1, " "1, " "1, " "1, " "1, " "1, " "1, " "1, " "1, " "1, " "1, " "1, " "1, " "1, " "1, " "1, " "1, " "1, " "1, " "1, " "1, " "1, " "1, " "1, " "1, " "1, " "1, " "1, " "1, " "1, " "1, " "1, " "1, " "1, " "1, " "1, " "1, " "1, " "1, " "1, " "1, " "1, " "1, " "1, " "1, " "1, " "1, " "1, " "1, " "1, " "1, " "1, " "1, " "1, " "1, " "1, " "1, " "1, " "1, " "1, " "1, " "1, " "1, " "1, " "1, " "1, " "1, " "1, " "1, " "1, " "1, " "1, " "1, " "1, " "1, " "0, " "1, " "1, " "1, " "1, " "1, " "1, "203
 "Nei251, 0.39, " "-0.003, " "1, " "1, " "1, " "1, " "1, " "1, " "1, " "1, " "1, " "1, " "1, " "1, " "1, " "1, " "1, " "1, " "1, " "1, " "1, " "1, " "1, " "1, " "1, " "1, " "1, " "1, " "1, " "1, " "1, " "1, " "1, " "1, " "1, " "1, " "1, " "1, " "1, " "1, " "1, " "1, " "1, " "1, " "1, " "1, " "1, " "1, " "1, " "1, " "1, " "1, " "1, " "1, " "1, " "1, " "1, " "1, " "1, " "1, " "1, " "1, " "1, " "1, " "1, " "1, " "1, " "1, " "1, " "1, " "1, " "1, " "1, " "1, " "1, " "1, " "1, " "1, " "1, " "1, " "1, " "1, " "1, " "1, " "1, " "1, " "1, " "1, " "1, " "1, " "1, " "1, " "1, " "1, " "1, " "1, " "1, " "1, " "1, " "1, " "1, " "1, " "1, " "1, " "1, " "1, " "1, " "1, " "1, " "1, " "1, " "1, " "1, " "1, " "1, " "1, " "1, " "1, " "1, " "1, " "1, " "1, " "1, " "1, " "1, " "1, " "1, " "1, " "1, " "1, " "1, " "1, " "1, " "1, " "1, " "1, " "1, " "1, " "1, " "1, " "1, " "1, " "1, " "1, " "1, " "1, " "1, " "1, " "1, " "1, " "1, " "1, " "1, " "1, " "1, " "1, " "1, " "1, " "1, " "1, " "1, " "1, " "1, " "1, " "1, " "1, " "1, " "1, " "1, " "1, " "1, " "1, " "1, " "1, " "1, " "1, " "1, " "1, " "1, " "1, " "1, " "1, " "1, " "1, " "1, " "1, " "1, " "1, " "1, " "1, " "1, " "1, " "1, " "1, " "1, " "1, " "1, " "1, " "1, " "1, " "1, " "1, " "1, " "1, " "1, " "1, " "1, " "1, " "1, " "1, " "1, " "1, " "1, " "1, " "1, " "1, " "1, " "1, " "1, " "1, " "1, " "1, " "1, " "1, " "1, " "1, " "1, " "1, " "1, " "1, " "1, " "1, " "1, " "1, " "1, " "1, " "1, " "1, " "1, " "1, " "1, " "1, " "1, " "1, " "1, " "1, " "1, " "1, " "1, " "1, " "1, " "1, " "1, " "0, " "1, " "1, " "1, " "1, " "1, "203
 "Nei252, 0.544, " "-0.003, " "1, " "1, " "1, " "1, " "1, " "1, " "1, " "1, " "1, " "1, " "1, " "1, " "1, " "1, " "1, " "1, " "1, " "1, " "1, " "1, " "1, " "1, " "1, " "1, " "1, " "1, " "1, " "1, " "1, " "1, " "1, " "1, " "1, " "1, " "1, " "1, " "1, " "1, " "1, " "1, " "1, " "1, " "1, " "1, " "1, " "1, " "1, " "1, " "1, " "1, " "1, " "1, " "1, " "1, " "1, " "1, " "1, " "1, " "1, " "1, " "1, " "1, " "1, " "1, " "1, " "1, " "1, " "1, " "1, " "1, " "1, " "1, " "1, " "1, " "1, " "1, " "1, " "1, " "1, " "1, " "1, " "1, " "1, " "1, " "1, " "1, " "1, " "1, " "1, " "1, " "1, " "1, " "1, " "1, " "1, " "1, " "1, " "1, " "1, " "1, " "1, " "1, " "1, " "1, " "1, " "1, " "1, " "1, " "1, " "1, " "1, " "1, " "1, " "1, " "1, " "1, " "1, " "1, " "1, " "1, " "1, " "1, " "1, " "1, " "1, " "1, " "1, " "1, " "1, " "1, " "1, " "1, " "1, " "1, " "1, " "1, " "1, " "1, " "1, " "1, " "1, " "1, " "1, " "1, " "1, " "1, " "1, " "1, " "1, " "1, " "1, " "1, " "1, " "1, " "1, " "1, " "1, " "1, " "1, " "1, " "1, " "1, " "1, " "1, " "1, " "1, " "1, " "1, " "1, " "1, " "1, " "1, " "1, " "1, " "1, " "1, " "1, " "1, " "1, " "1, " "1, " "1, " "1, " "1, " "1, " "1, " "1, " "1, " "1, " "1, " "1, " "1, " "1, " "1, " "1, " "1, " "1, " "1, " "1, " "1, " "1, " "1, " "1, " "1, " "1, " "1, " "1, " "1, " "1, " "1, " "1, " "1, " "1, " "1, " "1, " "1, " "1, " "1, " "1, " "1, " "1, " "1, " "1, " "1, " "1, " "1, " "1, " "1, " "1, " "1, " "1, " "1, " "1, " "1, " "1, " "1, " "1, " "1, " "1, " "1, " "1, " "1, " "1, " "1, " "1, " "1, " "1, " "1, " "1, " "1, " "1, " "1, " "0, " "1, " "1, " "1, " "1, "203
 "Nei253, 0.573, " "-0.003, " "1, " "1, " "1, " "1, " "1, " "1, " "1, " "1, " "1, " "1, " "1, " "1, " "1, " "1, " "1, " "1, " "1, " "1, " "1, " "1, " "1, " "1, " "1, " "1, " "1, " "1, " "1, " "1, " "1, " "1, " "1, " "1, " "1, " "1, " "1, " "1, " "1, " "1, " "1, " "1, " "1, " "1, " "1, " "1, " "1, " "1, " "1, " "1, " "1, " "1, " "1, " "1, " "1, " "1, " "1, " "1, " "1, " "1, " "1, " "1, " "1, " "1, " "1, " "1, " "1, " "1, " "1, " "1, " "1, " "1, " "1, " "1, " "1, " "1, " "1, " "1, " "1, " "1, " "1, " "1, " "1, " "1, " "1, " "1, " "1, " "1, " "1, " "1, " "1, " "1, " "1, " "1, " "1, " "1, " "1, " "1, " "1, " "1, " "1, " "1, " "1, " "1, " "1, " "1, " "1, " "1, " "1, " "1, " "1, " "1, " "1, " "1, " "1, " "1, " "1, " "1, " "1, " "1, " "1, " "1, " "1, " "1, " "1, " "1, " "1, " "1, " "1, " "1, " "1, " "1, " "1, " "1, " "1, " "1, " "1, " "1, " "1, " "1, " "1, " "1, " "1, " "1, " "1, " "1, " "1, " "1, " "1, " "1, " "1, " "1, " "1, " "1, " "1, " "1, " "1, " "1, " "1, " "1, " "1, " "1, " "1, " "1, " "1, " "1, " "1, " "1, " "1, " "1, " "1, " "1, " "1, " "1, " "1, " "1, " "1, " "1, " "1, " "1, " "1, " "1, " "1, " "1, " "1, " "1, " "1, " "1, " "1, " "1, " "1, " "1, " "1, " "1, " "1, " "1, " "1, " "1, " "1, " "1, " "1, " "1, " "1, " "1, " "1, " "1, " "1, " "1, " "1, " "1, " "1, " "1, " "1, " "1, " "1, " "1, " "1, " "1, " "1, " "1, " "1, " "1, " "1, " "1, " "1, " "1, " "1, " "1, " "1, " "1, " "1, " "1, " "1, " "1, " "1, " "1, " "1, " "1, " "1, " "1, " "1, " "1, " "1, " "1, " "1, " "1, " "1, " "1, " "1, " "1, " "1, " "1, " "1, " "1, " "1, " "0, " "1, " "1, " "1, "203
 "Nei254, 0.391, " "-0.003, " "1, " "1, " "1, " "1, " "1, " "1, " "1, " "1, " "1, " "1, " "1, " "1, " "1, " "1, " "1, " "1, " "1, " "1, " "1, " "1, " "1, " "1, " "1, " "1, " "1, " "1, " "1, " "1, " "1, " "1, " "1, " "1, " "1, " "1, " "1, " "1, " "1, " "1, " "1, " "1, " "1, " "1, " "1, " "1, " "1, " "1, " "1, " "1, " "1, " "1, " "1, " "1, " "1, " "1, " "1, " "1, " "1, " "1, " "1, " "1, " "1, " "1, " "1, " "1, " "1, " "1, " "1, " "1, " "1, " "1, " "1, " "1, " "1, " "1, " "1, " "1, " "1, " "1, " "1, " "1, " "1, " "1, " "1, " "1, " "1, " "1, " "1, " "1, " "1, " "1, " "1, " "1, " "1, " "1, " "1, " "1, " "1, " "1, " "1, " "1, " "1, " "1, " "1, " "1, " "1, " "1, " "1, " "1, " "1, " "1, " "1, " "1, " "1, " "1, " "1, " "1, " "1, " "1, " "1, " "1, " "1, " "1, " "1, " "1, " "1, " "1, " "1, " "1, " "1, " "1, " "1, " "1, " "1, " "1, " "1, " "1, " "1, " "1, " "1, " "1, " "1, " "1, " "1, " "1, " "1, " "1, " "1, " "1, " "1, " "1, " "1, " "1, " "1, " "1, " "1, " "1, " "1, " "1, " "1, " "1, " "1, " "1, " "1, " "1, " "1, " "1, " "1, " "1, " "1, " "1, " "1, " "1, " "1, " "1, " "1, " "1, " "1, " "1, " "1, " "1, " "1, " "1, " "1, " "1, " "1, " "1, " "1, " "1, " "1, " "1, " "1, " "1, " "1, " "1, " "1, " "1, " "1, " "1, " "1, " "1, " "1, " "1, " "1, " "1, " "1, " "1, " "1, " "1, " "1, " "1, " "1, " "1, " "1, " "1, " "1, " "1, " "1, " "1, " "1, " "1, " "1, " "1, " "1, " "1, " "1, " "1, " "1, " "1, " "1, " "1, " "1, " "1, " "1, " "1, " "1, " "1, " "1, " "1, " "1, " "1, " "1, " "1, " "1, " "1, " "1, " "1, " "1, " "1, " "1, " "1, " "1, " "1, " "1, " "1, " "0, " "1, " "1, "203
 "Nei255, 0.422, " "-0.003, " "1, " "1, " "1, " "1, " "1, " "1, " "1, " "1, " "1, " "1, " "1, " "1, " "1, " "1, " "1, " "1, " "1, " "1, " "1, " "1, " "1, " "1, " "1, " "1, " "1, " "1, " "1, " "1, " "1, " "1, " "1, " "1, " "1, " "1, " "1, " "1, " "1, " "1, " "1, " "1, " "1, " "1, " "1, " "1, " "1, " "1, " "1, " "1, " "1, " "1, " "1, " "1, " "1, " "1, " "1, " "1, " "1, " "1, " "1, " "1, " "1, " "1, " "1, " "1, " "1, " "1, " "1, " "1, " "1, " "1, " "1, " "1, " "1, " "1, " "1, " "1, " "1, " "1, " "1, " "1, " "1, " "1, " "1, " "1, " "1, " "1, " "1, " "1, " "1, " "1, " "1, " "1, " "1, " "1, " "1, " "1, " "1, " "1, " "1, " "1, " "1, " "1, " "1, " "1, " "1, " "1, " "1, " "1, " "1, " "1, " "1, " "1, " "1, " "1, " "1, " "1, " "1, " "1, " "1, " "1, " "1, " "1, " "1, " "1, " "1, " "1, " "1, " "1, " "1, " "1, " "1, " "1, " "1, " "1, " "1, " "1, " "1, " "1, " "1, " "1, " "1, " "1, " "1, " "1, " "1, " "1, " "1, " "1, " "1, " "1, " "1, " "1, " "1, " "1, " "1, " "1, " "1, " "1, " "1, " "1, " "1, " "1, " "1, " "1, " "1, " "1, " "1, " "1, " "1, " "1, " "1, " "1, " "1, " "1, " "1, " "1, " "1, " "1, " "1, " "1, " "1, " "1, " "1, " "1, " "1, " "1, " "1, " "1, " "1, " "1, " "1, " "1, " "1, " "1, " "1, " "1, " "1, " "1, " "1, " "1, " "1, " "1, " "1, " "1, " "1, " "1, " "1, " "1, " "1, " "1, " "1, " "1, " "1, " "1, " "1, " "1, " "1, " "1, " "1, " "1, " "1, " "1, " "1, " "1, " "1, " "1, " "1, " "1, " "1, " "1, " "1, " "1, " "1, " "1, " "1, " "1, " "1, " "1, " "1, " "1, " "1, " "1, " "1, " "1, " "1, " "1, " "1, " "1, " "1, " "1, " "1, " "1, " "1, " "1, " "1, " "0, " "1, "203
 "Nei256, 0.129, " "-0.003, " "1, " "1, " "1, " "1, " "1, " "1, " "1, " "1, " "1, " "1, " "1, " "1, " "1, " "1, " "1, " "1, " "1, " "1, " "1, " "1, " "1, " "1, " "1, " "1, " "1, " "1, " "1, " "1, " "1, " "1, " "1, " "1, " "1, " "1, " "1, " "1, " "1, " "1, " "1, " "1, " "1, " "1, " "1, " "1, " "1, " "1, " "1, " "1, " "1, " "1, " "1, " "1, " "1, " "1, " "1, " "1, " "1, " "1, " "1, " "1, " "1, " "1, " "1, " "1, " "1, " "1, " "1, " "1, " "1, " "1, " "1, " "1, " "1, " "1, " "1, " "1, " "1, " "1, " "1, " "1, " "1, " "1, " "1, " "1, " "1, " "1, " "1, " "1, " "1, " "1, " "1, " "1, " "1, " "1, " "1, " "1, " "1, " "1, " "1, " "1, " "1, " "1, " "1, " "1, " "1, " "1, " "1, " "1, " "1, " "1, " "1, " "1, " "1, " "1, " "1, " "1, " "1, " "1, " "1, " "1, " "1, " "1, " "1, " "1, " "1, " "1, " "1, " "1, " "1, " "1, " "1, " "1, " "1, " "1, " "1, " "1, " "1, " "1, " "1, " "1, " "1, " "1, " "1, " "1, " "1, " "1, " "1, " "1, " "1, " "1, " "1, " "1, " "1, " "1, " "1, " "1, " "1, " "1, " "1, " "1, " "1, " "1, " "1, " "1, " "1, " "1, " "1, " "1, " "1, " "1, " "1, " "1, " "1, " "1, " "1, " "1, " "1, " "1, " "1, " "1, " "1, " "1, " "1, " "1, " "1, " "1, " "1, " "1, " "1, " "1, " "1, " "1, " "1, " "1, " "1, " "1, " "1, " "1, " "1, " "1, " "1, " "1, " "1, " "1, " "1, " "1, " "1, " "1, " "1, " "1, " "1, " "1, " "1, " "1, " "1, " "1, " "1, " "1, " "1, " "1, " "1, " "1, " "1, " "1, " "1, " "1, " "1, " "1, " "1, " "1, " "1, " "1, " "1, " "1, " "1, " "1, " "1, " "1, " "1, " "1, " "1, " "1, " "1, " "1, " "1, " "1, " "1, " "1, " "1, " "1, " "1, " "1, " "1, " "1, " "1, " "1, " "0, "203
