 "ID, Uncertainty, " "Opinion1, " "Nei0, " "Nei1, " "Nei2, " "Nei3, " "Nei4, " "Nei5, " "Nei6, " "Nei7, " "Nei8, " "Nei9, " "Nei10, " "Nei11, " "Nei12, " "Nei13, " "Nei14, " "Nei15, " "Nei16, " "Nei17, " "Nei18, " "Nei19, " "Nei20, " "Nei21, " "Nei22, " "Nei23, " "Nei24, " "Nei25, " "Nei26, " "Nei27, " "Nei28, " "Nei29, " "Nei30, " "Nei31, " "Nei32, " "Nei33, " "Nei34, " "Nei35, " "Nei36, " "Nei37, " "Nei38, " "Nei39, " "Nei40, " "Nei41, " "Nei42, " "Nei43, " "Nei44, " "Nei45, " "Nei46, " "Nei47, " "Nei48, " "Nei49, " "Nei50, " "Nei51, " "Nei52, " "Nei53, " "Nei54, " "Nei55, " "Nei56, " "Nei57, " "Nei58, " "Nei59, " "Nei60, " "Nei61, " "Nei62, " "Nei63, " "Nei64, " "Nei65, " "Nei66, " "Nei67, " "Nei68, " "Nei69, " "Nei70, " "Nei71, " "Nei72, " "Nei73, " "Nei74, " "Nei75, " "Nei76, " "Nei77, " "Nei78, " "Nei79, " "Nei80, " "Nei81, " "Nei82, " "Nei83, " "Nei84, " "Nei85, " "Nei86, " "Nei87, " "Nei88, " "Nei89, " "Nei90, " "Nei91, " "Nei92, " "Nei93, " "Nei94, " "Nei95, " "Nei96, " "Nei97, " "Nei98, " "Nei99, " "Nei100, " "Nei101, " "Nei102, " "Nei103, " "Nei104, " "Nei105, " "Nei106, " "Nei107, " "Nei108, " "Nei109, " "Nei110, " "Nei111, " "Nei112, " "Nei113, " "Nei114, " "Nei115, " "Nei116, " "Nei117, " "Nei118, " "Nei119, " "Nei120, " "Nei121, " "Nei122, " "Nei123, " "Nei124, " "Nei125, " "Nei126, " "Nei127, " "Nei128, "Step
 "Nei0, 0.377, " "-0.287, " "0, " "1, " "1, " "1, " "1, " "1, " "1, " "1, " "1, " "1, " "1, " "1, " "1, " "1, " "1, " "1, " "1, " "1, " "1, " "1, " "1, " "1, " "1, " "1, " "1, " "1, " "1, " "1, " "1, " "1, " "1, " "1, " "1, " "1, " "1, " "1, " "1, " "1, " "1, " "1, " "1, " "1, " "1, " "1, " "1, " "1, " "1, " "1, " "1, " "1, " "1, " "1, " "1, " "1, " "1, " "1, " "1, " "1, " "1, " "1, " "1, " "1, " "1, " "1, " "1, " "1, " "1, " "1, " "1, " "1, " "1, " "1, " "1, " "1, " "1, " "1, " "1, " "1, " "1, " "1, " "1, " "1, " "1, " "1, " "1, " "1, " "1, " "1, " "1, " "1, " "1, " "1, " "1, " "1, " "1, " "1, " "1, " "1, " "1, " "1, " "1, " "1, " "1, " "1, " "1, " "1, " "1, " "1, " "1, " "1, " "1, " "1, " "1, " "1, " "1, " "1, " "1, " "1, " "1, " "1, " "1, " "1, " "1, " "1, " "1, " "1, " "1, " "1, " "1, "0
 "Nei1, 0.374, " "0.366, " "1, " "0, " "1, " "1, " "1, " "1, " "1, " "1, " "1, " "1, " "1, " "1, " "1, " "1, " "1, " "1, " "1, " "1, " "1, " "1, " "1, " "1, " "1, " "1, " "1, " "1, " "1, " "1, " "1, " "1, " "1, " "1, " "1, " "1, " "1, " "1, " "1, " "1, " "1, " "1, " "1, " "1, " "1, " "1, " "1, " "1, " "1, " "1, " "1, " "1, " "1, " "1, " "1, " "1, " "1, " "1, " "1, " "1, " "1, " "1, " "1, " "1, " "1, " "1, " "1, " "1, " "1, " "1, " "1, " "1, " "1, " "1, " "1, " "1, " "1, " "1, " "1, " "1, " "1, " "1, " "1, " "1, " "1, " "1, " "1, " "1, " "1, " "1, " "1, " "1, " "1, " "1, " "1, " "1, " "1, " "1, " "1, " "1, " "1, " "1, " "1, " "1, " "1, " "1, " "1, " "1, " "1, " "1, " "1, " "1, " "1, " "1, " "1, " "1, " "1, " "1, " "1, " "1, " "1, " "1, " "1, " "1, " "1, " "1, " "1, " "1, " "1, " "1, " "1, "0
 "Nei2, 0.353, " "-0.989, " "1, " "1, " "0, " "1, " "1, " "1, " "1, " "1, " "1, " "1, " "1, " "1, " "1, " "1, " "1, " "1, " "1, " "1, " "1, " "1, " "1, " "1, " "1, " "1, " "1, " "1, " "1, " "1, " "1, " "1, " "1, " "1, " "1, " "1, " "1, " "1, " "1, " "1, " "1, " "1, " "1, " "1, " "1, " "1, " "1, " "1, " "1, " "1, " "1, " "1, " "1, " "1, " "1, " "1, " "1, " "1, " "1, " "1, " "1, " "1, " "1, " "1, " "1, " "1, " "1, " "1, " "1, " "1, " "1, " "1, " "1, " "1, " "1, " "1, " "1, " "1, " "1, " "1, " "1, " "1, " "1, " "1, " "1, " "1, " "1, " "1, " "1, " "1, " "1, " "1, " "1, " "1, " "1, " "1, " "1, " "1, " "1, " "1, " "1, " "1, " "1, " "1, " "1, " "1, " "1, " "1, " "1, " "1, " "1, " "1, " "1, " "1, " "1, " "1, " "1, " "1, " "1, " "1, " "1, " "1, " "1, " "1, " "1, " "1, " "1, " "1, " "1, " "1, " "1, "0
 "Nei3, 0.037, " "0.222, " "1, " "1, " "1, " "0, " "1, " "1, " "1, " "1, " "1, " "1, " "1, " "1, " "1, " "1, " "1, " "1, " "1, " "1, " "1, " "1, " "1, " "1, " "1, " "1, " "1, " "1, " "1, " "1, " "1, " "1, " "1, " "1, " "1, " "1, " "1, " "1, " "1, " "1, " "1, " "1, " "1, " "1, " "1, " "1, " "1, " "1, " "1, " "1, " "1, " "1, " "1, " "1, " "1, " "1, " "1, " "1, " "1, " "1, " "1, " "1, " "1, " "1, " "1, " "1, " "1, " "1, " "1, " "1, " "1, " "1, " "1, " "1, " "1, " "1, " "1, " "1, " "1, " "1, " "1, " "1, " "1, " "1, " "1, " "1, " "1, " "1, " "1, " "1, " "1, " "1, " "1, " "1, " "1, " "1, " "1, " "1, " "1, " "1, " "1, " "1, " "1, " "1, " "1, " "1, " "1, " "1, " "1, " "1, " "1, " "1, " "1, " "1, " "1, " "1, " "1, " "1, " "1, " "1, " "1, " "1, " "1, " "1, " "1, " "1, " "1, " "1, " "1, " "1, " "1, "0
 "Nei4, 0.38, " "0.207, " "1, " "1, " "1, " "1, " "0, " "1, " "1, " "1, " "1, " "1, " "1, " "1, " "1, " "1, " "1, " "1, " "1, " "1, " "1, " "1, " "1, " "1, " "1, " "1, " "1, " "1, " "1, " "1, " "1, " "1, " "1, " "1, " "1, " "1, " "1, " "1, " "1, " "1, " "1, " "1, " "1, " "1, " "1, " "1, " "1, " "1, " "1, " "1, " "1, " "1, " "1, " "1, " "1, " "1, " "1, " "1, " "1, " "1, " "1, " "1, " "1, " "1, " "1, " "1, " "1, " "1, " "1, " "1, " "1, " "1, " "1, " "1, " "1, " "1, " "1, " "1, " "1, " "1, " "1, " "1, " "1, " "1, " "1, " "1, " "1, " "1, " "1, " "1, " "1, " "1, " "1, " "1, " "1, " "1, " "1, " "1, " "1, " "1, " "1, " "1, " "1, " "1, " "1, " "1, " "1, " "1, " "1, " "1, " "1, " "1, " "1, " "1, " "1, " "1, " "1, " "1, " "1, " "1, " "1, " "1, " "1, " "1, " "1, " "1, " "1, " "1, " "1, " "1, " "1, "0
 "Nei5, 0.378, " "-0.993, " "1, " "1, " "1, " "1, " "1, " "0, " "1, " "1, " "1, " "1, " "1, " "1, " "1, " "1, " "1, " "1, " "1, " "1, " "1, " "1, " "1, " "1, " "1, " "1, " "1, " "1, " "1, " "1, " "1, " "1, " "1, " "1, " "1, " "1, " "1, " "1, " "1, " "1, " "1, " "1, " "1, " "1, " "1, " "1, " "1, " "1, " "1, " "1, " "1, " "1, " "1, " "1, " "1, " "1, " "1, " "1, " "1, " "1, " "1, " "1, " "1, " "1, " "1, " "1, " "1, " "1, " "1, " "1, " "1, " "1, " "1, " "1, " "1, " "1, " "1, " "1, " "1, " "1, " "1, " "1, " "1, " "1, " "1, " "1, " "1, " "1, " "1, " "1, " "1, " "1, " "1, " "1, " "1, " "1, " "1, " "1, " "1, " "1, " "1, " "1, " "1, " "1, " "1, " "1, " "1, " "1, " "1, " "1, " "1, " "1, " "1, " "1, " "1, " "1, " "1, " "1, " "1, " "1, " "1, " "1, " "1, " "1, " "1, " "1, " "1, " "1, " "1, " "1, " "1, "0
 "Nei6, 0.038, " "-0.78, " "1, " "1, " "1, " "1, " "1, " "1, " "0, " "1, " "1, " "1, " "1, " "1, " "1, " "1, " "1, " "1, " "1, " "1, " "1, " "1, " "1, " "1, " "1, " "1, " "1, " "1, " "1, " "1, " "1, " "1, " "1, " "1, " "1, " "1, " "1, " "1, " "1, " "1, " "1, " "1, " "1, " "1, " "1, " "1, " "1, " "1, " "1, " "1, " "1, " "1, " "1, " "1, " "1, " "1, " "1, " "1, " "1, " "1, " "1, " "1, " "1, " "1, " "1, " "1, " "1, " "1, " "1, " "1, " "1, " "1, " "1, " "1, " "1, " "1, " "1, " "1, " "1, " "1, " "1, " "1, " "1, " "1, " "1, " "1, " "1, " "1, " "1, " "1, " "1, " "1, " "1, " "1, " "1, " "1, " "1, " "1, " "1, " "1, " "1, " "1, " "1, " "1, " "1, " "1, " "1, " "1, " "1, " "1, " "1, " "1, " "1, " "1, " "1, " "1, " "1, " "1, " "1, " "1, " "1, " "1, " "1, " "1, " "1, " "1, " "1, " "1, " "1, " "1, " "1, "0
 "Nei7, 0.252, " "-0.946, " "1, " "1, " "1, " "1, " "1, " "1, " "1, " "0, " "1, " "1, " "1, " "1, " "1, " "1, " "1, " "1, " "1, " "1, " "1, " "1, " "1, " "1, " "1, " "1, " "1, " "1, " "1, " "1, " "1, " "1, " "1, " "1, " "1, " "1, " "1, " "1, " "1, " "1, " "1, " "1, " "1, " "1, " "1, " "1, " "1, " "1, " "1, " "1, " "1, " "1, " "1, " "1, " "1, " "1, " "1, " "1, " "1, " "1, " "1, " "1, " "1, " "1, " "1, " "1, " "1, " "1, " "1, " "1, " "1, " "1, " "1, " "1, " "1, " "1, " "1, " "1, " "1, " "1, " "1, " "1, " "1, " "1, " "1, " "1, " "1, " "1, " "1, " "1, " "1, " "1, " "1, " "1, " "1, " "1, " "1, " "1, " "1, " "1, " "1, " "1, " "1, " "1, " "1, " "1, " "1, " "1, " "1, " "1, " "1, " "1, " "1, " "1, " "1, " "1, " "1, " "1, " "1, " "1, " "1, " "1, " "1, " "1, " "1, " "1, " "1, " "1, " "1, " "1, " "1, "0
 "Nei8, 0.224, " "-0.04, " "1, " "1, " "1, " "1, " "1, " "1, " "1, " "1, " "0, " "1, " "1, " "1, " "1, " "1, " "1, " "1, " "1, " "1, " "1, " "1, " "1, " "1, " "1, " "1, " "1, " "1, " "1, " "1, " "1, " "1, " "1, " "1, " "1, " "1, " "1, " "1, " "1, " "1, " "1, " "1, " "1, " "1, " "1, " "1, " "1, " "1, " "1, " "1, " "1, " "1, " "1, " "1, " "1, " "1, " "1, " "1, " "1, " "1, " "1, " "1, " "1, " "1, " "1, " "1, " "1, " "1, " "1, " "1, " "1, " "1, " "1, " "1, " "1, " "1, " "1, " "1, " "1, " "1, " "1, " "1, " "1, " "1, " "1, " "1, " "1, " "1, " "1, " "1, " "1, " "1, " "1, " "1, " "1, " "1, " "1, " "1, " "1, " "1, " "1, " "1, " "1, " "1, " "1, " "1, " "1, " "1, " "1, " "1, " "1, " "1, " "1, " "1, " "1, " "1, " "1, " "1, " "1, " "1, " "1, " "1, " "1, " "1, " "1, " "1, " "1, " "1, " "1, " "1, " "1, "0
 "Nei9, 0.109, " "-0.074, " "1, " "1, " "1, " "1, " "1, " "1, " "1, " "1, " "1, " "0, " "1, " "1, " "1, " "1, " "1, " "1, " "1, " "1, " "1, " "1, " "1, " "1, " "1, " "1, " "1, " "1, " "1, " "1, " "1, " "1, " "1, " "1, " "1, " "1, " "1, " "1, " "1, " "1, " "1, " "1, " "1, " "1, " "1, " "1, " "1, " "1, " "1, " "1, " "1, " "1, " "1, " "1, " "1, " "1, " "1, " "1, " "1, " "1, " "1, " "1, " "1, " "1, " "1, " "1, " "1, " "1, " "1, " "1, " "1, " "1, " "1, " "1, " "1, " "1, " "1, " "1, " "1, " "1, " "1, " "1, " "1, " "1, " "1, " "1, " "1, " "1, " "1, " "1, " "1, " "1, " "1, " "1, " "1, " "1, " "1, " "1, " "1, " "1, " "1, " "1, " "1, " "1, " "1, " "1, " "1, " "1, " "1, " "1, " "1, " "1, " "1, " "1, " "1, " "1, " "1, " "1, " "1, " "1, " "1, " "1, " "1, " "1, " "1, " "1, " "1, " "1, " "1, " "1, " "1, "0
 "Nei10, 0.139, " "0.966, " "1, " "1, " "1, " "1, " "1, " "1, " "1, " "1, " "1, " "1, " "0, " "1, " "1, " "1, " "1, " "1, " "1, " "1, " "1, " "1, " "1, " "1, " "1, " "1, " "1, " "1, " "1, " "1, " "1, " "1, " "1, " "1, " "1, " "1, " "1, " "1, " "1, " "1, " "1, " "1, " "1, " "1, " "1, " "1, " "1, " "1, " "1, " "1, " "1, " "1, " "1, " "1, " "1, " "1, " "1, " "1, " "1, " "1, " "1, " "1, " "1, " "1, " "1, " "1, " "1, " "1, " "1, " "1, " "1, " "1, " "1, " "1, " "1, " "1, " "1, " "1, " "1, " "1, " "1, " "1, " "1, " "1, " "1, " "1, " "1, " "1, " "1, " "1, " "1, " "1, " "1, " "1, " "1, " "1, " "1, " "1, " "1, " "1, " "1, " "1, " "1, " "1, " "1, " "1, " "1, " "1, " "1, " "1, " "1, " "1, " "1, " "1, " "1, " "1, " "1, " "1, " "1, " "1, " "1, " "1, " "1, " "1, " "1, " "1, " "1, " "1, " "1, " "1, " "1, "0
 "Nei11, 0.258, " "-0.445, " "1, " "1, " "1, " "1, " "1, " "1, " "1, " "1, " "1, " "1, " "1, " "0, " "1, " "1, " "1, " "1, " "1, " "1, " "1, " "1, " "1, " "1, " "1, " "1, " "1, " "1, " "1, " "1, " "1, " "1, " "1, " "1, " "1, " "1, " "1, " "1, " "1, " "1, " "1, " "1, " "1, " "1, " "1, " "1, " "1, " "1, " "1, " "1, " "1, " "1, " "1, " "1, " "1, " "1, " "1, " "1, " "1, " "1, " "1, " "1, " "1, " "1, " "1, " "1, " "1, " "1, " "1, " "1, " "1, " "1, " "1, " "1, " "1, " "1, " "1, " "1, " "1, " "1, " "1, " "1, " "1, " "1, " "1, " "1, " "1, " "1, " "1, " "1, " "1, " "1, " "1, " "1, " "1, " "1, " "1, " "1, " "1, " "1, " "1, " "1, " "1, " "1, " "1, " "1, " "1, " "1, " "1, " "1, " "1, " "1, " "1, " "1, " "1, " "1, " "1, " "1, " "1, " "1, " "1, " "1, " "1, " "1, " "1, " "1, " "1, " "1, " "1, " "1, " "1, "0
 "Nei12, 0.335, " "-0.412, " "1, " "1, " "1, " "1, " "1, " "1, " "1, " "1, " "1, " "1, " "1, " "1, " "0, " "1, " "1, " "1, " "1, " "1, " "1, " "1, " "1, " "1, " "1, " "1, " "1, " "1, " "1, " "1, " "1, " "1, " "1, " "1, " "1, " "1, " "1, " "1, " "1, " "1, " "1, " "1, " "1, " "1, " "1, " "1, " "1, " "1, " "1, " "1, " "1, " "1, " "1, " "1, " "1, " "1, " "1, " "1, " "1, " "1, " "1, " "1, " "1, " "1, " "1, " "1, " "1, " "1, " "1, " "1, " "1, " "1, " "1, " "1, " "1, " "1, " "1, " "1, " "1, " "1, " "1, " "1, " "1, " "1, " "1, " "1, " "1, " "1, " "1, " "1, " "1, " "1, " "1, " "1, " "1, " "1, " "1, " "1, " "1, " "1, " "1, " "1, " "1, " "1, " "1, " "1, " "1, " "1, " "1, " "1, " "1, " "1, " "1, " "1, " "1, " "1, " "1, " "1, " "1, " "1, " "1, " "1, " "1, " "1, " "1, " "1, " "1, " "1, " "1, " "1, " "1, "0
 "Nei13, 0.38, " "0.675, " "1, " "1, " "1, " "1, " "1, " "1, " "1, " "1, " "1, " "1, " "1, " "1, " "1, " "0, " "1, " "1, " "1, " "1, " "1, " "1, " "1, " "1, " "1, " "1, " "1, " "1, " "1, " "1, " "1, " "1, " "1, " "1, " "1, " "1, " "1, " "1, " "1, " "1, " "1, " "1, " "1, " "1, " "1, " "1, " "1, " "1, " "1, " "1, " "1, " "1, " "1, " "1, " "1, " "1, " "1, " "1, " "1, " "1, " "1, " "1, " "1, " "1, " "1, " "1, " "1, " "1, " "1, " "1, " "1, " "1, " "1, " "1, " "1, " "1, " "1, " "1, " "1, " "1, " "1, " "1, " "1, " "1, " "1, " "1, " "1, " "1, " "1, " "1, " "1, " "1, " "1, " "1, " "1, " "1, " "1, " "1, " "1, " "1, " "1, " "1, " "1, " "1, " "1, " "1, " "1, " "1, " "1, " "1, " "1, " "1, " "1, " "1, " "1, " "1, " "1, " "1, " "1, " "1, " "1, " "1, " "1, " "1, " "1, " "1, " "1, " "1, " "1, " "1, " "1, "0
 "Nei14, 0, " "-0.814, " "1, " "1, " "1, " "1, " "1, " "1, " "1, " "1, " "1, " "1, " "1, " "1, " "1, " "1, " "0, " "1, " "1, " "1, " "1, " "1, " "1, " "1, " "1, " "1, " "1, " "1, " "1, " "1, " "1, " "1, " "1, " "1, " "1, " "1, " "1, " "1, " "1, " "1, " "1, " "1, " "1, " "1, " "1, " "1, " "1, " "1, " "1, " "1, " "1, " "1, " "1, " "1, " "1, " "1, " "1, " "1, " "1, " "1, " "1, " "1, " "1, " "1, " "1, " "1, " "1, " "1, " "1, " "1, " "1, " "1, " "1, " "1, " "1, " "1, " "1, " "1, " "1, " "1, " "1, " "1, " "1, " "1, " "1, " "1, " "1, " "1, " "1, " "1, " "1, " "1, " "1, " "1, " "1, " "1, " "1, " "1, " "1, " "1, " "1, " "1, " "1, " "1, " "1, " "1, " "1, " "1, " "1, " "1, " "1, " "1, " "1, " "1, " "1, " "1, " "1, " "1, " "1, " "1, " "1, " "1, " "1, " "1, " "1, " "1, " "1, " "1, " "1, " "1, " "1, "0
 "Nei15, 0.212, " "0.31, " "1, " "1, " "1, " "1, " "1, " "1, " "1, " "1, " "1, " "1, " "1, " "1, " "1, " "1, " "1, " "0, " "1, " "1, " "1, " "1, " "1, " "1, " "1, " "1, " "1, " "1, " "1, " "1, " "1, " "1, " "1, " "1, " "1, " "1, " "1, " "1, " "1, " "1, " "1, " "1, " "1, " "1, " "1, " "1, " "1, " "1, " "1, " "1, " "1, " "1, " "1, " "1, " "1, " "1, " "1, " "1, " "1, " "1, " "1, " "1, " "1, " "1, " "1, " "1, " "1, " "1, " "1, " "1, " "1, " "1, " "1, " "1, " "1, " "1, " "1, " "1, " "1, " "1, " "1, " "1, " "1, " "1, " "1, " "1, " "1, " "1, " "1, " "1, " "1, " "1, " "1, " "1, " "1, " "1, " "1, " "1, " "1, " "1, " "1, " "1, " "1, " "1, " "1, " "1, " "1, " "1, " "1, " "1, " "1, " "1, " "1, " "1, " "1, " "1, " "1, " "1, " "1, " "1, " "1, " "1, " "1, " "1, " "1, " "1, " "1, " "1, " "1, " "1, " "1, "0
 "Nei16, 0.222, " "-0.961, " "1, " "1, " "1, " "1, " "1, " "1, " "1, " "1, " "1, " "1, " "1, " "1, " "1, " "1, " "1, " "1, " "0, " "1, " "1, " "1, " "1, " "1, " "1, " "1, " "1, " "1, " "1, " "1, " "1, " "1, " "1, " "1, " "1, " "1, " "1, " "1, " "1, " "1, " "1, " "1, " "1, " "1, " "1, " "1, " "1, " "1, " "1, " "1, " "1, " "1, " "1, " "1, " "1, " "1, " "1, " "1, " "1, " "1, " "1, " "1, " "1, " "1, " "1, " "1, " "1, " "1, " "1, " "1, " "1, " "1, " "1, " "1, " "1, " "1, " "1, " "1, " "1, " "1, " "1, " "1, " "1, " "1, " "1, " "1, " "1, " "1, " "1, " "1, " "1, " "1, " "1, " "1, " "1, " "1, " "1, " "1, " "1, " "1, " "1, " "1, " "1, " "1, " "1, " "1, " "1, " "1, " "1, " "1, " "1, " "1, " "1, " "1, " "1, " "1, " "1, " "1, " "1, " "1, " "1, " "1, " "1, " "1, " "1, " "1, " "1, " "1, " "1, " "1, " "1, "0
 "Nei17, 0.273, " "0.798, " "1, " "1, " "1, " "1, " "1, " "1, " "1, " "1, " "1, " "1, " "1, " "1, " "1, " "1, " "1, " "1, " "1, " "0, " "1, " "1, " "1, " "1, " "1, " "1, " "1, " "1, " "1, " "1, " "1, " "1, " "1, " "1, " "1, " "1, " "1, " "1, " "1, " "1, " "1, " "1, " "1, " "1, " "1, " "1, " "1, " "1, " "1, " "1, " "1, " "1, " "1, " "1, " "1, " "1, " "1, " "1, " "1, " "1, " "1, " "1, " "1, " "1, " "1, " "1, " "1, " "1, " "1, " "1, " "1, " "1, " "1, " "1, " "1, " "1, " "1, " "1, " "1, " "1, " "1, " "1, " "1, " "1, " "1, " "1, " "1, " "1, " "1, " "1, " "1, " "1, " "1, " "1, " "1, " "1, " "1, " "1, " "1, " "1, " "1, " "1, " "1, " "1, " "1, " "1, " "1, " "1, " "1, " "1, " "1, " "1, " "1, " "1, " "1, " "1, " "1, " "1, " "1, " "1, " "1, " "1, " "1, " "1, " "1, " "1, " "1, " "1, " "1, " "1, " "1, "0
 "Nei18, 0.067, " "-0.385, " "1, " "1, " "1, " "1, " "1, " "1, " "1, " "1, " "1, " "1, " "1, " "1, " "1, " "1, " "1, " "1, " "1, " "1, " "0, " "1, " "1, " "1, " "1, " "1, " "1, " "1, " "1, " "1, " "1, " "1, " "1, " "1, " "1, " "1, " "1, " "1, " "1, " "1, " "1, " "1, " "1, " "1, " "1, " "1, " "1, " "1, " "1, " "1, " "1, " "1, " "1, " "1, " "1, " "1, " "1, " "1, " "1, " "1, " "1, " "1, " "1, " "1, " "1, " "1, " "1, " "1, " "1, " "1, " "1, " "1, " "1, " "1, " "1, " "1, " "1, " "1, " "1, " "1, " "1, " "1, " "1, " "1, " "1, " "1, " "1, " "1, " "1, " "1, " "1, " "1, " "1, " "1, " "1, " "1, " "1, " "1, " "1, " "1, " "1, " "1, " "1, " "1, " "1, " "1, " "1, " "1, " "1, " "1, " "1, " "1, " "1, " "1, " "1, " "1, " "1, " "1, " "1, " "1, " "1, " "1, " "1, " "1, " "1, " "1, " "1, " "1, " "1, " "1, " "1, "0
 "Nei19, 0.136, " "-0.311, " "1, " "1, " "1, " "1, " "1, " "1, " "1, " "1, " "1, " "1, " "1, " "1, " "1, " "1, " "1, " "1, " "1, " "1, " "1, " "0, " "1, " "1, " "1, " "1, " "1, " "1, " "1, " "1, " "1, " "1, " "1, " "1, " "1, " "1, " "1, " "1, " "1, " "1, " "1, " "1, " "1, " "1, " "1, " "1, " "1, " "1, " "1, " "1, " "1, " "1, " "1, " "1, " "1, " "1, " "1, " "1, " "1, " "1, " "1, " "1, " "1, " "1, " "1, " "1, " "1, " "1, " "1, " "1, " "1, " "1, " "1, " "1, " "1, " "1, " "1, " "1, " "1, " "1, " "1, " "1, " "1, " "1, " "1, " "1, " "1, " "1, " "1, " "1, " "1, " "1, " "1, " "1, " "1, " "1, " "1, " "1, " "1, " "1, " "1, " "1, " "1, " "1, " "1, " "1, " "1, " "1, " "1, " "1, " "1, " "1, " "1, " "1, " "1, " "1, " "1, " "1, " "1, " "1, " "1, " "1, " "1, " "1, " "1, " "1, " "1, " "1, " "1, " "1, " "1, "0
 "Nei20, 0.389, " "-0.038, " "1, " "1, " "1, " "1, " "1, " "1, " "1, " "1, " "1, " "1, " "1, " "1, " "1, " "1, " "1, " "1, " "1, " "1, " "1, " "1, " "0, " "1, " "1, " "1, " "1, " "1, " "1, " "1, " "1, " "1, " "1, " "1, " "1, " "1, " "1, " "1, " "1, " "1, " "1, " "1, " "1, " "1, " "1, " "1, " "1, " "1, " "1, " "1, " "1, " "1, " "1, " "1, " "1, " "1, " "1, " "1, " "1, " "1, " "1, " "1, " "1, " "1, " "1, " "1, " "1, " "1, " "1, " "1, " "1, " "1, " "1, " "1, " "1, " "1, " "1, " "1, " "1, " "1, " "1, " "1, " "1, " "1, " "1, " "1, " "1, " "1, " "1, " "1, " "1, " "1, " "1, " "1, " "1, " "1, " "1, " "1, " "1, " "1, " "1, " "1, " "1, " "1, " "1, " "1, " "1, " "1, " "1, " "1, " "1, " "1, " "1, " "1, " "1, " "1, " "1, " "1, " "1, " "1, " "1, " "1, " "1, " "1, " "1, " "1, " "1, " "1, " "1, " "1, " "1, "0
 "Nei21, 0.372, " "0.846, " "1, " "1, " "1, " "1, " "1, " "1, " "1, " "1, " "1, " "1, " "1, " "1, " "1, " "1, " "1, " "1, " "1, " "1, " "1, " "1, " "1, " "0, " "1, " "1, " "1, " "1, " "1, " "1, " "1, " "1, " "1, " "1, " "1, " "1, " "1, " "1, " "1, " "1, " "1, " "1, " "1, " "1, " "1, " "1, " "1, " "1, " "1, " "1, " "1, " "1, " "1, " "1, " "1, " "1, " "1, " "1, " "1, " "1, " "1, " "1, " "1, " "1, " "1, " "1, " "1, " "1, " "1, " "1, " "1, " "1, " "1, " "1, " "1, " "1, " "1, " "1, " "1, " "1, " "1, " "1, " "1, " "1, " "1, " "1, " "1, " "1, " "1, " "1, " "1, " "1, " "1, " "1, " "1, " "1, " "1, " "1, " "1, " "1, " "1, " "1, " "1, " "1, " "1, " "1, " "1, " "1, " "1, " "1, " "1, " "1, " "1, " "1, " "1, " "1, " "1, " "1, " "1, " "1, " "1, " "1, " "1, " "1, " "1, " "1, " "1, " "1, " "1, " "1, " "1, "0
 "Nei22, 0.117, " "0.418, " "1, " "1, " "1, " "1, " "1, " "1, " "1, " "1, " "1, " "1, " "1, " "1, " "1, " "1, " "1, " "1, " "1, " "1, " "1, " "1, " "1, " "1, " "0, " "1, " "1, " "1, " "1, " "1, " "1, " "1, " "1, " "1, " "1, " "1, " "1, " "1, " "1, " "1, " "1, " "1, " "1, " "1, " "1, " "1, " "1, " "1, " "1, " "1, " "1, " "1, " "1, " "1, " "1, " "1, " "1, " "1, " "1, " "1, " "1, " "1, " "1, " "1, " "1, " "1, " "1, " "1, " "1, " "1, " "1, " "1, " "1, " "1, " "1, " "1, " "1, " "1, " "1, " "1, " "1, " "1, " "1, " "1, " "1, " "1, " "1, " "1, " "1, " "1, " "1, " "1, " "1, " "1, " "1, " "1, " "1, " "1, " "1, " "1, " "1, " "1, " "1, " "1, " "1, " "1, " "1, " "1, " "1, " "1, " "1, " "1, " "1, " "1, " "1, " "1, " "1, " "1, " "1, " "1, " "1, " "1, " "1, " "1, " "1, " "1, " "1, " "1, " "1, " "1, " "1, "0
 "Nei23, 0.1, " "0.182, " "1, " "1, " "1, " "1, " "1, " "1, " "1, " "1, " "1, " "1, " "1, " "1, " "1, " "1, " "1, " "1, " "1, " "1, " "1, " "1, " "1, " "1, " "1, " "0, " "1, " "1, " "1, " "1, " "1, " "1, " "1, " "1, " "1, " "1, " "1, " "1, " "1, " "1, " "1, " "1, " "1, " "1, " "1, " "1, " "1, " "1, " "1, " "1, " "1, " "1, " "1, " "1, " "1, " "1, " "1, " "1, " "1, " "1, " "1, " "1, " "1, " "1, " "1, " "1, " "1, " "1, " "1, " "1, " "1, " "1, " "1, " "1, " "1, " "1, " "1, " "1, " "1, " "1, " "1, " "1, " "1, " "1, " "1, " "1, " "1, " "1, " "1, " "1, " "1, " "1, " "1, " "1, " "1, " "1, " "1, " "1, " "1, " "1, " "1, " "1, " "1, " "1, " "1, " "1, " "1, " "1, " "1, " "1, " "1, " "1, " "1, " "1, " "1, " "1, " "1, " "1, " "1, " "1, " "1, " "1, " "1, " "1, " "1, " "1, " "1, " "1, " "1, " "1, " "1, "0
 "Nei24, 0.155, " "0.329, " "1, " "1, " "1, " "1, " "1, " "1, " "1, " "1, " "1, " "1, " "1, " "1, " "1, " "1, " "1, " "1, " "1, " "1, " "1, " "1, " "1, " "1, " "1, " "1, " "0, " "1, " "1, " "1, " "1, " "1, " "1, " "1, " "1, " "1, " "1, " "1, " "1, " "1, " "1, " "1, " "1, " "1, " "1, " "1, " "1, " "1, " "1, " "1, " "1, " "1, " "1, " "1, " "1, " "1, " "1, " "1, " "1, " "1, " "1, " "1, " "1, " "1, " "1, " "1, " "1, " "1, " "1, " "1, " "1, " "1, " "1, " "1, " "1, " "1, " "1, " "1, " "1, " "1, " "1, " "1, " "1, " "1, " "1, " "1, " "1, " "1, " "1, " "1, " "1, " "1, " "1, " "1, " "1, " "1, " "1, " "1, " "1, " "1, " "1, " "1, " "1, " "1, " "1, " "1, " "1, " "1, " "1, " "1, " "1, " "1, " "1, " "1, " "1, " "1, " "1, " "1, " "1, " "1, " "1, " "1, " "1, " "1, " "1, " "1, " "1, " "1, " "1, " "1, " "1, "0
 "Nei25, 0.296, " "0.493, " "1, " "1, " "1, " "1, " "1, " "1, " "1, " "1, " "1, " "1, " "1, " "1, " "1, " "1, " "1, " "1, " "1, " "1, " "1, " "1, " "1, " "1, " "1, " "1, " "1, " "0, " "1, " "1, " "1, " "1, " "1, " "1, " "1, " "1, " "1, " "1, " "1, " "1, " "1, " "1, " "1, " "1, " "1, " "1, " "1, " "1, " "1, " "1, " "1, " "1, " "1, " "1, " "1, " "1, " "1, " "1, " "1, " "1, " "1, " "1, " "1, " "1, " "1, " "1, " "1, " "1, " "1, " "1, " "1, " "1, " "1, " "1, " "1, " "1, " "1, " "1, " "1, " "1, " "1, " "1, " "1, " "1, " "1, " "1, " "1, " "1, " "1, " "1, " "1, " "1, " "1, " "1, " "1, " "1, " "1, " "1, " "1, " "1, " "1, " "1, " "1, " "1, " "1, " "1, " "1, " "1, " "1, " "1, " "1, " "1, " "1, " "1, " "1, " "1, " "1, " "1, " "1, " "1, " "1, " "1, " "1, " "1, " "1, " "1, " "1, " "1, " "1, " "1, " "1, "0
 "Nei26, 0.104, " "0.65, " "1, " "1, " "1, " "1, " "1, " "1, " "1, " "1, " "1, " "1, " "1, " "1, " "1, " "1, " "1, " "1, " "1, " "1, " "1, " "1, " "1, " "1, " "1, " "1, " "1, " "1, " "0, " "1, " "1, " "1, " "1, " "1, " "1, " "1, " "1, " "1, " "1, " "1, " "1, " "1, " "1, " "1, " "1, " "1, " "1, " "1, " "1, " "1, " "1, " "1, " "1, " "1, " "1, " "1, " "1, " "1, " "1, " "1, " "1, " "1, " "1, " "1, " "1, " "1, " "1, " "1, " "1, " "1, " "1, " "1, " "1, " "1, " "1, " "1, " "1, " "1, " "1, " "1, " "1, " "1, " "1, " "1, " "1, " "1, " "1, " "1, " "1, " "1, " "1, " "1, " "1, " "1, " "1, " "1, " "1, " "1, " "1, " "1, " "1, " "1, " "1, " "1, " "1, " "1, " "1, " "1, " "1, " "1, " "1, " "1, " "1, " "1, " "1, " "1, " "1, " "1, " "1, " "1, " "1, " "1, " "1, " "1, " "1, " "1, " "1, " "1, " "1, " "1, " "1, "0
 "Nei27, 0.059, " "0.506, " "1, " "1, " "1, " "1, " "1, " "1, " "1, " "1, " "1, " "1, " "1, " "1, " "1, " "1, " "1, " "1, " "1, " "1, " "1, " "1, " "1, " "1, " "1, " "1, " "1, " "1, " "1, " "0, " "1, " "1, " "1, " "1, " "1, " "1, " "1, " "1, " "1, " "1, " "1, " "1, " "1, " "1, " "1, " "1, " "1, " "1, " "1, " "1, " "1, " "1, " "1, " "1, " "1, " "1, " "1, " "1, " "1, " "1, " "1, " "1, " "1, " "1, " "1, " "1, " "1, " "1, " "1, " "1, " "1, " "1, " "1, " "1, " "1, " "1, " "1, " "1, " "1, " "1, " "1, " "1, " "1, " "1, " "1, " "1, " "1, " "1, " "1, " "1, " "1, " "1, " "1, " "1, " "1, " "1, " "1, " "1, " "1, " "1, " "1, " "1, " "1, " "1, " "1, " "1, " "1, " "1, " "1, " "1, " "1, " "1, " "1, " "1, " "1, " "1, " "1, " "1, " "1, " "1, " "1, " "1, " "1, " "1, " "1, " "1, " "1, " "1, " "1, " "1, " "1, "0
 "Nei28, 0.176, " "0.919, " "1, " "1, " "1, " "1, " "1, " "1, " "1, " "1, " "1, " "1, " "1, " "1, " "1, " "1, " "1, " "1, " "1, " "1, " "1, " "1, " "1, " "1, " "1, " "1, " "1, " "1, " "1, " "1, " "0, " "1, " "1, " "1, " "1, " "1, " "1, " "1, " "1, " "1, " "1, " "1, " "1, " "1, " "1, " "1, " "1, " "1, " "1, " "1, " "1, " "1, " "1, " "1, " "1, " "1, " "1, " "1, " "1, " "1, " "1, " "1, " "1, " "1, " "1, " "1, " "1, " "1, " "1, " "1, " "1, " "1, " "1, " "1, " "1, " "1, " "1, " "1, " "1, " "1, " "1, " "1, " "1, " "1, " "1, " "1, " "1, " "1, " "1, " "1, " "1, " "1, " "1, " "1, " "1, " "1, " "1, " "1, " "1, " "1, " "1, " "1, " "1, " "1, " "1, " "1, " "1, " "1, " "1, " "1, " "1, " "1, " "1, " "1, " "1, " "1, " "1, " "1, " "1, " "1, " "1, " "1, " "1, " "1, " "1, " "1, " "1, " "1, " "1, " "1, " "1, "0
 "Nei29, 0.313, " "-0.808, " "1, " "1, " "1, " "1, " "1, " "1, " "1, " "1, " "1, " "1, " "1, " "1, " "1, " "1, " "1, " "1, " "1, " "1, " "1, " "1, " "1, " "1, " "1, " "1, " "1, " "1, " "1, " "1, " "1, " "0, " "1, " "1, " "1, " "1, " "1, " "1, " "1, " "1, " "1, " "1, " "1, " "1, " "1, " "1, " "1, " "1, " "1, " "1, " "1, " "1, " "1, " "1, " "1, " "1, " "1, " "1, " "1, " "1, " "1, " "1, " "1, " "1, " "1, " "1, " "1, " "1, " "1, " "1, " "1, " "1, " "1, " "1, " "1, " "1, " "1, " "1, " "1, " "1, " "1, " "1, " "1, " "1, " "1, " "1, " "1, " "1, " "1, " "1, " "1, " "1, " "1, " "1, " "1, " "1, " "1, " "1, " "1, " "1, " "1, " "1, " "1, " "1, " "1, " "1, " "1, " "1, " "1, " "1, " "1, " "1, " "1, " "1, " "1, " "1, " "1, " "1, " "1, " "1, " "1, " "1, " "1, " "1, " "1, " "1, " "1, " "1, " "1, " "1, " "1, "0
 "Nei30, 0.062, " "-0.901, " "1, " "1, " "1, " "1, " "1, " "1, " "1, " "1, " "1, " "1, " "1, " "1, " "1, " "1, " "1, " "1, " "1, " "1, " "1, " "1, " "1, " "1, " "1, " "1, " "1, " "1, " "1, " "1, " "1, " "1, " "0, " "1, " "1, " "1, " "1, " "1, " "1, " "1, " "1, " "1, " "1, " "1, " "1, " "1, " "1, " "1, " "1, " "1, " "1, " "1, " "1, " "1, " "1, " "1, " "1, " "1, " "1, " "1, " "1, " "1, " "1, " "1, " "1, " "1, " "1, " "1, " "1, " "1, " "1, " "1, " "1, " "1, " "1, " "1, " "1, " "1, " "1, " "1, " "1, " "1, " "1, " "1, " "1, " "1, " "1, " "1, " "1, " "1, " "1, " "1, " "1, " "1, " "1, " "1, " "1, " "1, " "1, " "1, " "1, " "1, " "1, " "1, " "1, " "1, " "1, " "1, " "1, " "1, " "1, " "1, " "1, " "1, " "1, " "1, " "1, " "1, " "1, " "1, " "1, " "1, " "1, " "1, " "1, " "1, " "1, " "1, " "1, " "1, " "1, "0
 "Nei31, 0.117, " "0.969, " "1, " "1, " "1, " "1, " "1, " "1, " "1, " "1, " "1, " "1, " "1, " "1, " "1, " "1, " "1, " "1, " "1, " "1, " "1, " "1, " "1, " "1, " "1, " "1, " "1, " "1, " "1, " "1, " "1, " "1, " "1, " "0, " "1, " "1, " "1, " "1, " "1, " "1, " "1, " "1, " "1, " "1, " "1, " "1, " "1, " "1, " "1, " "1, " "1, " "1, " "1, " "1, " "1, " "1, " "1, " "1, " "1, " "1, " "1, " "1, " "1, " "1, " "1, " "1, " "1, " "1, " "1, " "1, " "1, " "1, " "1, " "1, " "1, " "1, " "1, " "1, " "1, " "1, " "1, " "1, " "1, " "1, " "1, " "1, " "1, " "1, " "1, " "1, " "1, " "1, " "1, " "1, " "1, " "1, " "1, " "1, " "1, " "1, " "1, " "1, " "1, " "1, " "1, " "1, " "1, " "1, " "1, " "1, " "1, " "1, " "1, " "1, " "1, " "1, " "1, " "1, " "1, " "1, " "1, " "1, " "1, " "1, " "1, " "1, " "1, " "1, " "1, " "1, " "1, "0
 "Nei32, 0.153, " "-0.183, " "1, " "1, " "1, " "1, " "1, " "1, " "1, " "1, " "1, " "1, " "1, " "1, " "1, " "1, " "1, " "1, " "1, " "1, " "1, " "1, " "1, " "1, " "1, " "1, " "1, " "1, " "1, " "1, " "1, " "1, " "1, " "1, " "0, " "1, " "1, " "1, " "1, " "1, " "1, " "1, " "1, " "1, " "1, " "1, " "1, " "1, " "1, " "1, " "1, " "1, " "1, " "1, " "1, " "1, " "1, " "1, " "1, " "1, " "1, " "1, " "1, " "1, " "1, " "1, " "1, " "1, " "1, " "1, " "1, " "1, " "1, " "1, " "1, " "1, " "1, " "1, " "1, " "1, " "1, " "1, " "1, " "1, " "1, " "1, " "1, " "1, " "1, " "1, " "1, " "1, " "1, " "1, " "1, " "1, " "1, " "1, " "1, " "1, " "1, " "1, " "1, " "1, " "1, " "1, " "1, " "1, " "1, " "1, " "1, " "1, " "1, " "1, " "1, " "1, " "1, " "1, " "1, " "1, " "1, " "1, " "1, " "1, " "1, " "1, " "1, " "1, " "1, " "1, " "1, "0
 "Nei33, 0.093, " "-0.784, " "1, " "1, " "1, " "1, " "1, " "1, " "1, " "1, " "1, " "1, " "1, " "1, " "1, " "1, " "1, " "1, " "1, " "1, " "1, " "1, " "1, " "1, " "1, " "1, " "1, " "1, " "1, " "1, " "1, " "1, " "1, " "1, " "1, " "0, " "1, " "1, " "1, " "1, " "1, " "1, " "1, " "1, " "1, " "1, " "1, " "1, " "1, " "1, " "1, " "1, " "1, " "1, " "1, " "1, " "1, " "1, " "1, " "1, " "1, " "1, " "1, " "1, " "1, " "1, " "1, " "1, " "1, " "1, " "1, " "1, " "1, " "1, " "1, " "1, " "1, " "1, " "1, " "1, " "1, " "1, " "1, " "1, " "1, " "1, " "1, " "1, " "1, " "1, " "1, " "1, " "1, " "1, " "1, " "1, " "1, " "1, " "1, " "1, " "1, " "1, " "1, " "1, " "1, " "1, " "1, " "1, " "1, " "1, " "1, " "1, " "1, " "1, " "1, " "1, " "1, " "1, " "1, " "1, " "1, " "1, " "1, " "1, " "1, " "1, " "1, " "1, " "1, " "1, " "1, "0
 "Nei34, 0.394, " "-0.167, " "1, " "1, " "1, " "1, " "1, " "1, " "1, " "1, " "1, " "1, " "1, " "1, " "1, " "1, " "1, " "1, " "1, " "1, " "1, " "1, " "1, " "1, " "1, " "1, " "1, " "1, " "1, " "1, " "1, " "1, " "1, " "1, " "1, " "1, " "0, " "1, " "1, " "1, " "1, " "1, " "1, " "1, " "1, " "1, " "1, " "1, " "1, " "1, " "1, " "1, " "1, " "1, " "1, " "1, " "1, " "1, " "1, " "1, " "1, " "1, " "1, " "1, " "1, " "1, " "1, " "1, " "1, " "1, " "1, " "1, " "1, " "1, " "1, " "1, " "1, " "1, " "1, " "1, " "1, " "1, " "1, " "1, " "1, " "1, " "1, " "1, " "1, " "1, " "1, " "1, " "1, " "1, " "1, " "1, " "1, " "1, " "1, " "1, " "1, " "1, " "1, " "1, " "1, " "1, " "1, " "1, " "1, " "1, " "1, " "1, " "1, " "1, " "1, " "1, " "1, " "1, " "1, " "1, " "1, " "1, " "1, " "1, " "1, " "1, " "1, " "1, " "1, " "1, " "1, "0
 "Nei35, 0.159, " "-0.256, " "1, " "1, " "1, " "1, " "1, " "1, " "1, " "1, " "1, " "1, " "1, " "1, " "1, " "1, " "1, " "1, " "1, " "1, " "1, " "1, " "1, " "1, " "1, " "1, " "1, " "1, " "1, " "1, " "1, " "1, " "1, " "1, " "1, " "1, " "1, " "0, " "1, " "1, " "1, " "1, " "1, " "1, " "1, " "1, " "1, " "1, " "1, " "1, " "1, " "1, " "1, " "1, " "1, " "1, " "1, " "1, " "1, " "1, " "1, " "1, " "1, " "1, " "1, " "1, " "1, " "1, " "1, " "1, " "1, " "1, " "1, " "1, " "1, " "1, " "1, " "1, " "1, " "1, " "1, " "1, " "1, " "1, " "1, " "1, " "1, " "1, " "1, " "1, " "1, " "1, " "1, " "1, " "1, " "1, " "1, " "1, " "1, " "1, " "1, " "1, " "1, " "1, " "1, " "1, " "1, " "1, " "1, " "1, " "1, " "1, " "1, " "1, " "1, " "1, " "1, " "1, " "1, " "1, " "1, " "1, " "1, " "1, " "1, " "1, " "1, " "1, " "1, " "1, " "1, "0
 "Nei36, 0.296, " "0.72, " "1, " "1, " "1, " "1, " "1, " "1, " "1, " "1, " "1, " "1, " "1, " "1, " "1, " "1, " "1, " "1, " "1, " "1, " "1, " "1, " "1, " "1, " "1, " "1, " "1, " "1, " "1, " "1, " "1, " "1, " "1, " "1, " "1, " "1, " "1, " "1, " "0, " "1, " "1, " "1, " "1, " "1, " "1, " "1, " "1, " "1, " "1, " "1, " "1, " "1, " "1, " "1, " "1, " "1, " "1, " "1, " "1, " "1, " "1, " "1, " "1, " "1, " "1, " "1, " "1, " "1, " "1, " "1, " "1, " "1, " "1, " "1, " "1, " "1, " "1, " "1, " "1, " "1, " "1, " "1, " "1, " "1, " "1, " "1, " "1, " "1, " "1, " "1, " "1, " "1, " "1, " "1, " "1, " "1, " "1, " "1, " "1, " "1, " "1, " "1, " "1, " "1, " "1, " "1, " "1, " "1, " "1, " "1, " "1, " "1, " "1, " "1, " "1, " "1, " "1, " "1, " "1, " "1, " "1, " "1, " "1, " "1, " "1, " "1, " "1, " "1, " "1, " "1, " "1, "0
 "Nei37, 0.277, " "0.99, " "1, " "1, " "1, " "1, " "1, " "1, " "1, " "1, " "1, " "1, " "1, " "1, " "1, " "1, " "1, " "1, " "1, " "1, " "1, " "1, " "1, " "1, " "1, " "1, " "1, " "1, " "1, " "1, " "1, " "1, " "1, " "1, " "1, " "1, " "1, " "1, " "1, " "0, " "1, " "1, " "1, " "1, " "1, " "1, " "1, " "1, " "1, " "1, " "1, " "1, " "1, " "1, " "1, " "1, " "1, " "1, " "1, " "1, " "1, " "1, " "1, " "1, " "1, " "1, " "1, " "1, " "1, " "1, " "1, " "1, " "1, " "1, " "1, " "1, " "1, " "1, " "1, " "1, " "1, " "1, " "1, " "1, " "1, " "1, " "1, " "1, " "1, " "1, " "1, " "1, " "1, " "1, " "1, " "1, " "1, " "1, " "1, " "1, " "1, " "1, " "1, " "1, " "1, " "1, " "1, " "1, " "1, " "1, " "1, " "1, " "1, " "1, " "1, " "1, " "1, " "1, " "1, " "1, " "1, " "1, " "1, " "1, " "1, " "1, " "1, " "1, " "1, " "1, " "1, "0
 "Nei38, 0.165, " "-0.501, " "1, " "1, " "1, " "1, " "1, " "1, " "1, " "1, " "1, " "1, " "1, " "1, " "1, " "1, " "1, " "1, " "1, " "1, " "1, " "1, " "1, " "1, " "1, " "1, " "1, " "1, " "1, " "1, " "1, " "1, " "1, " "1, " "1, " "1, " "1, " "1, " "1, " "1, " "0, " "1, " "1, " "1, " "1, " "1, " "1, " "1, " "1, " "1, " "1, " "1, " "1, " "1, " "1, " "1, " "1, " "1, " "1, " "1, " "1, " "1, " "1, " "1, " "1, " "1, " "1, " "1, " "1, " "1, " "1, " "1, " "1, " "1, " "1, " "1, " "1, " "1, " "1, " "1, " "1, " "1, " "1, " "1, " "1, " "1, " "1, " "1, " "1, " "1, " "1, " "1, " "1, " "1, " "1, " "1, " "1, " "1, " "1, " "1, " "1, " "1, " "1, " "1, " "1, " "1, " "1, " "1, " "1, " "1, " "1, " "1, " "1, " "1, " "1, " "1, " "1, " "1, " "1, " "1, " "1, " "1, " "1, " "1, " "1, " "1, " "1, " "1, " "1, " "1, " "1, "0
 "Nei39, 0.247, " "-0.212, " "1, " "1, " "1, " "1, " "1, " "1, " "1, " "1, " "1, " "1, " "1, " "1, " "1, " "1, " "1, " "1, " "1, " "1, " "1, " "1, " "1, " "1, " "1, " "1, " "1, " "1, " "1, " "1, " "1, " "1, " "1, " "1, " "1, " "1, " "1, " "1, " "1, " "1, " "1, " "0, " "1, " "1, " "1, " "1, " "1, " "1, " "1, " "1, " "1, " "1, " "1, " "1, " "1, " "1, " "1, " "1, " "1, " "1, " "1, " "1, " "1, " "1, " "1, " "1, " "1, " "1, " "1, " "1, " "1, " "1, " "1, " "1, " "1, " "1, " "1, " "1, " "1, " "1, " "1, " "1, " "1, " "1, " "1, " "1, " "1, " "1, " "1, " "1, " "1, " "1, " "1, " "1, " "1, " "1, " "1, " "1, " "1, " "1, " "1, " "1, " "1, " "1, " "1, " "1, " "1, " "1, " "1, " "1, " "1, " "1, " "1, " "1, " "1, " "1, " "1, " "1, " "1, " "1, " "1, " "1, " "1, " "1, " "1, " "1, " "1, " "1, " "1, " "1, " "1, "0
 "Nei40, 0.376, " "-0.338, " "1, " "1, " "1, " "1, " "1, " "1, " "1, " "1, " "1, " "1, " "1, " "1, " "1, " "1, " "1, " "1, " "1, " "1, " "1, " "1, " "1, " "1, " "1, " "1, " "1, " "1, " "1, " "1, " "1, " "1, " "1, " "1, " "1, " "1, " "1, " "1, " "1, " "1, " "1, " "1, " "0, " "1, " "1, " "1, " "1, " "1, " "1, " "1, " "1, " "1, " "1, " "1, " "1, " "1, " "1, " "1, " "1, " "1, " "1, " "1, " "1, " "1, " "1, " "1, " "1, " "1, " "1, " "1, " "1, " "1, " "1, " "1, " "1, " "1, " "1, " "1, " "1, " "1, " "1, " "1, " "1, " "1, " "1, " "1, " "1, " "1, " "1, " "1, " "1, " "1, " "1, " "1, " "1, " "1, " "1, " "1, " "1, " "1, " "1, " "1, " "1, " "1, " "1, " "1, " "1, " "1, " "1, " "1, " "1, " "1, " "1, " "1, " "1, " "1, " "1, " "1, " "1, " "1, " "1, " "1, " "1, " "1, " "1, " "1, " "1, " "1, " "1, " "1, " "1, "0
 "Nei41, 0.205, " "-0.62, " "1, " "1, " "1, " "1, " "1, " "1, " "1, " "1, " "1, " "1, " "1, " "1, " "1, " "1, " "1, " "1, " "1, " "1, " "1, " "1, " "1, " "1, " "1, " "1, " "1, " "1, " "1, " "1, " "1, " "1, " "1, " "1, " "1, " "1, " "1, " "1, " "1, " "1, " "1, " "1, " "1, " "0, " "1, " "1, " "1, " "1, " "1, " "1, " "1, " "1, " "1, " "1, " "1, " "1, " "1, " "1, " "1, " "1, " "1, " "1, " "1, " "1, " "1, " "1, " "1, " "1, " "1, " "1, " "1, " "1, " "1, " "1, " "1, " "1, " "1, " "1, " "1, " "1, " "1, " "1, " "1, " "1, " "1, " "1, " "1, " "1, " "1, " "1, " "1, " "1, " "1, " "1, " "1, " "1, " "1, " "1, " "1, " "1, " "1, " "1, " "1, " "1, " "1, " "1, " "1, " "1, " "1, " "1, " "1, " "1, " "1, " "1, " "1, " "1, " "1, " "1, " "1, " "1, " "1, " "1, " "1, " "1, " "1, " "1, " "1, " "1, " "1, " "1, " "1, "0
 "Nei42, 0.388, " "-0.399, " "1, " "1, " "1, " "1, " "1, " "1, " "1, " "1, " "1, " "1, " "1, " "1, " "1, " "1, " "1, " "1, " "1, " "1, " "1, " "1, " "1, " "1, " "1, " "1, " "1, " "1, " "1, " "1, " "1, " "1, " "1, " "1, " "1, " "1, " "1, " "1, " "1, " "1, " "1, " "1, " "1, " "1, " "0, " "1, " "1, " "1, " "1, " "1, " "1, " "1, " "1, " "1, " "1, " "1, " "1, " "1, " "1, " "1, " "1, " "1, " "1, " "1, " "1, " "1, " "1, " "1, " "1, " "1, " "1, " "1, " "1, " "1, " "1, " "1, " "1, " "1, " "1, " "1, " "1, " "1, " "1, " "1, " "1, " "1, " "1, " "1, " "1, " "1, " "1, " "1, " "1, " "1, " "1, " "1, " "1, " "1, " "1, " "1, " "1, " "1, " "1, " "1, " "1, " "1, " "1, " "1, " "1, " "1, " "1, " "1, " "1, " "1, " "1, " "1, " "1, " "1, " "1, " "1, " "1, " "1, " "1, " "1, " "1, " "1, " "1, " "1, " "1, " "1, " "1, "0
 "Nei43, 0.257, " "-0.317, " "1, " "1, " "1, " "1, " "1, " "1, " "1, " "1, " "1, " "1, " "1, " "1, " "1, " "1, " "1, " "1, " "1, " "1, " "1, " "1, " "1, " "1, " "1, " "1, " "1, " "1, " "1, " "1, " "1, " "1, " "1, " "1, " "1, " "1, " "1, " "1, " "1, " "1, " "1, " "1, " "1, " "1, " "1, " "0, " "1, " "1, " "1, " "1, " "1, " "1, " "1, " "1, " "1, " "1, " "1, " "1, " "1, " "1, " "1, " "1, " "1, " "1, " "1, " "1, " "1, " "1, " "1, " "1, " "1, " "1, " "1, " "1, " "1, " "1, " "1, " "1, " "1, " "1, " "1, " "1, " "1, " "1, " "1, " "1, " "1, " "1, " "1, " "1, " "1, " "1, " "1, " "1, " "1, " "1, " "1, " "1, " "1, " "1, " "1, " "1, " "1, " "1, " "1, " "1, " "1, " "1, " "1, " "1, " "1, " "1, " "1, " "1, " "1, " "1, " "1, " "1, " "1, " "1, " "1, " "1, " "1, " "1, " "1, " "1, " "1, " "1, " "1, " "1, " "1, "0
 "Nei44, 0.085, " "0.959, " "1, " "1, " "1, " "1, " "1, " "1, " "1, " "1, " "1, " "1, " "1, " "1, " "1, " "1, " "1, " "1, " "1, " "1, " "1, " "1, " "1, " "1, " "1, " "1, " "1, " "1, " "1, " "1, " "1, " "1, " "1, " "1, " "1, " "1, " "1, " "1, " "1, " "1, " "1, " "1, " "1, " "1, " "1, " "1, " "0, " "1, " "1, " "1, " "1, " "1, " "1, " "1, " "1, " "1, " "1, " "1, " "1, " "1, " "1, " "1, " "1, " "1, " "1, " "1, " "1, " "1, " "1, " "1, " "1, " "1, " "1, " "1, " "1, " "1, " "1, " "1, " "1, " "1, " "1, " "1, " "1, " "1, " "1, " "1, " "1, " "1, " "1, " "1, " "1, " "1, " "1, " "1, " "1, " "1, " "1, " "1, " "1, " "1, " "1, " "1, " "1, " "1, " "1, " "1, " "1, " "1, " "1, " "1, " "1, " "1, " "1, " "1, " "1, " "1, " "1, " "1, " "1, " "1, " "1, " "1, " "1, " "1, " "1, " "1, " "1, " "1, " "1, " "1, " "1, "0
 "Nei45, 0.073, " "-0.666, " "1, " "1, " "1, " "1, " "1, " "1, " "1, " "1, " "1, " "1, " "1, " "1, " "1, " "1, " "1, " "1, " "1, " "1, " "1, " "1, " "1, " "1, " "1, " "1, " "1, " "1, " "1, " "1, " "1, " "1, " "1, " "1, " "1, " "1, " "1, " "1, " "1, " "1, " "1, " "1, " "1, " "1, " "1, " "1, " "1, " "0, " "1, " "1, " "1, " "1, " "1, " "1, " "1, " "1, " "1, " "1, " "1, " "1, " "1, " "1, " "1, " "1, " "1, " "1, " "1, " "1, " "1, " "1, " "1, " "1, " "1, " "1, " "1, " "1, " "1, " "1, " "1, " "1, " "1, " "1, " "1, " "1, " "1, " "1, " "1, " "1, " "1, " "1, " "1, " "1, " "1, " "1, " "1, " "1, " "1, " "1, " "1, " "1, " "1, " "1, " "1, " "1, " "1, " "1, " "1, " "1, " "1, " "1, " "1, " "1, " "1, " "1, " "1, " "1, " "1, " "1, " "1, " "1, " "1, " "1, " "1, " "1, " "1, " "1, " "1, " "1, " "1, " "1, " "1, "0
 "Nei46, 0.021, " "0.926, " "1, " "1, " "1, " "1, " "1, " "1, " "1, " "1, " "1, " "1, " "1, " "1, " "1, " "1, " "1, " "1, " "1, " "1, " "1, " "1, " "1, " "1, " "1, " "1, " "1, " "1, " "1, " "1, " "1, " "1, " "1, " "1, " "1, " "1, " "1, " "1, " "1, " "1, " "1, " "1, " "1, " "1, " "1, " "1, " "1, " "1, " "0, " "1, " "1, " "1, " "1, " "1, " "1, " "1, " "1, " "1, " "1, " "1, " "1, " "1, " "1, " "1, " "1, " "1, " "1, " "1, " "1, " "1, " "1, " "1, " "1, " "1, " "1, " "1, " "1, " "1, " "1, " "1, " "1, " "1, " "1, " "1, " "1, " "1, " "1, " "1, " "1, " "1, " "1, " "1, " "1, " "1, " "1, " "1, " "1, " "1, " "1, " "1, " "1, " "1, " "1, " "1, " "1, " "1, " "1, " "1, " "1, " "1, " "1, " "1, " "1, " "1, " "1, " "1, " "1, " "1, " "1, " "1, " "1, " "1, " "1, " "1, " "1, " "1, " "1, " "1, " "1, " "1, " "1, "0
 "Nei47, 0.018, " "-0.844, " "1, " "1, " "1, " "1, " "1, " "1, " "1, " "1, " "1, " "1, " "1, " "1, " "1, " "1, " "1, " "1, " "1, " "1, " "1, " "1, " "1, " "1, " "1, " "1, " "1, " "1, " "1, " "1, " "1, " "1, " "1, " "1, " "1, " "1, " "1, " "1, " "1, " "1, " "1, " "1, " "1, " "1, " "1, " "1, " "1, " "1, " "1, " "0, " "1, " "1, " "1, " "1, " "1, " "1, " "1, " "1, " "1, " "1, " "1, " "1, " "1, " "1, " "1, " "1, " "1, " "1, " "1, " "1, " "1, " "1, " "1, " "1, " "1, " "1, " "1, " "1, " "1, " "1, " "1, " "1, " "1, " "1, " "1, " "1, " "1, " "1, " "1, " "1, " "1, " "1, " "1, " "1, " "1, " "1, " "1, " "1, " "1, " "1, " "1, " "1, " "1, " "1, " "1, " "1, " "1, " "1, " "1, " "1, " "1, " "1, " "1, " "1, " "1, " "1, " "1, " "1, " "1, " "1, " "1, " "1, " "1, " "1, " "1, " "1, " "1, " "1, " "1, " "1, " "1, "0
 "Nei48, 0.055, " "-0.241, " "1, " "1, " "1, " "1, " "1, " "1, " "1, " "1, " "1, " "1, " "1, " "1, " "1, " "1, " "1, " "1, " "1, " "1, " "1, " "1, " "1, " "1, " "1, " "1, " "1, " "1, " "1, " "1, " "1, " "1, " "1, " "1, " "1, " "1, " "1, " "1, " "1, " "1, " "1, " "1, " "1, " "1, " "1, " "1, " "1, " "1, " "1, " "1, " "0, " "1, " "1, " "1, " "1, " "1, " "1, " "1, " "1, " "1, " "1, " "1, " "1, " "1, " "1, " "1, " "1, " "1, " "1, " "1, " "1, " "1, " "1, " "1, " "1, " "1, " "1, " "1, " "1, " "1, " "1, " "1, " "1, " "1, " "1, " "1, " "1, " "1, " "1, " "1, " "1, " "1, " "1, " "1, " "1, " "1, " "1, " "1, " "1, " "1, " "1, " "1, " "1, " "1, " "1, " "1, " "1, " "1, " "1, " "1, " "1, " "1, " "1, " "1, " "1, " "1, " "1, " "1, " "1, " "1, " "1, " "1, " "1, " "1, " "1, " "1, " "1, " "1, " "1, " "1, " "1, "0
 "Nei49, 0.103, " "0.706, " "1, " "1, " "1, " "1, " "1, " "1, " "1, " "1, " "1, " "1, " "1, " "1, " "1, " "1, " "1, " "1, " "1, " "1, " "1, " "1, " "1, " "1, " "1, " "1, " "1, " "1, " "1, " "1, " "1, " "1, " "1, " "1, " "1, " "1, " "1, " "1, " "1, " "1, " "1, " "1, " "1, " "1, " "1, " "1, " "1, " "1, " "1, " "1, " "1, " "0, " "1, " "1, " "1, " "1, " "1, " "1, " "1, " "1, " "1, " "1, " "1, " "1, " "1, " "1, " "1, " "1, " "1, " "1, " "1, " "1, " "1, " "1, " "1, " "1, " "1, " "1, " "1, " "1, " "1, " "1, " "1, " "1, " "1, " "1, " "1, " "1, " "1, " "1, " "1, " "1, " "1, " "1, " "1, " "1, " "1, " "1, " "1, " "1, " "1, " "1, " "1, " "1, " "1, " "1, " "1, " "1, " "1, " "1, " "1, " "1, " "1, " "1, " "1, " "1, " "1, " "1, " "1, " "1, " "1, " "1, " "1, " "1, " "1, " "1, " "1, " "1, " "1, " "1, " "1, "0
 "Nei50, 0.003, " "-0.984, " "1, " "1, " "1, " "1, " "1, " "1, " "1, " "1, " "1, " "1, " "1, " "1, " "1, " "1, " "1, " "1, " "1, " "1, " "1, " "1, " "1, " "1, " "1, " "1, " "1, " "1, " "1, " "1, " "1, " "1, " "1, " "1, " "1, " "1, " "1, " "1, " "1, " "1, " "1, " "1, " "1, " "1, " "1, " "1, " "1, " "1, " "1, " "1, " "1, " "1, " "0, " "1, " "1, " "1, " "1, " "1, " "1, " "1, " "1, " "1, " "1, " "1, " "1, " "1, " "1, " "1, " "1, " "1, " "1, " "1, " "1, " "1, " "1, " "1, " "1, " "1, " "1, " "1, " "1, " "1, " "1, " "1, " "1, " "1, " "1, " "1, " "1, " "1, " "1, " "1, " "1, " "1, " "1, " "1, " "1, " "1, " "1, " "1, " "1, " "1, " "1, " "1, " "1, " "1, " "1, " "1, " "1, " "1, " "1, " "1, " "1, " "1, " "1, " "1, " "1, " "1, " "1, " "1, " "1, " "1, " "1, " "1, " "1, " "1, " "1, " "1, " "1, " "1, " "1, "0
 "Nei51, 0.309, " "-0.631, " "1, " "1, " "1, " "1, " "1, " "1, " "1, " "1, " "1, " "1, " "1, " "1, " "1, " "1, " "1, " "1, " "1, " "1, " "1, " "1, " "1, " "1, " "1, " "1, " "1, " "1, " "1, " "1, " "1, " "1, " "1, " "1, " "1, " "1, " "1, " "1, " "1, " "1, " "1, " "1, " "1, " "1, " "1, " "1, " "1, " "1, " "1, " "1, " "1, " "1, " "1, " "0, " "1, " "1, " "1, " "1, " "1, " "1, " "1, " "1, " "1, " "1, " "1, " "1, " "1, " "1, " "1, " "1, " "1, " "1, " "1, " "1, " "1, " "1, " "1, " "1, " "1, " "1, " "1, " "1, " "1, " "1, " "1, " "1, " "1, " "1, " "1, " "1, " "1, " "1, " "1, " "1, " "1, " "1, " "1, " "1, " "1, " "1, " "1, " "1, " "1, " "1, " "1, " "1, " "1, " "1, " "1, " "1, " "1, " "1, " "1, " "1, " "1, " "1, " "1, " "1, " "1, " "1, " "1, " "1, " "1, " "1, " "1, " "1, " "1, " "1, " "1, " "1, " "1, "0
 "Nei52, 0.157, " "-0.971, " "1, " "1, " "1, " "1, " "1, " "1, " "1, " "1, " "1, " "1, " "1, " "1, " "1, " "1, " "1, " "1, " "1, " "1, " "1, " "1, " "1, " "1, " "1, " "1, " "1, " "1, " "1, " "1, " "1, " "1, " "1, " "1, " "1, " "1, " "1, " "1, " "1, " "1, " "1, " "1, " "1, " "1, " "1, " "1, " "1, " "1, " "1, " "1, " "1, " "1, " "1, " "1, " "0, " "1, " "1, " "1, " "1, " "1, " "1, " "1, " "1, " "1, " "1, " "1, " "1, " "1, " "1, " "1, " "1, " "1, " "1, " "1, " "1, " "1, " "1, " "1, " "1, " "1, " "1, " "1, " "1, " "1, " "1, " "1, " "1, " "1, " "1, " "1, " "1, " "1, " "1, " "1, " "1, " "1, " "1, " "1, " "1, " "1, " "1, " "1, " "1, " "1, " "1, " "1, " "1, " "1, " "1, " "1, " "1, " "1, " "1, " "1, " "1, " "1, " "1, " "1, " "1, " "1, " "1, " "1, " "1, " "1, " "1, " "1, " "1, " "1, " "1, " "1, " "1, "0
 "Nei53, 0.101, " "0.244, " "1, " "1, " "1, " "1, " "1, " "1, " "1, " "1, " "1, " "1, " "1, " "1, " "1, " "1, " "1, " "1, " "1, " "1, " "1, " "1, " "1, " "1, " "1, " "1, " "1, " "1, " "1, " "1, " "1, " "1, " "1, " "1, " "1, " "1, " "1, " "1, " "1, " "1, " "1, " "1, " "1, " "1, " "1, " "1, " "1, " "1, " "1, " "1, " "1, " "1, " "1, " "1, " "1, " "0, " "1, " "1, " "1, " "1, " "1, " "1, " "1, " "1, " "1, " "1, " "1, " "1, " "1, " "1, " "1, " "1, " "1, " "1, " "1, " "1, " "1, " "1, " "1, " "1, " "1, " "1, " "1, " "1, " "1, " "1, " "1, " "1, " "1, " "1, " "1, " "1, " "1, " "1, " "1, " "1, " "1, " "1, " "1, " "1, " "1, " "1, " "1, " "1, " "1, " "1, " "1, " "1, " "1, " "1, " "1, " "1, " "1, " "1, " "1, " "1, " "1, " "1, " "1, " "1, " "1, " "1, " "1, " "1, " "1, " "1, " "1, " "1, " "1, " "1, " "1, "0
 "Nei54, 0.255, " "0.812, " "1, " "1, " "1, " "1, " "1, " "1, " "1, " "1, " "1, " "1, " "1, " "1, " "1, " "1, " "1, " "1, " "1, " "1, " "1, " "1, " "1, " "1, " "1, " "1, " "1, " "1, " "1, " "1, " "1, " "1, " "1, " "1, " "1, " "1, " "1, " "1, " "1, " "1, " "1, " "1, " "1, " "1, " "1, " "1, " "1, " "1, " "1, " "1, " "1, " "1, " "1, " "1, " "1, " "1, " "0, " "1, " "1, " "1, " "1, " "1, " "1, " "1, " "1, " "1, " "1, " "1, " "1, " "1, " "1, " "1, " "1, " "1, " "1, " "1, " "1, " "1, " "1, " "1, " "1, " "1, " "1, " "1, " "1, " "1, " "1, " "1, " "1, " "1, " "1, " "1, " "1, " "1, " "1, " "1, " "1, " "1, " "1, " "1, " "1, " "1, " "1, " "1, " "1, " "1, " "1, " "1, " "1, " "1, " "1, " "1, " "1, " "1, " "1, " "1, " "1, " "1, " "1, " "1, " "1, " "1, " "1, " "1, " "1, " "1, " "1, " "1, " "1, " "1, " "1, "0
 "Nei55, 0.103, " "0.773, " "1, " "1, " "1, " "1, " "1, " "1, " "1, " "1, " "1, " "1, " "1, " "1, " "1, " "1, " "1, " "1, " "1, " "1, " "1, " "1, " "1, " "1, " "1, " "1, " "1, " "1, " "1, " "1, " "1, " "1, " "1, " "1, " "1, " "1, " "1, " "1, " "1, " "1, " "1, " "1, " "1, " "1, " "1, " "1, " "1, " "1, " "1, " "1, " "1, " "1, " "1, " "1, " "1, " "1, " "1, " "0, " "1, " "1, " "1, " "1, " "1, " "1, " "1, " "1, " "1, " "1, " "1, " "1, " "1, " "1, " "1, " "1, " "1, " "1, " "1, " "1, " "1, " "1, " "1, " "1, " "1, " "1, " "1, " "1, " "1, " "1, " "1, " "1, " "1, " "1, " "1, " "1, " "1, " "1, " "1, " "1, " "1, " "1, " "1, " "1, " "1, " "1, " "1, " "1, " "1, " "1, " "1, " "1, " "1, " "1, " "1, " "1, " "1, " "1, " "1, " "1, " "1, " "1, " "1, " "1, " "1, " "1, " "1, " "1, " "1, " "1, " "1, " "1, " "1, "0
 "Nei56, 0.119, " "-0.069, " "1, " "1, " "1, " "1, " "1, " "1, " "1, " "1, " "1, " "1, " "1, " "1, " "1, " "1, " "1, " "1, " "1, " "1, " "1, " "1, " "1, " "1, " "1, " "1, " "1, " "1, " "1, " "1, " "1, " "1, " "1, " "1, " "1, " "1, " "1, " "1, " "1, " "1, " "1, " "1, " "1, " "1, " "1, " "1, " "1, " "1, " "1, " "1, " "1, " "1, " "1, " "1, " "1, " "1, " "1, " "1, " "0, " "1, " "1, " "1, " "1, " "1, " "1, " "1, " "1, " "1, " "1, " "1, " "1, " "1, " "1, " "1, " "1, " "1, " "1, " "1, " "1, " "1, " "1, " "1, " "1, " "1, " "1, " "1, " "1, " "1, " "1, " "1, " "1, " "1, " "1, " "1, " "1, " "1, " "1, " "1, " "1, " "1, " "1, " "1, " "1, " "1, " "1, " "1, " "1, " "1, " "1, " "1, " "1, " "1, " "1, " "1, " "1, " "1, " "1, " "1, " "1, " "1, " "1, " "1, " "1, " "1, " "1, " "1, " "1, " "1, " "1, " "1, " "1, "0
 "Nei57, 0.203, " "0.937, " "1, " "1, " "1, " "1, " "1, " "1, " "1, " "1, " "1, " "1, " "1, " "1, " "1, " "1, " "1, " "1, " "1, " "1, " "1, " "1, " "1, " "1, " "1, " "1, " "1, " "1, " "1, " "1, " "1, " "1, " "1, " "1, " "1, " "1, " "1, " "1, " "1, " "1, " "1, " "1, " "1, " "1, " "1, " "1, " "1, " "1, " "1, " "1, " "1, " "1, " "1, " "1, " "1, " "1, " "1, " "1, " "1, " "0, " "1, " "1, " "1, " "1, " "1, " "1, " "1, " "1, " "1, " "1, " "1, " "1, " "1, " "1, " "1, " "1, " "1, " "1, " "1, " "1, " "1, " "1, " "1, " "1, " "1, " "1, " "1, " "1, " "1, " "1, " "1, " "1, " "1, " "1, " "1, " "1, " "1, " "1, " "1, " "1, " "1, " "1, " "1, " "1, " "1, " "1, " "1, " "1, " "1, " "1, " "1, " "1, " "1, " "1, " "1, " "1, " "1, " "1, " "1, " "1, " "1, " "1, " "1, " "1, " "1, " "1, " "1, " "1, " "1, " "1, " "1, "0
 "Nei58, 0.271, " "-0.734, " "1, " "1, " "1, " "1, " "1, " "1, " "1, " "1, " "1, " "1, " "1, " "1, " "1, " "1, " "1, " "1, " "1, " "1, " "1, " "1, " "1, " "1, " "1, " "1, " "1, " "1, " "1, " "1, " "1, " "1, " "1, " "1, " "1, " "1, " "1, " "1, " "1, " "1, " "1, " "1, " "1, " "1, " "1, " "1, " "1, " "1, " "1, " "1, " "1, " "1, " "1, " "1, " "1, " "1, " "1, " "1, " "1, " "1, " "0, " "1, " "1, " "1, " "1, " "1, " "1, " "1, " "1, " "1, " "1, " "1, " "1, " "1, " "1, " "1, " "1, " "1, " "1, " "1, " "1, " "1, " "1, " "1, " "1, " "1, " "1, " "1, " "1, " "1, " "1, " "1, " "1, " "1, " "1, " "1, " "1, " "1, " "1, " "1, " "1, " "1, " "1, " "1, " "1, " "1, " "1, " "1, " "1, " "1, " "1, " "1, " "1, " "1, " "1, " "1, " "1, " "1, " "1, " "1, " "1, " "1, " "1, " "1, " "1, " "1, " "1, " "1, " "1, " "1, " "1, "0
 "Nei59, 0.343, " "0.442, " "1, " "1, " "1, " "1, " "1, " "1, " "1, " "1, " "1, " "1, " "1, " "1, " "1, " "1, " "1, " "1, " "1, " "1, " "1, " "1, " "1, " "1, " "1, " "1, " "1, " "1, " "1, " "1, " "1, " "1, " "1, " "1, " "1, " "1, " "1, " "1, " "1, " "1, " "1, " "1, " "1, " "1, " "1, " "1, " "1, " "1, " "1, " "1, " "1, " "1, " "1, " "1, " "1, " "1, " "1, " "1, " "1, " "1, " "1, " "0, " "1, " "1, " "1, " "1, " "1, " "1, " "1, " "1, " "1, " "1, " "1, " "1, " "1, " "1, " "1, " "1, " "1, " "1, " "1, " "1, " "1, " "1, " "1, " "1, " "1, " "1, " "1, " "1, " "1, " "1, " "1, " "1, " "1, " "1, " "1, " "1, " "1, " "1, " "1, " "1, " "1, " "1, " "1, " "1, " "1, " "1, " "1, " "1, " "1, " "1, " "1, " "1, " "1, " "1, " "1, " "1, " "1, " "1, " "1, " "1, " "1, " "1, " "1, " "1, " "1, " "1, " "1, " "1, " "1, "0
 "Nei60, 0.233, " "0.765, " "1, " "1, " "1, " "1, " "1, " "1, " "1, " "1, " "1, " "1, " "1, " "1, " "1, " "1, " "1, " "1, " "1, " "1, " "1, " "1, " "1, " "1, " "1, " "1, " "1, " "1, " "1, " "1, " "1, " "1, " "1, " "1, " "1, " "1, " "1, " "1, " "1, " "1, " "1, " "1, " "1, " "1, " "1, " "1, " "1, " "1, " "1, " "1, " "1, " "1, " "1, " "1, " "1, " "1, " "1, " "1, " "1, " "1, " "1, " "1, " "0, " "1, " "1, " "1, " "1, " "1, " "1, " "1, " "1, " "1, " "1, " "1, " "1, " "1, " "1, " "1, " "1, " "1, " "1, " "1, " "1, " "1, " "1, " "1, " "1, " "1, " "1, " "1, " "1, " "1, " "1, " "1, " "1, " "1, " "1, " "1, " "1, " "1, " "1, " "1, " "1, " "1, " "1, " "1, " "1, " "1, " "1, " "1, " "1, " "1, " "1, " "1, " "1, " "1, " "1, " "1, " "1, " "1, " "1, " "1, " "1, " "1, " "1, " "1, " "1, " "1, " "1, " "1, " "1, "0
 "Nei61, 0.358, " "-0.785, " "1, " "1, " "1, " "1, " "1, " "1, " "1, " "1, " "1, " "1, " "1, " "1, " "1, " "1, " "1, " "1, " "1, " "1, " "1, " "1, " "1, " "1, " "1, " "1, " "1, " "1, " "1, " "1, " "1, " "1, " "1, " "1, " "1, " "1, " "1, " "1, " "1, " "1, " "1, " "1, " "1, " "1, " "1, " "1, " "1, " "1, " "1, " "1, " "1, " "1, " "1, " "1, " "1, " "1, " "1, " "1, " "1, " "1, " "1, " "1, " "1, " "0, " "1, " "1, " "1, " "1, " "1, " "1, " "1, " "1, " "1, " "1, " "1, " "1, " "1, " "1, " "1, " "1, " "1, " "1, " "1, " "1, " "1, " "1, " "1, " "1, " "1, " "1, " "1, " "1, " "1, " "1, " "1, " "1, " "1, " "1, " "1, " "1, " "1, " "1, " "1, " "1, " "1, " "1, " "1, " "1, " "1, " "1, " "1, " "1, " "1, " "1, " "1, " "1, " "1, " "1, " "1, " "1, " "1, " "1, " "1, " "1, " "1, " "1, " "1, " "1, " "1, " "1, " "1, "0
 "Nei62, 0.07, " "-0.024, " "1, " "1, " "1, " "1, " "1, " "1, " "1, " "1, " "1, " "1, " "1, " "1, " "1, " "1, " "1, " "1, " "1, " "1, " "1, " "1, " "1, " "1, " "1, " "1, " "1, " "1, " "1, " "1, " "1, " "1, " "1, " "1, " "1, " "1, " "1, " "1, " "1, " "1, " "1, " "1, " "1, " "1, " "1, " "1, " "1, " "1, " "1, " "1, " "1, " "1, " "1, " "1, " "1, " "1, " "1, " "1, " "1, " "1, " "1, " "1, " "1, " "1, " "0, " "1, " "1, " "1, " "1, " "1, " "1, " "1, " "1, " "1, " "1, " "1, " "1, " "1, " "1, " "1, " "1, " "1, " "1, " "1, " "1, " "1, " "1, " "1, " "1, " "1, " "1, " "1, " "1, " "1, " "1, " "1, " "1, " "1, " "1, " "1, " "1, " "1, " "1, " "1, " "1, " "1, " "1, " "1, " "1, " "1, " "1, " "1, " "1, " "1, " "1, " "1, " "1, " "1, " "1, " "1, " "1, " "1, " "1, " "1, " "1, " "1, " "1, " "1, " "1, " "1, " "1, "0
 "Nei63, 0.029, " "0.798, " "1, " "1, " "1, " "1, " "1, " "1, " "1, " "1, " "1, " "1, " "1, " "1, " "1, " "1, " "1, " "1, " "1, " "1, " "1, " "1, " "1, " "1, " "1, " "1, " "1, " "1, " "1, " "1, " "1, " "1, " "1, " "1, " "1, " "1, " "1, " "1, " "1, " "1, " "1, " "1, " "1, " "1, " "1, " "1, " "1, " "1, " "1, " "1, " "1, " "1, " "1, " "1, " "1, " "1, " "1, " "1, " "1, " "1, " "1, " "1, " "1, " "1, " "1, " "0, " "1, " "1, " "1, " "1, " "1, " "1, " "1, " "1, " "1, " "1, " "1, " "1, " "1, " "1, " "1, " "1, " "1, " "1, " "1, " "1, " "1, " "1, " "1, " "1, " "1, " "1, " "1, " "1, " "1, " "1, " "1, " "1, " "1, " "1, " "1, " "1, " "1, " "1, " "1, " "1, " "1, " "1, " "1, " "1, " "1, " "1, " "1, " "1, " "1, " "1, " "1, " "1, " "1, " "1, " "1, " "1, " "1, " "1, " "1, " "1, " "1, " "1, " "1, " "1, " "1, "0
 "Nei64, 0.214, " "0.973, " "1, " "1, " "1, " "1, " "1, " "1, " "1, " "1, " "1, " "1, " "1, " "1, " "1, " "1, " "1, " "1, " "1, " "1, " "1, " "1, " "1, " "1, " "1, " "1, " "1, " "1, " "1, " "1, " "1, " "1, " "1, " "1, " "1, " "1, " "1, " "1, " "1, " "1, " "1, " "1, " "1, " "1, " "1, " "1, " "1, " "1, " "1, " "1, " "1, " "1, " "1, " "1, " "1, " "1, " "1, " "1, " "1, " "1, " "1, " "1, " "1, " "1, " "1, " "1, " "0, " "1, " "1, " "1, " "1, " "1, " "1, " "1, " "1, " "1, " "1, " "1, " "1, " "1, " "1, " "1, " "1, " "1, " "1, " "1, " "1, " "1, " "1, " "1, " "1, " "1, " "1, " "1, " "1, " "1, " "1, " "1, " "1, " "1, " "1, " "1, " "1, " "1, " "1, " "1, " "1, " "1, " "1, " "1, " "1, " "1, " "1, " "1, " "1, " "1, " "1, " "1, " "1, " "1, " "1, " "1, " "1, " "1, " "1, " "1, " "1, " "1, " "1, " "1, " "1, "0
 "Nei65, 0.241, " "0.935, " "1, " "1, " "1, " "1, " "1, " "1, " "1, " "1, " "1, " "1, " "1, " "1, " "1, " "1, " "1, " "1, " "1, " "1, " "1, " "1, " "1, " "1, " "1, " "1, " "1, " "1, " "1, " "1, " "1, " "1, " "1, " "1, " "1, " "1, " "1, " "1, " "1, " "1, " "1, " "1, " "1, " "1, " "1, " "1, " "1, " "1, " "1, " "1, " "1, " "1, " "1, " "1, " "1, " "1, " "1, " "1, " "1, " "1, " "1, " "1, " "1, " "1, " "1, " "1, " "1, " "0, " "1, " "1, " "1, " "1, " "1, " "1, " "1, " "1, " "1, " "1, " "1, " "1, " "1, " "1, " "1, " "1, " "1, " "1, " "1, " "1, " "1, " "1, " "1, " "1, " "1, " "1, " "1, " "1, " "1, " "1, " "1, " "1, " "1, " "1, " "1, " "1, " "1, " "1, " "1, " "1, " "1, " "1, " "1, " "1, " "1, " "1, " "1, " "1, " "1, " "1, " "1, " "1, " "1, " "1, " "1, " "1, " "1, " "1, " "1, " "1, " "1, " "1, " "1, "0
 "Nei66, 0.379, " "0.251, " "1, " "1, " "1, " "1, " "1, " "1, " "1, " "1, " "1, " "1, " "1, " "1, " "1, " "1, " "1, " "1, " "1, " "1, " "1, " "1, " "1, " "1, " "1, " "1, " "1, " "1, " "1, " "1, " "1, " "1, " "1, " "1, " "1, " "1, " "1, " "1, " "1, " "1, " "1, " "1, " "1, " "1, " "1, " "1, " "1, " "1, " "1, " "1, " "1, " "1, " "1, " "1, " "1, " "1, " "1, " "1, " "1, " "1, " "1, " "1, " "1, " "1, " "1, " "1, " "1, " "1, " "0, " "1, " "1, " "1, " "1, " "1, " "1, " "1, " "1, " "1, " "1, " "1, " "1, " "1, " "1, " "1, " "1, " "1, " "1, " "1, " "1, " "1, " "1, " "1, " "1, " "1, " "1, " "1, " "1, " "1, " "1, " "1, " "1, " "1, " "1, " "1, " "1, " "1, " "1, " "1, " "1, " "1, " "1, " "1, " "1, " "1, " "1, " "1, " "1, " "1, " "1, " "1, " "1, " "1, " "1, " "1, " "1, " "1, " "1, " "1, " "1, " "1, " "1, "0
 "Nei67, 0.088, " "-0.392, " "1, " "1, " "1, " "1, " "1, " "1, " "1, " "1, " "1, " "1, " "1, " "1, " "1, " "1, " "1, " "1, " "1, " "1, " "1, " "1, " "1, " "1, " "1, " "1, " "1, " "1, " "1, " "1, " "1, " "1, " "1, " "1, " "1, " "1, " "1, " "1, " "1, " "1, " "1, " "1, " "1, " "1, " "1, " "1, " "1, " "1, " "1, " "1, " "1, " "1, " "1, " "1, " "1, " "1, " "1, " "1, " "1, " "1, " "1, " "1, " "1, " "1, " "1, " "1, " "1, " "1, " "1, " "0, " "1, " "1, " "1, " "1, " "1, " "1, " "1, " "1, " "1, " "1, " "1, " "1, " "1, " "1, " "1, " "1, " "1, " "1, " "1, " "1, " "1, " "1, " "1, " "1, " "1, " "1, " "1, " "1, " "1, " "1, " "1, " "1, " "1, " "1, " "1, " "1, " "1, " "1, " "1, " "1, " "1, " "1, " "1, " "1, " "1, " "1, " "1, " "1, " "1, " "1, " "1, " "1, " "1, " "1, " "1, " "1, " "1, " "1, " "1, " "1, " "1, "0
 "Nei68, 0.19, " "0.463, " "1, " "1, " "1, " "1, " "1, " "1, " "1, " "1, " "1, " "1, " "1, " "1, " "1, " "1, " "1, " "1, " "1, " "1, " "1, " "1, " "1, " "1, " "1, " "1, " "1, " "1, " "1, " "1, " "1, " "1, " "1, " "1, " "1, " "1, " "1, " "1, " "1, " "1, " "1, " "1, " "1, " "1, " "1, " "1, " "1, " "1, " "1, " "1, " "1, " "1, " "1, " "1, " "1, " "1, " "1, " "1, " "1, " "1, " "1, " "1, " "1, " "1, " "1, " "1, " "1, " "1, " "1, " "1, " "0, " "1, " "1, " "1, " "1, " "1, " "1, " "1, " "1, " "1, " "1, " "1, " "1, " "1, " "1, " "1, " "1, " "1, " "1, " "1, " "1, " "1, " "1, " "1, " "1, " "1, " "1, " "1, " "1, " "1, " "1, " "1, " "1, " "1, " "1, " "1, " "1, " "1, " "1, " "1, " "1, " "1, " "1, " "1, " "1, " "1, " "1, " "1, " "1, " "1, " "1, " "1, " "1, " "1, " "1, " "1, " "1, " "1, " "1, " "1, " "1, "0
 "Nei69, 0.171, " "0.498, " "1, " "1, " "1, " "1, " "1, " "1, " "1, " "1, " "1, " "1, " "1, " "1, " "1, " "1, " "1, " "1, " "1, " "1, " "1, " "1, " "1, " "1, " "1, " "1, " "1, " "1, " "1, " "1, " "1, " "1, " "1, " "1, " "1, " "1, " "1, " "1, " "1, " "1, " "1, " "1, " "1, " "1, " "1, " "1, " "1, " "1, " "1, " "1, " "1, " "1, " "1, " "1, " "1, " "1, " "1, " "1, " "1, " "1, " "1, " "1, " "1, " "1, " "1, " "1, " "1, " "1, " "1, " "1, " "1, " "0, " "1, " "1, " "1, " "1, " "1, " "1, " "1, " "1, " "1, " "1, " "1, " "1, " "1, " "1, " "1, " "1, " "1, " "1, " "1, " "1, " "1, " "1, " "1, " "1, " "1, " "1, " "1, " "1, " "1, " "1, " "1, " "1, " "1, " "1, " "1, " "1, " "1, " "1, " "1, " "1, " "1, " "1, " "1, " "1, " "1, " "1, " "1, " "1, " "1, " "1, " "1, " "1, " "1, " "1, " "1, " "1, " "1, " "1, " "1, "0
 "Nei70, 0.252, " "0.436, " "1, " "1, " "1, " "1, " "1, " "1, " "1, " "1, " "1, " "1, " "1, " "1, " "1, " "1, " "1, " "1, " "1, " "1, " "1, " "1, " "1, " "1, " "1, " "1, " "1, " "1, " "1, " "1, " "1, " "1, " "1, " "1, " "1, " "1, " "1, " "1, " "1, " "1, " "1, " "1, " "1, " "1, " "1, " "1, " "1, " "1, " "1, " "1, " "1, " "1, " "1, " "1, " "1, " "1, " "1, " "1, " "1, " "1, " "1, " "1, " "1, " "1, " "1, " "1, " "1, " "1, " "1, " "1, " "1, " "1, " "0, " "1, " "1, " "1, " "1, " "1, " "1, " "1, " "1, " "1, " "1, " "1, " "1, " "1, " "1, " "1, " "1, " "1, " "1, " "1, " "1, " "1, " "1, " "1, " "1, " "1, " "1, " "1, " "1, " "1, " "1, " "1, " "1, " "1, " "1, " "1, " "1, " "1, " "1, " "1, " "1, " "1, " "1, " "1, " "1, " "1, " "1, " "1, " "1, " "1, " "1, " "1, " "1, " "1, " "1, " "1, " "1, " "1, " "1, "0
 "Nei71, 0.087, " "0.409, " "1, " "1, " "1, " "1, " "1, " "1, " "1, " "1, " "1, " "1, " "1, " "1, " "1, " "1, " "1, " "1, " "1, " "1, " "1, " "1, " "1, " "1, " "1, " "1, " "1, " "1, " "1, " "1, " "1, " "1, " "1, " "1, " "1, " "1, " "1, " "1, " "1, " "1, " "1, " "1, " "1, " "1, " "1, " "1, " "1, " "1, " "1, " "1, " "1, " "1, " "1, " "1, " "1, " "1, " "1, " "1, " "1, " "1, " "1, " "1, " "1, " "1, " "1, " "1, " "1, " "1, " "1, " "1, " "1, " "1, " "1, " "0, " "1, " "1, " "1, " "1, " "1, " "1, " "1, " "1, " "1, " "1, " "1, " "1, " "1, " "1, " "1, " "1, " "1, " "1, " "1, " "1, " "1, " "1, " "1, " "1, " "1, " "1, " "1, " "1, " "1, " "1, " "1, " "1, " "1, " "1, " "1, " "1, " "1, " "1, " "1, " "1, " "1, " "1, " "1, " "1, " "1, " "1, " "1, " "1, " "1, " "1, " "1, " "1, " "1, " "1, " "1, " "1, " "1, "0
 "Nei72, 0.128, " "-0.072, " "1, " "1, " "1, " "1, " "1, " "1, " "1, " "1, " "1, " "1, " "1, " "1, " "1, " "1, " "1, " "1, " "1, " "1, " "1, " "1, " "1, " "1, " "1, " "1, " "1, " "1, " "1, " "1, " "1, " "1, " "1, " "1, " "1, " "1, " "1, " "1, " "1, " "1, " "1, " "1, " "1, " "1, " "1, " "1, " "1, " "1, " "1, " "1, " "1, " "1, " "1, " "1, " "1, " "1, " "1, " "1, " "1, " "1, " "1, " "1, " "1, " "1, " "1, " "1, " "1, " "1, " "1, " "1, " "1, " "1, " "1, " "1, " "0, " "1, " "1, " "1, " "1, " "1, " "1, " "1, " "1, " "1, " "1, " "1, " "1, " "1, " "1, " "1, " "1, " "1, " "1, " "1, " "1, " "1, " "1, " "1, " "1, " "1, " "1, " "1, " "1, " "1, " "1, " "1, " "1, " "1, " "1, " "1, " "1, " "1, " "1, " "1, " "1, " "1, " "1, " "1, " "1, " "1, " "1, " "1, " "1, " "1, " "1, " "1, " "1, " "1, " "1, " "1, " "1, "0
 "Nei73, 0.278, " "-0.939, " "1, " "1, " "1, " "1, " "1, " "1, " "1, " "1, " "1, " "1, " "1, " "1, " "1, " "1, " "1, " "1, " "1, " "1, " "1, " "1, " "1, " "1, " "1, " "1, " "1, " "1, " "1, " "1, " "1, " "1, " "1, " "1, " "1, " "1, " "1, " "1, " "1, " "1, " "1, " "1, " "1, " "1, " "1, " "1, " "1, " "1, " "1, " "1, " "1, " "1, " "1, " "1, " "1, " "1, " "1, " "1, " "1, " "1, " "1, " "1, " "1, " "1, " "1, " "1, " "1, " "1, " "1, " "1, " "1, " "1, " "1, " "1, " "1, " "0, " "1, " "1, " "1, " "1, " "1, " "1, " "1, " "1, " "1, " "1, " "1, " "1, " "1, " "1, " "1, " "1, " "1, " "1, " "1, " "1, " "1, " "1, " "1, " "1, " "1, " "1, " "1, " "1, " "1, " "1, " "1, " "1, " "1, " "1, " "1, " "1, " "1, " "1, " "1, " "1, " "1, " "1, " "1, " "1, " "1, " "1, " "1, " "1, " "1, " "1, " "1, " "1, " "1, " "1, " "1, "0
 "Nei74, 0.193, " "-0.184, " "1, " "1, " "1, " "1, " "1, " "1, " "1, " "1, " "1, " "1, " "1, " "1, " "1, " "1, " "1, " "1, " "1, " "1, " "1, " "1, " "1, " "1, " "1, " "1, " "1, " "1, " "1, " "1, " "1, " "1, " "1, " "1, " "1, " "1, " "1, " "1, " "1, " "1, " "1, " "1, " "1, " "1, " "1, " "1, " "1, " "1, " "1, " "1, " "1, " "1, " "1, " "1, " "1, " "1, " "1, " "1, " "1, " "1, " "1, " "1, " "1, " "1, " "1, " "1, " "1, " "1, " "1, " "1, " "1, " "1, " "1, " "1, " "1, " "1, " "0, " "1, " "1, " "1, " "1, " "1, " "1, " "1, " "1, " "1, " "1, " "1, " "1, " "1, " "1, " "1, " "1, " "1, " "1, " "1, " "1, " "1, " "1, " "1, " "1, " "1, " "1, " "1, " "1, " "1, " "1, " "1, " "1, " "1, " "1, " "1, " "1, " "1, " "1, " "1, " "1, " "1, " "1, " "1, " "1, " "1, " "1, " "1, " "1, " "1, " "1, " "1, " "1, " "1, " "1, "0
 "Nei75, 0.13, " "0.338, " "1, " "1, " "1, " "1, " "1, " "1, " "1, " "1, " "1, " "1, " "1, " "1, " "1, " "1, " "1, " "1, " "1, " "1, " "1, " "1, " "1, " "1, " "1, " "1, " "1, " "1, " "1, " "1, " "1, " "1, " "1, " "1, " "1, " "1, " "1, " "1, " "1, " "1, " "1, " "1, " "1, " "1, " "1, " "1, " "1, " "1, " "1, " "1, " "1, " "1, " "1, " "1, " "1, " "1, " "1, " "1, " "1, " "1, " "1, " "1, " "1, " "1, " "1, " "1, " "1, " "1, " "1, " "1, " "1, " "1, " "1, " "1, " "1, " "1, " "1, " "0, " "1, " "1, " "1, " "1, " "1, " "1, " "1, " "1, " "1, " "1, " "1, " "1, " "1, " "1, " "1, " "1, " "1, " "1, " "1, " "1, " "1, " "1, " "1, " "1, " "1, " "1, " "1, " "1, " "1, " "1, " "1, " "1, " "1, " "1, " "1, " "1, " "1, " "1, " "1, " "1, " "1, " "1, " "1, " "1, " "1, " "1, " "1, " "1, " "1, " "1, " "1, " "1, " "1, "0
 "Nei76, 0.119, " "0.727, " "1, " "1, " "1, " "1, " "1, " "1, " "1, " "1, " "1, " "1, " "1, " "1, " "1, " "1, " "1, " "1, " "1, " "1, " "1, " "1, " "1, " "1, " "1, " "1, " "1, " "1, " "1, " "1, " "1, " "1, " "1, " "1, " "1, " "1, " "1, " "1, " "1, " "1, " "1, " "1, " "1, " "1, " "1, " "1, " "1, " "1, " "1, " "1, " "1, " "1, " "1, " "1, " "1, " "1, " "1, " "1, " "1, " "1, " "1, " "1, " "1, " "1, " "1, " "1, " "1, " "1, " "1, " "1, " "1, " "1, " "1, " "1, " "1, " "1, " "1, " "1, " "0, " "1, " "1, " "1, " "1, " "1, " "1, " "1, " "1, " "1, " "1, " "1, " "1, " "1, " "1, " "1, " "1, " "1, " "1, " "1, " "1, " "1, " "1, " "1, " "1, " "1, " "1, " "1, " "1, " "1, " "1, " "1, " "1, " "1, " "1, " "1, " "1, " "1, " "1, " "1, " "1, " "1, " "1, " "1, " "1, " "1, " "1, " "1, " "1, " "1, " "1, " "1, " "1, "0
 "Nei77, 0.176, " "0.354, " "1, " "1, " "1, " "1, " "1, " "1, " "1, " "1, " "1, " "1, " "1, " "1, " "1, " "1, " "1, " "1, " "1, " "1, " "1, " "1, " "1, " "1, " "1, " "1, " "1, " "1, " "1, " "1, " "1, " "1, " "1, " "1, " "1, " "1, " "1, " "1, " "1, " "1, " "1, " "1, " "1, " "1, " "1, " "1, " "1, " "1, " "1, " "1, " "1, " "1, " "1, " "1, " "1, " "1, " "1, " "1, " "1, " "1, " "1, " "1, " "1, " "1, " "1, " "1, " "1, " "1, " "1, " "1, " "1, " "1, " "1, " "1, " "1, " "1, " "1, " "1, " "1, " "0, " "1, " "1, " "1, " "1, " "1, " "1, " "1, " "1, " "1, " "1, " "1, " "1, " "1, " "1, " "1, " "1, " "1, " "1, " "1, " "1, " "1, " "1, " "1, " "1, " "1, " "1, " "1, " "1, " "1, " "1, " "1, " "1, " "1, " "1, " "1, " "1, " "1, " "1, " "1, " "1, " "1, " "1, " "1, " "1, " "1, " "1, " "1, " "1, " "1, " "1, " "1, "0
 "Nei78, 0.154, " "0.973, " "1, " "1, " "1, " "1, " "1, " "1, " "1, " "1, " "1, " "1, " "1, " "1, " "1, " "1, " "1, " "1, " "1, " "1, " "1, " "1, " "1, " "1, " "1, " "1, " "1, " "1, " "1, " "1, " "1, " "1, " "1, " "1, " "1, " "1, " "1, " "1, " "1, " "1, " "1, " "1, " "1, " "1, " "1, " "1, " "1, " "1, " "1, " "1, " "1, " "1, " "1, " "1, " "1, " "1, " "1, " "1, " "1, " "1, " "1, " "1, " "1, " "1, " "1, " "1, " "1, " "1, " "1, " "1, " "1, " "1, " "1, " "1, " "1, " "1, " "1, " "1, " "1, " "1, " "0, " "1, " "1, " "1, " "1, " "1, " "1, " "1, " "1, " "1, " "1, " "1, " "1, " "1, " "1, " "1, " "1, " "1, " "1, " "1, " "1, " "1, " "1, " "1, " "1, " "1, " "1, " "1, " "1, " "1, " "1, " "1, " "1, " "1, " "1, " "1, " "1, " "1, " "1, " "1, " "1, " "1, " "1, " "1, " "1, " "1, " "1, " "1, " "1, " "1, " "1, "0
 "Nei79, 0.166, " "-0.684, " "1, " "1, " "1, " "1, " "1, " "1, " "1, " "1, " "1, " "1, " "1, " "1, " "1, " "1, " "1, " "1, " "1, " "1, " "1, " "1, " "1, " "1, " "1, " "1, " "1, " "1, " "1, " "1, " "1, " "1, " "1, " "1, " "1, " "1, " "1, " "1, " "1, " "1, " "1, " "1, " "1, " "1, " "1, " "1, " "1, " "1, " "1, " "1, " "1, " "1, " "1, " "1, " "1, " "1, " "1, " "1, " "1, " "1, " "1, " "1, " "1, " "1, " "1, " "1, " "1, " "1, " "1, " "1, " "1, " "1, " "1, " "1, " "1, " "1, " "1, " "1, " "1, " "1, " "1, " "0, " "1, " "1, " "1, " "1, " "1, " "1, " "1, " "1, " "1, " "1, " "1, " "1, " "1, " "1, " "1, " "1, " "1, " "1, " "1, " "1, " "1, " "1, " "1, " "1, " "1, " "1, " "1, " "1, " "1, " "1, " "1, " "1, " "1, " "1, " "1, " "1, " "1, " "1, " "1, " "1, " "1, " "1, " "1, " "1, " "1, " "1, " "1, " "1, " "1, "0
 "Nei80, 0.168, " "-0.476, " "1, " "1, " "1, " "1, " "1, " "1, " "1, " "1, " "1, " "1, " "1, " "1, " "1, " "1, " "1, " "1, " "1, " "1, " "1, " "1, " "1, " "1, " "1, " "1, " "1, " "1, " "1, " "1, " "1, " "1, " "1, " "1, " "1, " "1, " "1, " "1, " "1, " "1, " "1, " "1, " "1, " "1, " "1, " "1, " "1, " "1, " "1, " "1, " "1, " "1, " "1, " "1, " "1, " "1, " "1, " "1, " "1, " "1, " "1, " "1, " "1, " "1, " "1, " "1, " "1, " "1, " "1, " "1, " "1, " "1, " "1, " "1, " "1, " "1, " "1, " "1, " "1, " "1, " "1, " "1, " "0, " "1, " "1, " "1, " "1, " "1, " "1, " "1, " "1, " "1, " "1, " "1, " "1, " "1, " "1, " "1, " "1, " "1, " "1, " "1, " "1, " "1, " "1, " "1, " "1, " "1, " "1, " "1, " "1, " "1, " "1, " "1, " "1, " "1, " "1, " "1, " "1, " "1, " "1, " "1, " "1, " "1, " "1, " "1, " "1, " "1, " "1, " "1, " "1, "0
 "Nei81, 0.049, " "0.805, " "1, " "1, " "1, " "1, " "1, " "1, " "1, " "1, " "1, " "1, " "1, " "1, " "1, " "1, " "1, " "1, " "1, " "1, " "1, " "1, " "1, " "1, " "1, " "1, " "1, " "1, " "1, " "1, " "1, " "1, " "1, " "1, " "1, " "1, " "1, " "1, " "1, " "1, " "1, " "1, " "1, " "1, " "1, " "1, " "1, " "1, " "1, " "1, " "1, " "1, " "1, " "1, " "1, " "1, " "1, " "1, " "1, " "1, " "1, " "1, " "1, " "1, " "1, " "1, " "1, " "1, " "1, " "1, " "1, " "1, " "1, " "1, " "1, " "1, " "1, " "1, " "1, " "1, " "1, " "1, " "1, " "0, " "1, " "1, " "1, " "1, " "1, " "1, " "1, " "1, " "1, " "1, " "1, " "1, " "1, " "1, " "1, " "1, " "1, " "1, " "1, " "1, " "1, " "1, " "1, " "1, " "1, " "1, " "1, " "1, " "1, " "1, " "1, " "1, " "1, " "1, " "1, " "1, " "1, " "1, " "1, " "1, " "1, " "1, " "1, " "1, " "1, " "1, " "1, "0
 "Nei82, 0.11, " "-0.641, " "1, " "1, " "1, " "1, " "1, " "1, " "1, " "1, " "1, " "1, " "1, " "1, " "1, " "1, " "1, " "1, " "1, " "1, " "1, " "1, " "1, " "1, " "1, " "1, " "1, " "1, " "1, " "1, " "1, " "1, " "1, " "1, " "1, " "1, " "1, " "1, " "1, " "1, " "1, " "1, " "1, " "1, " "1, " "1, " "1, " "1, " "1, " "1, " "1, " "1, " "1, " "1, " "1, " "1, " "1, " "1, " "1, " "1, " "1, " "1, " "1, " "1, " "1, " "1, " "1, " "1, " "1, " "1, " "1, " "1, " "1, " "1, " "1, " "1, " "1, " "1, " "1, " "1, " "1, " "1, " "1, " "1, " "0, " "1, " "1, " "1, " "1, " "1, " "1, " "1, " "1, " "1, " "1, " "1, " "1, " "1, " "1, " "1, " "1, " "1, " "1, " "1, " "1, " "1, " "1, " "1, " "1, " "1, " "1, " "1, " "1, " "1, " "1, " "1, " "1, " "1, " "1, " "1, " "1, " "1, " "1, " "1, " "1, " "1, " "1, " "1, " "1, " "1, " "1, "0
 "Nei83, 0.351, " "-0.162, " "1, " "1, " "1, " "1, " "1, " "1, " "1, " "1, " "1, " "1, " "1, " "1, " "1, " "1, " "1, " "1, " "1, " "1, " "1, " "1, " "1, " "1, " "1, " "1, " "1, " "1, " "1, " "1, " "1, " "1, " "1, " "1, " "1, " "1, " "1, " "1, " "1, " "1, " "1, " "1, " "1, " "1, " "1, " "1, " "1, " "1, " "1, " "1, " "1, " "1, " "1, " "1, " "1, " "1, " "1, " "1, " "1, " "1, " "1, " "1, " "1, " "1, " "1, " "1, " "1, " "1, " "1, " "1, " "1, " "1, " "1, " "1, " "1, " "1, " "1, " "1, " "1, " "1, " "1, " "1, " "1, " "1, " "1, " "0, " "1, " "1, " "1, " "1, " "1, " "1, " "1, " "1, " "1, " "1, " "1, " "1, " "1, " "1, " "1, " "1, " "1, " "1, " "1, " "1, " "1, " "1, " "1, " "1, " "1, " "1, " "1, " "1, " "1, " "1, " "1, " "1, " "1, " "1, " "1, " "1, " "1, " "1, " "1, " "1, " "1, " "1, " "1, " "1, " "1, "0
 "Nei84, 0.387, " "0.969, " "1, " "1, " "1, " "1, " "1, " "1, " "1, " "1, " "1, " "1, " "1, " "1, " "1, " "1, " "1, " "1, " "1, " "1, " "1, " "1, " "1, " "1, " "1, " "1, " "1, " "1, " "1, " "1, " "1, " "1, " "1, " "1, " "1, " "1, " "1, " "1, " "1, " "1, " "1, " "1, " "1, " "1, " "1, " "1, " "1, " "1, " "1, " "1, " "1, " "1, " "1, " "1, " "1, " "1, " "1, " "1, " "1, " "1, " "1, " "1, " "1, " "1, " "1, " "1, " "1, " "1, " "1, " "1, " "1, " "1, " "1, " "1, " "1, " "1, " "1, " "1, " "1, " "1, " "1, " "1, " "1, " "1, " "1, " "1, " "0, " "1, " "1, " "1, " "1, " "1, " "1, " "1, " "1, " "1, " "1, " "1, " "1, " "1, " "1, " "1, " "1, " "1, " "1, " "1, " "1, " "1, " "1, " "1, " "1, " "1, " "1, " "1, " "1, " "1, " "1, " "1, " "1, " "1, " "1, " "1, " "1, " "1, " "1, " "1, " "1, " "1, " "1, " "1, " "1, "0
 "Nei85, 0.355, " "0.885, " "1, " "1, " "1, " "1, " "1, " "1, " "1, " "1, " "1, " "1, " "1, " "1, " "1, " "1, " "1, " "1, " "1, " "1, " "1, " "1, " "1, " "1, " "1, " "1, " "1, " "1, " "1, " "1, " "1, " "1, " "1, " "1, " "1, " "1, " "1, " "1, " "1, " "1, " "1, " "1, " "1, " "1, " "1, " "1, " "1, " "1, " "1, " "1, " "1, " "1, " "1, " "1, " "1, " "1, " "1, " "1, " "1, " "1, " "1, " "1, " "1, " "1, " "1, " "1, " "1, " "1, " "1, " "1, " "1, " "1, " "1, " "1, " "1, " "1, " "1, " "1, " "1, " "1, " "1, " "1, " "1, " "1, " "1, " "1, " "1, " "0, " "1, " "1, " "1, " "1, " "1, " "1, " "1, " "1, " "1, " "1, " "1, " "1, " "1, " "1, " "1, " "1, " "1, " "1, " "1, " "1, " "1, " "1, " "1, " "1, " "1, " "1, " "1, " "1, " "1, " "1, " "1, " "1, " "1, " "1, " "1, " "1, " "1, " "1, " "1, " "1, " "1, " "1, " "1, "0
 "Nei86, 0.225, " "0.5, " "1, " "1, " "1, " "1, " "1, " "1, " "1, " "1, " "1, " "1, " "1, " "1, " "1, " "1, " "1, " "1, " "1, " "1, " "1, " "1, " "1, " "1, " "1, " "1, " "1, " "1, " "1, " "1, " "1, " "1, " "1, " "1, " "1, " "1, " "1, " "1, " "1, " "1, " "1, " "1, " "1, " "1, " "1, " "1, " "1, " "1, " "1, " "1, " "1, " "1, " "1, " "1, " "1, " "1, " "1, " "1, " "1, " "1, " "1, " "1, " "1, " "1, " "1, " "1, " "1, " "1, " "1, " "1, " "1, " "1, " "1, " "1, " "1, " "1, " "1, " "1, " "1, " "1, " "1, " "1, " "1, " "1, " "1, " "1, " "1, " "1, " "0, " "1, " "1, " "1, " "1, " "1, " "1, " "1, " "1, " "1, " "1, " "1, " "1, " "1, " "1, " "1, " "1, " "1, " "1, " "1, " "1, " "1, " "1, " "1, " "1, " "1, " "1, " "1, " "1, " "1, " "1, " "1, " "1, " "1, " "1, " "1, " "1, " "1, " "1, " "1, " "1, " "1, " "1, "0
 "Nei87, 0.101, " "0.913, " "1, " "1, " "1, " "1, " "1, " "1, " "1, " "1, " "1, " "1, " "1, " "1, " "1, " "1, " "1, " "1, " "1, " "1, " "1, " "1, " "1, " "1, " "1, " "1, " "1, " "1, " "1, " "1, " "1, " "1, " "1, " "1, " "1, " "1, " "1, " "1, " "1, " "1, " "1, " "1, " "1, " "1, " "1, " "1, " "1, " "1, " "1, " "1, " "1, " "1, " "1, " "1, " "1, " "1, " "1, " "1, " "1, " "1, " "1, " "1, " "1, " "1, " "1, " "1, " "1, " "1, " "1, " "1, " "1, " "1, " "1, " "1, " "1, " "1, " "1, " "1, " "1, " "1, " "1, " "1, " "1, " "1, " "1, " "1, " "1, " "1, " "1, " "0, " "1, " "1, " "1, " "1, " "1, " "1, " "1, " "1, " "1, " "1, " "1, " "1, " "1, " "1, " "1, " "1, " "1, " "1, " "1, " "1, " "1, " "1, " "1, " "1, " "1, " "1, " "1, " "1, " "1, " "1, " "1, " "1, " "1, " "1, " "1, " "1, " "1, " "1, " "1, " "1, " "1, "0
 "Nei88, 0.1, " "-0.085, " "1, " "1, " "1, " "1, " "1, " "1, " "1, " "1, " "1, " "1, " "1, " "1, " "1, " "1, " "1, " "1, " "1, " "1, " "1, " "1, " "1, " "1, " "1, " "1, " "1, " "1, " "1, " "1, " "1, " "1, " "1, " "1, " "1, " "1, " "1, " "1, " "1, " "1, " "1, " "1, " "1, " "1, " "1, " "1, " "1, " "1, " "1, " "1, " "1, " "1, " "1, " "1, " "1, " "1, " "1, " "1, " "1, " "1, " "1, " "1, " "1, " "1, " "1, " "1, " "1, " "1, " "1, " "1, " "1, " "1, " "1, " "1, " "1, " "1, " "1, " "1, " "1, " "1, " "1, " "1, " "1, " "1, " "1, " "1, " "1, " "1, " "1, " "1, " "0, " "1, " "1, " "1, " "1, " "1, " "1, " "1, " "1, " "1, " "1, " "1, " "1, " "1, " "1, " "1, " "1, " "1, " "1, " "1, " "1, " "1, " "1, " "1, " "1, " "1, " "1, " "1, " "1, " "1, " "1, " "1, " "1, " "1, " "1, " "1, " "1, " "1, " "1, " "1, " "1, "0
 "Nei89, 0.268, " "-0.86, " "1, " "1, " "1, " "1, " "1, " "1, " "1, " "1, " "1, " "1, " "1, " "1, " "1, " "1, " "1, " "1, " "1, " "1, " "1, " "1, " "1, " "1, " "1, " "1, " "1, " "1, " "1, " "1, " "1, " "1, " "1, " "1, " "1, " "1, " "1, " "1, " "1, " "1, " "1, " "1, " "1, " "1, " "1, " "1, " "1, " "1, " "1, " "1, " "1, " "1, " "1, " "1, " "1, " "1, " "1, " "1, " "1, " "1, " "1, " "1, " "1, " "1, " "1, " "1, " "1, " "1, " "1, " "1, " "1, " "1, " "1, " "1, " "1, " "1, " "1, " "1, " "1, " "1, " "1, " "1, " "1, " "1, " "1, " "1, " "1, " "1, " "1, " "1, " "1, " "0, " "1, " "1, " "1, " "1, " "1, " "1, " "1, " "1, " "1, " "1, " "1, " "1, " "1, " "1, " "1, " "1, " "1, " "1, " "1, " "1, " "1, " "1, " "1, " "1, " "1, " "1, " "1, " "1, " "1, " "1, " "1, " "1, " "1, " "1, " "1, " "1, " "1, " "1, " "1, "0
 "Nei90, 0.074, " "0.377, " "1, " "1, " "1, " "1, " "1, " "1, " "1, " "1, " "1, " "1, " "1, " "1, " "1, " "1, " "1, " "1, " "1, " "1, " "1, " "1, " "1, " "1, " "1, " "1, " "1, " "1, " "1, " "1, " "1, " "1, " "1, " "1, " "1, " "1, " "1, " "1, " "1, " "1, " "1, " "1, " "1, " "1, " "1, " "1, " "1, " "1, " "1, " "1, " "1, " "1, " "1, " "1, " "1, " "1, " "1, " "1, " "1, " "1, " "1, " "1, " "1, " "1, " "1, " "1, " "1, " "1, " "1, " "1, " "1, " "1, " "1, " "1, " "1, " "1, " "1, " "1, " "1, " "1, " "1, " "1, " "1, " "1, " "1, " "1, " "1, " "1, " "1, " "1, " "1, " "1, " "0, " "1, " "1, " "1, " "1, " "1, " "1, " "1, " "1, " "1, " "1, " "1, " "1, " "1, " "1, " "1, " "1, " "1, " "1, " "1, " "1, " "1, " "1, " "1, " "1, " "1, " "1, " "1, " "1, " "1, " "1, " "1, " "1, " "1, " "1, " "1, " "1, " "1, " "1, "0
 "Nei91, 0.211, " "0.2, " "1, " "1, " "1, " "1, " "1, " "1, " "1, " "1, " "1, " "1, " "1, " "1, " "1, " "1, " "1, " "1, " "1, " "1, " "1, " "1, " "1, " "1, " "1, " "1, " "1, " "1, " "1, " "1, " "1, " "1, " "1, " "1, " "1, " "1, " "1, " "1, " "1, " "1, " "1, " "1, " "1, " "1, " "1, " "1, " "1, " "1, " "1, " "1, " "1, " "1, " "1, " "1, " "1, " "1, " "1, " "1, " "1, " "1, " "1, " "1, " "1, " "1, " "1, " "1, " "1, " "1, " "1, " "1, " "1, " "1, " "1, " "1, " "1, " "1, " "1, " "1, " "1, " "1, " "1, " "1, " "1, " "1, " "1, " "1, " "1, " "1, " "1, " "1, " "1, " "1, " "1, " "0, " "1, " "1, " "1, " "1, " "1, " "1, " "1, " "1, " "1, " "1, " "1, " "1, " "1, " "1, " "1, " "1, " "1, " "1, " "1, " "1, " "1, " "1, " "1, " "1, " "1, " "1, " "1, " "1, " "1, " "1, " "1, " "1, " "1, " "1, " "1, " "1, " "1, "0
 "Nei92, 0.253, " "0.814, " "1, " "1, " "1, " "1, " "1, " "1, " "1, " "1, " "1, " "1, " "1, " "1, " "1, " "1, " "1, " "1, " "1, " "1, " "1, " "1, " "1, " "1, " "1, " "1, " "1, " "1, " "1, " "1, " "1, " "1, " "1, " "1, " "1, " "1, " "1, " "1, " "1, " "1, " "1, " "1, " "1, " "1, " "1, " "1, " "1, " "1, " "1, " "1, " "1, " "1, " "1, " "1, " "1, " "1, " "1, " "1, " "1, " "1, " "1, " "1, " "1, " "1, " "1, " "1, " "1, " "1, " "1, " "1, " "1, " "1, " "1, " "1, " "1, " "1, " "1, " "1, " "1, " "1, " "1, " "1, " "1, " "1, " "1, " "1, " "1, " "1, " "1, " "1, " "1, " "1, " "1, " "1, " "0, " "1, " "1, " "1, " "1, " "1, " "1, " "1, " "1, " "1, " "1, " "1, " "1, " "1, " "1, " "1, " "1, " "1, " "1, " "1, " "1, " "1, " "1, " "1, " "1, " "1, " "1, " "1, " "1, " "1, " "1, " "1, " "1, " "1, " "1, " "1, " "1, "0
 "Nei93, 0.263, " "-0.493, " "1, " "1, " "1, " "1, " "1, " "1, " "1, " "1, " "1, " "1, " "1, " "1, " "1, " "1, " "1, " "1, " "1, " "1, " "1, " "1, " "1, " "1, " "1, " "1, " "1, " "1, " "1, " "1, " "1, " "1, " "1, " "1, " "1, " "1, " "1, " "1, " "1, " "1, " "1, " "1, " "1, " "1, " "1, " "1, " "1, " "1, " "1, " "1, " "1, " "1, " "1, " "1, " "1, " "1, " "1, " "1, " "1, " "1, " "1, " "1, " "1, " "1, " "1, " "1, " "1, " "1, " "1, " "1, " "1, " "1, " "1, " "1, " "1, " "1, " "1, " "1, " "1, " "1, " "1, " "1, " "1, " "1, " "1, " "1, " "1, " "1, " "1, " "1, " "1, " "1, " "1, " "1, " "1, " "0, " "1, " "1, " "1, " "1, " "1, " "1, " "1, " "1, " "1, " "1, " "1, " "1, " "1, " "1, " "1, " "1, " "1, " "1, " "1, " "1, " "1, " "1, " "1, " "1, " "1, " "1, " "1, " "1, " "1, " "1, " "1, " "1, " "1, " "1, " "1, "0
 "Nei94, 0.281, " "0.908, " "1, " "1, " "1, " "1, " "1, " "1, " "1, " "1, " "1, " "1, " "1, " "1, " "1, " "1, " "1, " "1, " "1, " "1, " "1, " "1, " "1, " "1, " "1, " "1, " "1, " "1, " "1, " "1, " "1, " "1, " "1, " "1, " "1, " "1, " "1, " "1, " "1, " "1, " "1, " "1, " "1, " "1, " "1, " "1, " "1, " "1, " "1, " "1, " "1, " "1, " "1, " "1, " "1, " "1, " "1, " "1, " "1, " "1, " "1, " "1, " "1, " "1, " "1, " "1, " "1, " "1, " "1, " "1, " "1, " "1, " "1, " "1, " "1, " "1, " "1, " "1, " "1, " "1, " "1, " "1, " "1, " "1, " "1, " "1, " "1, " "1, " "1, " "1, " "1, " "1, " "1, " "1, " "1, " "1, " "0, " "1, " "1, " "1, " "1, " "1, " "1, " "1, " "1, " "1, " "1, " "1, " "1, " "1, " "1, " "1, " "1, " "1, " "1, " "1, " "1, " "1, " "1, " "1, " "1, " "1, " "1, " "1, " "1, " "1, " "1, " "1, " "1, " "1, " "1, "0
 "Nei95, 0.041, " "0.142, " "1, " "1, " "1, " "1, " "1, " "1, " "1, " "1, " "1, " "1, " "1, " "1, " "1, " "1, " "1, " "1, " "1, " "1, " "1, " "1, " "1, " "1, " "1, " "1, " "1, " "1, " "1, " "1, " "1, " "1, " "1, " "1, " "1, " "1, " "1, " "1, " "1, " "1, " "1, " "1, " "1, " "1, " "1, " "1, " "1, " "1, " "1, " "1, " "1, " "1, " "1, " "1, " "1, " "1, " "1, " "1, " "1, " "1, " "1, " "1, " "1, " "1, " "1, " "1, " "1, " "1, " "1, " "1, " "1, " "1, " "1, " "1, " "1, " "1, " "1, " "1, " "1, " "1, " "1, " "1, " "1, " "1, " "1, " "1, " "1, " "1, " "1, " "1, " "1, " "1, " "1, " "1, " "1, " "1, " "1, " "0, " "1, " "1, " "1, " "1, " "1, " "1, " "1, " "1, " "1, " "1, " "1, " "1, " "1, " "1, " "1, " "1, " "1, " "1, " "1, " "1, " "1, " "1, " "1, " "1, " "1, " "1, " "1, " "1, " "1, " "1, " "1, " "1, " "1, "0
 "Nei96, 0.305, " "-0.971, " "1, " "1, " "1, " "1, " "1, " "1, " "1, " "1, " "1, " "1, " "1, " "1, " "1, " "1, " "1, " "1, " "1, " "1, " "1, " "1, " "1, " "1, " "1, " "1, " "1, " "1, " "1, " "1, " "1, " "1, " "1, " "1, " "1, " "1, " "1, " "1, " "1, " "1, " "1, " "1, " "1, " "1, " "1, " "1, " "1, " "1, " "1, " "1, " "1, " "1, " "1, " "1, " "1, " "1, " "1, " "1, " "1, " "1, " "1, " "1, " "1, " "1, " "1, " "1, " "1, " "1, " "1, " "1, " "1, " "1, " "1, " "1, " "1, " "1, " "1, " "1, " "1, " "1, " "1, " "1, " "1, " "1, " "1, " "1, " "1, " "1, " "1, " "1, " "1, " "1, " "1, " "1, " "1, " "1, " "1, " "1, " "0, " "1, " "1, " "1, " "1, " "1, " "1, " "1, " "1, " "1, " "1, " "1, " "1, " "1, " "1, " "1, " "1, " "1, " "1, " "1, " "1, " "1, " "1, " "1, " "1, " "1, " "1, " "1, " "1, " "1, " "1, " "1, " "1, "0
 "Nei97, 0.153, " "0.534, " "1, " "1, " "1, " "1, " "1, " "1, " "1, " "1, " "1, " "1, " "1, " "1, " "1, " "1, " "1, " "1, " "1, " "1, " "1, " "1, " "1, " "1, " "1, " "1, " "1, " "1, " "1, " "1, " "1, " "1, " "1, " "1, " "1, " "1, " "1, " "1, " "1, " "1, " "1, " "1, " "1, " "1, " "1, " "1, " "1, " "1, " "1, " "1, " "1, " "1, " "1, " "1, " "1, " "1, " "1, " "1, " "1, " "1, " "1, " "1, " "1, " "1, " "1, " "1, " "1, " "1, " "1, " "1, " "1, " "1, " "1, " "1, " "1, " "1, " "1, " "1, " "1, " "1, " "1, " "1, " "1, " "1, " "1, " "1, " "1, " "1, " "1, " "1, " "1, " "1, " "1, " "1, " "1, " "1, " "1, " "1, " "1, " "0, " "1, " "1, " "1, " "1, " "1, " "1, " "1, " "1, " "1, " "1, " "1, " "1, " "1, " "1, " "1, " "1, " "1, " "1, " "1, " "1, " "1, " "1, " "1, " "1, " "1, " "1, " "1, " "1, " "1, " "1, " "1, "0
 "Nei98, 0.182, " "0.438, " "1, " "1, " "1, " "1, " "1, " "1, " "1, " "1, " "1, " "1, " "1, " "1, " "1, " "1, " "1, " "1, " "1, " "1, " "1, " "1, " "1, " "1, " "1, " "1, " "1, " "1, " "1, " "1, " "1, " "1, " "1, " "1, " "1, " "1, " "1, " "1, " "1, " "1, " "1, " "1, " "1, " "1, " "1, " "1, " "1, " "1, " "1, " "1, " "1, " "1, " "1, " "1, " "1, " "1, " "1, " "1, " "1, " "1, " "1, " "1, " "1, " "1, " "1, " "1, " "1, " "1, " "1, " "1, " "1, " "1, " "1, " "1, " "1, " "1, " "1, " "1, " "1, " "1, " "1, " "1, " "1, " "1, " "1, " "1, " "1, " "1, " "1, " "1, " "1, " "1, " "1, " "1, " "1, " "1, " "1, " "1, " "1, " "1, " "0, " "1, " "1, " "1, " "1, " "1, " "1, " "1, " "1, " "1, " "1, " "1, " "1, " "1, " "1, " "1, " "1, " "1, " "1, " "1, " "1, " "1, " "1, " "1, " "1, " "1, " "1, " "1, " "1, " "1, " "1, "0
 "Nei99, 0.295, " "-0.992, " "1, " "1, " "1, " "1, " "1, " "1, " "1, " "1, " "1, " "1, " "1, " "1, " "1, " "1, " "1, " "1, " "1, " "1, " "1, " "1, " "1, " "1, " "1, " "1, " "1, " "1, " "1, " "1, " "1, " "1, " "1, " "1, " "1, " "1, " "1, " "1, " "1, " "1, " "1, " "1, " "1, " "1, " "1, " "1, " "1, " "1, " "1, " "1, " "1, " "1, " "1, " "1, " "1, " "1, " "1, " "1, " "1, " "1, " "1, " "1, " "1, " "1, " "1, " "1, " "1, " "1, " "1, " "1, " "1, " "1, " "1, " "1, " "1, " "1, " "1, " "1, " "1, " "1, " "1, " "1, " "1, " "1, " "1, " "1, " "1, " "1, " "1, " "1, " "1, " "1, " "1, " "1, " "1, " "1, " "1, " "1, " "1, " "1, " "1, " "0, " "1, " "1, " "1, " "1, " "1, " "1, " "1, " "1, " "1, " "1, " "1, " "1, " "1, " "1, " "1, " "1, " "1, " "1, " "1, " "1, " "1, " "1, " "1, " "1, " "1, " "1, " "1, " "1, " "1, "0
 "Nei100, 0.017, " "-0.926, " "1, " "1, " "1, " "1, " "1, " "1, " "1, " "1, " "1, " "1, " "1, " "1, " "1, " "1, " "1, " "1, " "1, " "1, " "1, " "1, " "1, " "1, " "1, " "1, " "1, " "1, " "1, " "1, " "1, " "1, " "1, " "1, " "1, " "1, " "1, " "1, " "1, " "1, " "1, " "1, " "1, " "1, " "1, " "1, " "1, " "1, " "1, " "1, " "1, " "1, " "1, " "1, " "1, " "1, " "1, " "1, " "1, " "1, " "1, " "1, " "1, " "1, " "1, " "1, " "1, " "1, " "1, " "1, " "1, " "1, " "1, " "1, " "1, " "1, " "1, " "1, " "1, " "1, " "1, " "1, " "1, " "1, " "1, " "1, " "1, " "1, " "1, " "1, " "1, " "1, " "1, " "1, " "1, " "1, " "1, " "1, " "1, " "1, " "1, " "1, " "0, " "1, " "1, " "1, " "1, " "1, " "1, " "1, " "1, " "1, " "1, " "1, " "1, " "1, " "1, " "1, " "1, " "1, " "1, " "1, " "1, " "1, " "1, " "1, " "1, " "1, " "1, " "1, " "1, "0
 "Nei101, 0.213, " "-0.246, " "1, " "1, " "1, " "1, " "1, " "1, " "1, " "1, " "1, " "1, " "1, " "1, " "1, " "1, " "1, " "1, " "1, " "1, " "1, " "1, " "1, " "1, " "1, " "1, " "1, " "1, " "1, " "1, " "1, " "1, " "1, " "1, " "1, " "1, " "1, " "1, " "1, " "1, " "1, " "1, " "1, " "1, " "1, " "1, " "1, " "1, " "1, " "1, " "1, " "1, " "1, " "1, " "1, " "1, " "1, " "1, " "1, " "1, " "1, " "1, " "1, " "1, " "1, " "1, " "1, " "1, " "1, " "1, " "1, " "1, " "1, " "1, " "1, " "1, " "1, " "1, " "1, " "1, " "1, " "1, " "1, " "1, " "1, " "1, " "1, " "1, " "1, " "1, " "1, " "1, " "1, " "1, " "1, " "1, " "1, " "1, " "1, " "1, " "1, " "1, " "1, " "0, " "1, " "1, " "1, " "1, " "1, " "1, " "1, " "1, " "1, " "1, " "1, " "1, " "1, " "1, " "1, " "1, " "1, " "1, " "1, " "1, " "1, " "1, " "1, " "1, " "1, " "1, " "1, "0
 "Nei102, 0.057, " "0.8, " "1, " "1, " "1, " "1, " "1, " "1, " "1, " "1, " "1, " "1, " "1, " "1, " "1, " "1, " "1, " "1, " "1, " "1, " "1, " "1, " "1, " "1, " "1, " "1, " "1, " "1, " "1, " "1, " "1, " "1, " "1, " "1, " "1, " "1, " "1, " "1, " "1, " "1, " "1, " "1, " "1, " "1, " "1, " "1, " "1, " "1, " "1, " "1, " "1, " "1, " "1, " "1, " "1, " "1, " "1, " "1, " "1, " "1, " "1, " "1, " "1, " "1, " "1, " "1, " "1, " "1, " "1, " "1, " "1, " "1, " "1, " "1, " "1, " "1, " "1, " "1, " "1, " "1, " "1, " "1, " "1, " "1, " "1, " "1, " "1, " "1, " "1, " "1, " "1, " "1, " "1, " "1, " "1, " "1, " "1, " "1, " "1, " "1, " "1, " "1, " "1, " "1, " "0, " "1, " "1, " "1, " "1, " "1, " "1, " "1, " "1, " "1, " "1, " "1, " "1, " "1, " "1, " "1, " "1, " "1, " "1, " "1, " "1, " "1, " "1, " "1, " "1, " "1, " "1, "0
 "Nei103, 0.393, " "-0.344, " "1, " "1, " "1, " "1, " "1, " "1, " "1, " "1, " "1, " "1, " "1, " "1, " "1, " "1, " "1, " "1, " "1, " "1, " "1, " "1, " "1, " "1, " "1, " "1, " "1, " "1, " "1, " "1, " "1, " "1, " "1, " "1, " "1, " "1, " "1, " "1, " "1, " "1, " "1, " "1, " "1, " "1, " "1, " "1, " "1, " "1, " "1, " "1, " "1, " "1, " "1, " "1, " "1, " "1, " "1, " "1, " "1, " "1, " "1, " "1, " "1, " "1, " "1, " "1, " "1, " "1, " "1, " "1, " "1, " "1, " "1, " "1, " "1, " "1, " "1, " "1, " "1, " "1, " "1, " "1, " "1, " "1, " "1, " "1, " "1, " "1, " "1, " "1, " "1, " "1, " "1, " "1, " "1, " "1, " "1, " "1, " "1, " "1, " "1, " "1, " "1, " "1, " "1, " "0, " "1, " "1, " "1, " "1, " "1, " "1, " "1, " "1, " "1, " "1, " "1, " "1, " "1, " "1, " "1, " "1, " "1, " "1, " "1, " "1, " "1, " "1, " "1, " "1, " "1, "0
 "Nei104, 0.235, " "-0.689, " "1, " "1, " "1, " "1, " "1, " "1, " "1, " "1, " "1, " "1, " "1, " "1, " "1, " "1, " "1, " "1, " "1, " "1, " "1, " "1, " "1, " "1, " "1, " "1, " "1, " "1, " "1, " "1, " "1, " "1, " "1, " "1, " "1, " "1, " "1, " "1, " "1, " "1, " "1, " "1, " "1, " "1, " "1, " "1, " "1, " "1, " "1, " "1, " "1, " "1, " "1, " "1, " "1, " "1, " "1, " "1, " "1, " "1, " "1, " "1, " "1, " "1, " "1, " "1, " "1, " "1, " "1, " "1, " "1, " "1, " "1, " "1, " "1, " "1, " "1, " "1, " "1, " "1, " "1, " "1, " "1, " "1, " "1, " "1, " "1, " "1, " "1, " "1, " "1, " "1, " "1, " "1, " "1, " "1, " "1, " "1, " "1, " "1, " "1, " "1, " "1, " "1, " "1, " "1, " "0, " "1, " "1, " "1, " "1, " "1, " "1, " "1, " "1, " "1, " "1, " "1, " "1, " "1, " "1, " "1, " "1, " "1, " "1, " "1, " "1, " "1, " "1, " "1, " "1, "0
 "Nei105, 0.254, " "0.132, " "1, " "1, " "1, " "1, " "1, " "1, " "1, " "1, " "1, " "1, " "1, " "1, " "1, " "1, " "1, " "1, " "1, " "1, " "1, " "1, " "1, " "1, " "1, " "1, " "1, " "1, " "1, " "1, " "1, " "1, " "1, " "1, " "1, " "1, " "1, " "1, " "1, " "1, " "1, " "1, " "1, " "1, " "1, " "1, " "1, " "1, " "1, " "1, " "1, " "1, " "1, " "1, " "1, " "1, " "1, " "1, " "1, " "1, " "1, " "1, " "1, " "1, " "1, " "1, " "1, " "1, " "1, " "1, " "1, " "1, " "1, " "1, " "1, " "1, " "1, " "1, " "1, " "1, " "1, " "1, " "1, " "1, " "1, " "1, " "1, " "1, " "1, " "1, " "1, " "1, " "1, " "1, " "1, " "1, " "1, " "1, " "1, " "1, " "1, " "1, " "1, " "1, " "1, " "1, " "1, " "0, " "1, " "1, " "1, " "1, " "1, " "1, " "1, " "1, " "1, " "1, " "1, " "1, " "1, " "1, " "1, " "1, " "1, " "1, " "1, " "1, " "1, " "1, " "1, "0
 "Nei106, 0.065, " "-0.56, " "1, " "1, " "1, " "1, " "1, " "1, " "1, " "1, " "1, " "1, " "1, " "1, " "1, " "1, " "1, " "1, " "1, " "1, " "1, " "1, " "1, " "1, " "1, " "1, " "1, " "1, " "1, " "1, " "1, " "1, " "1, " "1, " "1, " "1, " "1, " "1, " "1, " "1, " "1, " "1, " "1, " "1, " "1, " "1, " "1, " "1, " "1, " "1, " "1, " "1, " "1, " "1, " "1, " "1, " "1, " "1, " "1, " "1, " "1, " "1, " "1, " "1, " "1, " "1, " "1, " "1, " "1, " "1, " "1, " "1, " "1, " "1, " "1, " "1, " "1, " "1, " "1, " "1, " "1, " "1, " "1, " "1, " "1, " "1, " "1, " "1, " "1, " "1, " "1, " "1, " "1, " "1, " "1, " "1, " "1, " "1, " "1, " "1, " "1, " "1, " "1, " "1, " "1, " "1, " "1, " "1, " "0, " "1, " "1, " "1, " "1, " "1, " "1, " "1, " "1, " "1, " "1, " "1, " "1, " "1, " "1, " "1, " "1, " "1, " "1, " "1, " "1, " "1, " "1, "0
 "Nei107, 0.068, " "-0.185, " "1, " "1, " "1, " "1, " "1, " "1, " "1, " "1, " "1, " "1, " "1, " "1, " "1, " "1, " "1, " "1, " "1, " "1, " "1, " "1, " "1, " "1, " "1, " "1, " "1, " "1, " "1, " "1, " "1, " "1, " "1, " "1, " "1, " "1, " "1, " "1, " "1, " "1, " "1, " "1, " "1, " "1, " "1, " "1, " "1, " "1, " "1, " "1, " "1, " "1, " "1, " "1, " "1, " "1, " "1, " "1, " "1, " "1, " "1, " "1, " "1, " "1, " "1, " "1, " "1, " "1, " "1, " "1, " "1, " "1, " "1, " "1, " "1, " "1, " "1, " "1, " "1, " "1, " "1, " "1, " "1, " "1, " "1, " "1, " "1, " "1, " "1, " "1, " "1, " "1, " "1, " "1, " "1, " "1, " "1, " "1, " "1, " "1, " "1, " "1, " "1, " "1, " "1, " "1, " "1, " "1, " "1, " "0, " "1, " "1, " "1, " "1, " "1, " "1, " "1, " "1, " "1, " "1, " "1, " "1, " "1, " "1, " "1, " "1, " "1, " "1, " "1, " "1, " "1, "0
 "Nei108, 0.371, " "-0.685, " "1, " "1, " "1, " "1, " "1, " "1, " "1, " "1, " "1, " "1, " "1, " "1, " "1, " "1, " "1, " "1, " "1, " "1, " "1, " "1, " "1, " "1, " "1, " "1, " "1, " "1, " "1, " "1, " "1, " "1, " "1, " "1, " "1, " "1, " "1, " "1, " "1, " "1, " "1, " "1, " "1, " "1, " "1, " "1, " "1, " "1, " "1, " "1, " "1, " "1, " "1, " "1, " "1, " "1, " "1, " "1, " "1, " "1, " "1, " "1, " "1, " "1, " "1, " "1, " "1, " "1, " "1, " "1, " "1, " "1, " "1, " "1, " "1, " "1, " "1, " "1, " "1, " "1, " "1, " "1, " "1, " "1, " "1, " "1, " "1, " "1, " "1, " "1, " "1, " "1, " "1, " "1, " "1, " "1, " "1, " "1, " "1, " "1, " "1, " "1, " "1, " "1, " "1, " "1, " "1, " "1, " "1, " "1, " "0, " "1, " "1, " "1, " "1, " "1, " "1, " "1, " "1, " "1, " "1, " "1, " "1, " "1, " "1, " "1, " "1, " "1, " "1, " "1, " "1, "0
 "Nei109, 0.346, " "0.3, " "1, " "1, " "1, " "1, " "1, " "1, " "1, " "1, " "1, " "1, " "1, " "1, " "1, " "1, " "1, " "1, " "1, " "1, " "1, " "1, " "1, " "1, " "1, " "1, " "1, " "1, " "1, " "1, " "1, " "1, " "1, " "1, " "1, " "1, " "1, " "1, " "1, " "1, " "1, " "1, " "1, " "1, " "1, " "1, " "1, " "1, " "1, " "1, " "1, " "1, " "1, " "1, " "1, " "1, " "1, " "1, " "1, " "1, " "1, " "1, " "1, " "1, " "1, " "1, " "1, " "1, " "1, " "1, " "1, " "1, " "1, " "1, " "1, " "1, " "1, " "1, " "1, " "1, " "1, " "1, " "1, " "1, " "1, " "1, " "1, " "1, " "1, " "1, " "1, " "1, " "1, " "1, " "1, " "1, " "1, " "1, " "1, " "1, " "1, " "1, " "1, " "1, " "1, " "1, " "1, " "1, " "1, " "1, " "1, " "0, " "1, " "1, " "1, " "1, " "1, " "1, " "1, " "1, " "1, " "1, " "1, " "1, " "1, " "1, " "1, " "1, " "1, " "1, " "1, "0
 "Nei110, 0.081, " "0.721, " "1, " "1, " "1, " "1, " "1, " "1, " "1, " "1, " "1, " "1, " "1, " "1, " "1, " "1, " "1, " "1, " "1, " "1, " "1, " "1, " "1, " "1, " "1, " "1, " "1, " "1, " "1, " "1, " "1, " "1, " "1, " "1, " "1, " "1, " "1, " "1, " "1, " "1, " "1, " "1, " "1, " "1, " "1, " "1, " "1, " "1, " "1, " "1, " "1, " "1, " "1, " "1, " "1, " "1, " "1, " "1, " "1, " "1, " "1, " "1, " "1, " "1, " "1, " "1, " "1, " "1, " "1, " "1, " "1, " "1, " "1, " "1, " "1, " "1, " "1, " "1, " "1, " "1, " "1, " "1, " "1, " "1, " "1, " "1, " "1, " "1, " "1, " "1, " "1, " "1, " "1, " "1, " "1, " "1, " "1, " "1, " "1, " "1, " "1, " "1, " "1, " "1, " "1, " "1, " "1, " "1, " "1, " "1, " "1, " "1, " "0, " "1, " "1, " "1, " "1, " "1, " "1, " "1, " "1, " "1, " "1, " "1, " "1, " "1, " "1, " "1, " "1, " "1, " "1, "0
 "Nei111, 0.329, " "-0.182, " "1, " "1, " "1, " "1, " "1, " "1, " "1, " "1, " "1, " "1, " "1, " "1, " "1, " "1, " "1, " "1, " "1, " "1, " "1, " "1, " "1, " "1, " "1, " "1, " "1, " "1, " "1, " "1, " "1, " "1, " "1, " "1, " "1, " "1, " "1, " "1, " "1, " "1, " "1, " "1, " "1, " "1, " "1, " "1, " "1, " "1, " "1, " "1, " "1, " "1, " "1, " "1, " "1, " "1, " "1, " "1, " "1, " "1, " "1, " "1, " "1, " "1, " "1, " "1, " "1, " "1, " "1, " "1, " "1, " "1, " "1, " "1, " "1, " "1, " "1, " "1, " "1, " "1, " "1, " "1, " "1, " "1, " "1, " "1, " "1, " "1, " "1, " "1, " "1, " "1, " "1, " "1, " "1, " "1, " "1, " "1, " "1, " "1, " "1, " "1, " "1, " "1, " "1, " "1, " "1, " "1, " "1, " "1, " "1, " "1, " "1, " "0, " "1, " "1, " "1, " "1, " "1, " "1, " "1, " "1, " "1, " "1, " "1, " "1, " "1, " "1, " "1, " "1, " "1, "0
 "Nei112, 0.168, " "-0.584, " "1, " "1, " "1, " "1, " "1, " "1, " "1, " "1, " "1, " "1, " "1, " "1, " "1, " "1, " "1, " "1, " "1, " "1, " "1, " "1, " "1, " "1, " "1, " "1, " "1, " "1, " "1, " "1, " "1, " "1, " "1, " "1, " "1, " "1, " "1, " "1, " "1, " "1, " "1, " "1, " "1, " "1, " "1, " "1, " "1, " "1, " "1, " "1, " "1, " "1, " "1, " "1, " "1, " "1, " "1, " "1, " "1, " "1, " "1, " "1, " "1, " "1, " "1, " "1, " "1, " "1, " "1, " "1, " "1, " "1, " "1, " "1, " "1, " "1, " "1, " "1, " "1, " "1, " "1, " "1, " "1, " "1, " "1, " "1, " "1, " "1, " "1, " "1, " "1, " "1, " "1, " "1, " "1, " "1, " "1, " "1, " "1, " "1, " "1, " "1, " "1, " "1, " "1, " "1, " "1, " "1, " "1, " "1, " "1, " "1, " "1, " "1, " "0, " "1, " "1, " "1, " "1, " "1, " "1, " "1, " "1, " "1, " "1, " "1, " "1, " "1, " "1, " "1, " "1, "0
 "Nei113, 0.324, " "0.91, " "1, " "1, " "1, " "1, " "1, " "1, " "1, " "1, " "1, " "1, " "1, " "1, " "1, " "1, " "1, " "1, " "1, " "1, " "1, " "1, " "1, " "1, " "1, " "1, " "1, " "1, " "1, " "1, " "1, " "1, " "1, " "1, " "1, " "1, " "1, " "1, " "1, " "1, " "1, " "1, " "1, " "1, " "1, " "1, " "1, " "1, " "1, " "1, " "1, " "1, " "1, " "1, " "1, " "1, " "1, " "1, " "1, " "1, " "1, " "1, " "1, " "1, " "1, " "1, " "1, " "1, " "1, " "1, " "1, " "1, " "1, " "1, " "1, " "1, " "1, " "1, " "1, " "1, " "1, " "1, " "1, " "1, " "1, " "1, " "1, " "1, " "1, " "1, " "1, " "1, " "1, " "1, " "1, " "1, " "1, " "1, " "1, " "1, " "1, " "1, " "1, " "1, " "1, " "1, " "1, " "1, " "1, " "1, " "1, " "1, " "1, " "1, " "1, " "0, " "1, " "1, " "1, " "1, " "1, " "1, " "1, " "1, " "1, " "1, " "1, " "1, " "1, " "1, " "1, "0
 "Nei114, 0.219, " "0.922, " "1, " "1, " "1, " "1, " "1, " "1, " "1, " "1, " "1, " "1, " "1, " "1, " "1, " "1, " "1, " "1, " "1, " "1, " "1, " "1, " "1, " "1, " "1, " "1, " "1, " "1, " "1, " "1, " "1, " "1, " "1, " "1, " "1, " "1, " "1, " "1, " "1, " "1, " "1, " "1, " "1, " "1, " "1, " "1, " "1, " "1, " "1, " "1, " "1, " "1, " "1, " "1, " "1, " "1, " "1, " "1, " "1, " "1, " "1, " "1, " "1, " "1, " "1, " "1, " "1, " "1, " "1, " "1, " "1, " "1, " "1, " "1, " "1, " "1, " "1, " "1, " "1, " "1, " "1, " "1, " "1, " "1, " "1, " "1, " "1, " "1, " "1, " "1, " "1, " "1, " "1, " "1, " "1, " "1, " "1, " "1, " "1, " "1, " "1, " "1, " "1, " "1, " "1, " "1, " "1, " "1, " "1, " "1, " "1, " "1, " "1, " "1, " "1, " "1, " "0, " "1, " "1, " "1, " "1, " "1, " "1, " "1, " "1, " "1, " "1, " "1, " "1, " "1, " "1, "0
 "Nei115, 0.27, " "0.205, " "1, " "1, " "1, " "1, " "1, " "1, " "1, " "1, " "1, " "1, " "1, " "1, " "1, " "1, " "1, " "1, " "1, " "1, " "1, " "1, " "1, " "1, " "1, " "1, " "1, " "1, " "1, " "1, " "1, " "1, " "1, " "1, " "1, " "1, " "1, " "1, " "1, " "1, " "1, " "1, " "1, " "1, " "1, " "1, " "1, " "1, " "1, " "1, " "1, " "1, " "1, " "1, " "1, " "1, " "1, " "1, " "1, " "1, " "1, " "1, " "1, " "1, " "1, " "1, " "1, " "1, " "1, " "1, " "1, " "1, " "1, " "1, " "1, " "1, " "1, " "1, " "1, " "1, " "1, " "1, " "1, " "1, " "1, " "1, " "1, " "1, " "1, " "1, " "1, " "1, " "1, " "1, " "1, " "1, " "1, " "1, " "1, " "1, " "1, " "1, " "1, " "1, " "1, " "1, " "1, " "1, " "1, " "1, " "1, " "1, " "1, " "1, " "1, " "1, " "1, " "0, " "1, " "1, " "1, " "1, " "1, " "1, " "1, " "1, " "1, " "1, " "1, " "1, " "1, "0
 "Nei116, 0.372, " "-0.892, " "1, " "1, " "1, " "1, " "1, " "1, " "1, " "1, " "1, " "1, " "1, " "1, " "1, " "1, " "1, " "1, " "1, " "1, " "1, " "1, " "1, " "1, " "1, " "1, " "1, " "1, " "1, " "1, " "1, " "1, " "1, " "1, " "1, " "1, " "1, " "1, " "1, " "1, " "1, " "1, " "1, " "1, " "1, " "1, " "1, " "1, " "1, " "1, " "1, " "1, " "1, " "1, " "1, " "1, " "1, " "1, " "1, " "1, " "1, " "1, " "1, " "1, " "1, " "1, " "1, " "1, " "1, " "1, " "1, " "1, " "1, " "1, " "1, " "1, " "1, " "1, " "1, " "1, " "1, " "1, " "1, " "1, " "1, " "1, " "1, " "1, " "1, " "1, " "1, " "1, " "1, " "1, " "1, " "1, " "1, " "1, " "1, " "1, " "1, " "1, " "1, " "1, " "1, " "1, " "1, " "1, " "1, " "1, " "1, " "1, " "1, " "1, " "1, " "1, " "1, " "1, " "0, " "1, " "1, " "1, " "1, " "1, " "1, " "1, " "1, " "1, " "1, " "1, " "1, "0
 "Nei117, 0.269, " "0.103, " "1, " "1, " "1, " "1, " "1, " "1, " "1, " "1, " "1, " "1, " "1, " "1, " "1, " "1, " "1, " "1, " "1, " "1, " "1, " "1, " "1, " "1, " "1, " "1, " "1, " "1, " "1, " "1, " "1, " "1, " "1, " "1, " "1, " "1, " "1, " "1, " "1, " "1, " "1, " "1, " "1, " "1, " "1, " "1, " "1, " "1, " "1, " "1, " "1, " "1, " "1, " "1, " "1, " "1, " "1, " "1, " "1, " "1, " "1, " "1, " "1, " "1, " "1, " "1, " "1, " "1, " "1, " "1, " "1, " "1, " "1, " "1, " "1, " "1, " "1, " "1, " "1, " "1, " "1, " "1, " "1, " "1, " "1, " "1, " "1, " "1, " "1, " "1, " "1, " "1, " "1, " "1, " "1, " "1, " "1, " "1, " "1, " "1, " "1, " "1, " "1, " "1, " "1, " "1, " "1, " "1, " "1, " "1, " "1, " "1, " "1, " "1, " "1, " "1, " "1, " "1, " "1, " "0, " "1, " "1, " "1, " "1, " "1, " "1, " "1, " "1, " "1, " "1, " "1, "0
 "Nei118, 0.076, " "-0.961, " "1, " "1, " "1, " "1, " "1, " "1, " "1, " "1, " "1, " "1, " "1, " "1, " "1, " "1, " "1, " "1, " "1, " "1, " "1, " "1, " "1, " "1, " "1, " "1, " "1, " "1, " "1, " "1, " "1, " "1, " "1, " "1, " "1, " "1, " "1, " "1, " "1, " "1, " "1, " "1, " "1, " "1, " "1, " "1, " "1, " "1, " "1, " "1, " "1, " "1, " "1, " "1, " "1, " "1, " "1, " "1, " "1, " "1, " "1, " "1, " "1, " "1, " "1, " "1, " "1, " "1, " "1, " "1, " "1, " "1, " "1, " "1, " "1, " "1, " "1, " "1, " "1, " "1, " "1, " "1, " "1, " "1, " "1, " "1, " "1, " "1, " "1, " "1, " "1, " "1, " "1, " "1, " "1, " "1, " "1, " "1, " "1, " "1, " "1, " "1, " "1, " "1, " "1, " "1, " "1, " "1, " "1, " "1, " "1, " "1, " "1, " "1, " "1, " "1, " "1, " "1, " "1, " "1, " "0, " "1, " "1, " "1, " "1, " "1, " "1, " "1, " "1, " "1, " "1, "0
 "Nei119, 0.308, " "-0.426, " "1, " "1, " "1, " "1, " "1, " "1, " "1, " "1, " "1, " "1, " "1, " "1, " "1, " "1, " "1, " "1, " "1, " "1, " "1, " "1, " "1, " "1, " "1, " "1, " "1, " "1, " "1, " "1, " "1, " "1, " "1, " "1, " "1, " "1, " "1, " "1, " "1, " "1, " "1, " "1, " "1, " "1, " "1, " "1, " "1, " "1, " "1, " "1, " "1, " "1, " "1, " "1, " "1, " "1, " "1, " "1, " "1, " "1, " "1, " "1, " "1, " "1, " "1, " "1, " "1, " "1, " "1, " "1, " "1, " "1, " "1, " "1, " "1, " "1, " "1, " "1, " "1, " "1, " "1, " "1, " "1, " "1, " "1, " "1, " "1, " "1, " "1, " "1, " "1, " "1, " "1, " "1, " "1, " "1, " "1, " "1, " "1, " "1, " "1, " "1, " "1, " "1, " "1, " "1, " "1, " "1, " "1, " "1, " "1, " "1, " "1, " "1, " "1, " "1, " "1, " "1, " "1, " "1, " "1, " "0, " "1, " "1, " "1, " "1, " "1, " "1, " "1, " "1, " "1, "0
 "Nei120, 0.197, " "-0.914, " "1, " "1, " "1, " "1, " "1, " "1, " "1, " "1, " "1, " "1, " "1, " "1, " "1, " "1, " "1, " "1, " "1, " "1, " "1, " "1, " "1, " "1, " "1, " "1, " "1, " "1, " "1, " "1, " "1, " "1, " "1, " "1, " "1, " "1, " "1, " "1, " "1, " "1, " "1, " "1, " "1, " "1, " "1, " "1, " "1, " "1, " "1, " "1, " "1, " "1, " "1, " "1, " "1, " "1, " "1, " "1, " "1, " "1, " "1, " "1, " "1, " "1, " "1, " "1, " "1, " "1, " "1, " "1, " "1, " "1, " "1, " "1, " "1, " "1, " "1, " "1, " "1, " "1, " "1, " "1, " "1, " "1, " "1, " "1, " "1, " "1, " "1, " "1, " "1, " "1, " "1, " "1, " "1, " "1, " "1, " "1, " "1, " "1, " "1, " "1, " "1, " "1, " "1, " "1, " "1, " "1, " "1, " "1, " "1, " "1, " "1, " "1, " "1, " "1, " "1, " "1, " "1, " "1, " "1, " "1, " "0, " "1, " "1, " "1, " "1, " "1, " "1, " "1, " "1, "0
 "Nei121, 0.393, " "0.516, " "1, " "1, " "1, " "1, " "1, " "1, " "1, " "1, " "1, " "1, " "1, " "1, " "1, " "1, " "1, " "1, " "1, " "1, " "1, " "1, " "1, " "1, " "1, " "1, " "1, " "1, " "1, " "1, " "1, " "1, " "1, " "1, " "1, " "1, " "1, " "1, " "1, " "1, " "1, " "1, " "1, " "1, " "1, " "1, " "1, " "1, " "1, " "1, " "1, " "1, " "1, " "1, " "1, " "1, " "1, " "1, " "1, " "1, " "1, " "1, " "1, " "1, " "1, " "1, " "1, " "1, " "1, " "1, " "1, " "1, " "1, " "1, " "1, " "1, " "1, " "1, " "1, " "1, " "1, " "1, " "1, " "1, " "1, " "1, " "1, " "1, " "1, " "1, " "1, " "1, " "1, " "1, " "1, " "1, " "1, " "1, " "1, " "1, " "1, " "1, " "1, " "1, " "1, " "1, " "1, " "1, " "1, " "1, " "1, " "1, " "1, " "1, " "1, " "1, " "1, " "1, " "1, " "1, " "1, " "1, " "1, " "0, " "1, " "1, " "1, " "1, " "1, " "1, " "1, "0
 "Nei122, 0.167, " "-0.721, " "1, " "1, " "1, " "1, " "1, " "1, " "1, " "1, " "1, " "1, " "1, " "1, " "1, " "1, " "1, " "1, " "1, " "1, " "1, " "1, " "1, " "1, " "1, " "1, " "1, " "1, " "1, " "1, " "1, " "1, " "1, " "1, " "1, " "1, " "1, " "1, " "1, " "1, " "1, " "1, " "1, " "1, " "1, " "1, " "1, " "1, " "1, " "1, " "1, " "1, " "1, " "1, " "1, " "1, " "1, " "1, " "1, " "1, " "1, " "1, " "1, " "1, " "1, " "1, " "1, " "1, " "1, " "1, " "1, " "1, " "1, " "1, " "1, " "1, " "1, " "1, " "1, " "1, " "1, " "1, " "1, " "1, " "1, " "1, " "1, " "1, " "1, " "1, " "1, " "1, " "1, " "1, " "1, " "1, " "1, " "1, " "1, " "1, " "1, " "1, " "1, " "1, " "1, " "1, " "1, " "1, " "1, " "1, " "1, " "1, " "1, " "1, " "1, " "1, " "1, " "1, " "1, " "1, " "1, " "1, " "1, " "1, " "0, " "1, " "1, " "1, " "1, " "1, " "1, "0
 "Nei123, 0.2, " "0.478, " "1, " "1, " "1, " "1, " "1, " "1, " "1, " "1, " "1, " "1, " "1, " "1, " "1, " "1, " "1, " "1, " "1, " "1, " "1, " "1, " "1, " "1, " "1, " "1, " "1, " "1, " "1, " "1, " "1, " "1, " "1, " "1, " "1, " "1, " "1, " "1, " "1, " "1, " "1, " "1, " "1, " "1, " "1, " "1, " "1, " "1, " "1, " "1, " "1, " "1, " "1, " "1, " "1, " "1, " "1, " "1, " "1, " "1, " "1, " "1, " "1, " "1, " "1, " "1, " "1, " "1, " "1, " "1, " "1, " "1, " "1, " "1, " "1, " "1, " "1, " "1, " "1, " "1, " "1, " "1, " "1, " "1, " "1, " "1, " "1, " "1, " "1, " "1, " "1, " "1, " "1, " "1, " "1, " "1, " "1, " "1, " "1, " "1, " "1, " "1, " "1, " "1, " "1, " "1, " "1, " "1, " "1, " "1, " "1, " "1, " "1, " "1, " "1, " "1, " "1, " "1, " "1, " "1, " "1, " "1, " "1, " "1, " "1, " "0, " "1, " "1, " "1, " "1, " "1, "0
 "Nei124, 0.321, " "0.438, " "1, " "1, " "1, " "1, " "1, " "1, " "1, " "1, " "1, " "1, " "1, " "1, " "1, " "1, " "1, " "1, " "1, " "1, " "1, " "1, " "1, " "1, " "1, " "1, " "1, " "1, " "1, " "1, " "1, " "1, " "1, " "1, " "1, " "1, " "1, " "1, " "1, " "1, " "1, " "1, " "1, " "1, " "1, " "1, " "1, " "1, " "1, " "1, " "1, " "1, " "1, " "1, " "1, " "1, " "1, " "1, " "1, " "1, " "1, " "1, " "1, " "1, " "1, " "1, " "1, " "1, " "1, " "1, " "1, " "1, " "1, " "1, " "1, " "1, " "1, " "1, " "1, " "1, " "1, " "1, " "1, " "1, " "1, " "1, " "1, " "1, " "1, " "1, " "1, " "1, " "1, " "1, " "1, " "1, " "1, " "1, " "1, " "1, " "1, " "1, " "1, " "1, " "1, " "1, " "1, " "1, " "1, " "1, " "1, " "1, " "1, " "1, " "1, " "1, " "1, " "1, " "1, " "1, " "1, " "1, " "1, " "1, " "1, " "1, " "0, " "1, " "1, " "1, " "1, "0
 "Nei125, 0.198, " "-0.989, " "1, " "1, " "1, " "1, " "1, " "1, " "1, " "1, " "1, " "1, " "1, " "1, " "1, " "1, " "1, " "1, " "1, " "1, " "1, " "1, " "1, " "1, " "1, " "1, " "1, " "1, " "1, " "1, " "1, " "1, " "1, " "1, " "1, " "1, " "1, " "1, " "1, " "1, " "1, " "1, " "1, " "1, " "1, " "1, " "1, " "1, " "1, " "1, " "1, " "1, " "1, " "1, " "1, " "1, " "1, " "1, " "1, " "1, " "1, " "1, " "1, " "1, " "1, " "1, " "1, " "1, " "1, " "1, " "1, " "1, " "1, " "1, " "1, " "1, " "1, " "1, " "1, " "1, " "1, " "1, " "1, " "1, " "1, " "1, " "1, " "1, " "1, " "1, " "1, " "1, " "1, " "1, " "1, " "1, " "1, " "1, " "1, " "1, " "1, " "1, " "1, " "1, " "1, " "1, " "1, " "1, " "1, " "1, " "1, " "1, " "1, " "1, " "1, " "1, " "1, " "1, " "1, " "1, " "1, " "1, " "1, " "1, " "1, " "1, " "1, " "0, " "1, " "1, " "1, "0
 "Nei126, 0.044, " "-0.117, " "1, " "1, " "1, " "1, " "1, " "1, " "1, " "1, " "1, " "1, " "1, " "1, " "1, " "1, " "1, " "1, " "1, " "1, " "1, " "1, " "1, " "1, " "1, " "1, " "1, " "1, " "1, " "1, " "1, " "1, " "1, " "1, " "1, " "1, " "1, " "1, " "1, " "1, " "1, " "1, " "1, " "1, " "1, " "1, " "1, " "1, " "1, " "1, " "1, " "1, " "1, " "1, " "1, " "1, " "1, " "1, " "1, " "1, " "1, " "1, " "1, " "1, " "1, " "1, " "1, " "1, " "1, " "1, " "1, " "1, " "1, " "1, " "1, " "1, " "1, " "1, " "1, " "1, " "1, " "1, " "1, " "1, " "1, " "1, " "1, " "1, " "1, " "1, " "1, " "1, " "1, " "1, " "1, " "1, " "1, " "1, " "1, " "1, " "1, " "1, " "1, " "1, " "1, " "1, " "1, " "1, " "1, " "1, " "1, " "1, " "1, " "1, " "1, " "1, " "1, " "1, " "1, " "1, " "1, " "1, " "1, " "1, " "1, " "1, " "1, " "1, " "0, " "1, " "1, "0
 "Nei127, 0.137, " "-0.132, " "1, " "1, " "1, " "1, " "1, " "1, " "1, " "1, " "1, " "1, " "1, " "1, " "1, " "1, " "1, " "1, " "1, " "1, " "1, " "1, " "1, " "1, " "1, " "1, " "1, " "1, " "1, " "1, " "1, " "1, " "1, " "1, " "1, " "1, " "1, " "1, " "1, " "1, " "1, " "1, " "1, " "1, " "1, " "1, " "1, " "1, " "1, " "1, " "1, " "1, " "1, " "1, " "1, " "1, " "1, " "1, " "1, " "1, " "1, " "1, " "1, " "1, " "1, " "1, " "1, " "1, " "1, " "1, " "1, " "1, " "1, " "1, " "1, " "1, " "1, " "1, " "1, " "1, " "1, " "1, " "1, " "1, " "1, " "1, " "1, " "1, " "1, " "1, " "1, " "1, " "1, " "1, " "1, " "1, " "1, " "1, " "1, " "1, " "1, " "1, " "1, " "1, " "1, " "1, " "1, " "1, " "1, " "1, " "1, " "1, " "1, " "1, " "1, " "1, " "1, " "1, " "1, " "1, " "1, " "1, " "1, " "1, " "1, " "1, " "1, " "1, " "1, " "0, " "1, "0
 "Nei128, 0.34, " "-0.853, " "1, " "1, " "1, " "1, " "1, " "1, " "1, " "1, " "1, " "1, " "1, " "1, " "1, " "1, " "1, " "1, " "1, " "1, " "1, " "1, " "1, " "1, " "1, " "1, " "1, " "1, " "1, " "1, " "1, " "1, " "1, " "1, " "1, " "1, " "1, " "1, " "1, " "1, " "1, " "1, " "1, " "1, " "1, " "1, " "1, " "1, " "1, " "1, " "1, " "1, " "1, " "1, " "1, " "1, " "1, " "1, " "1, " "1, " "1, " "1, " "1, " "1, " "1, " "1, " "1, " "1, " "1, " "1, " "1, " "1, " "1, " "1, " "1, " "1, " "1, " "1, " "1, " "1, " "1, " "1, " "1, " "1, " "1, " "1, " "1, " "1, " "1, " "1, " "1, " "1, " "1, " "1, " "1, " "1, " "1, " "1, " "1, " "1, " "1, " "1, " "1, " "1, " "1, " "1, " "1, " "1, " "1, " "1, " "1, " "1, " "1, " "1, " "1, " "1, " "1, " "1, " "1, " "1, " "1, " "1, " "1, " "1, " "1, " "1, " "1, " "1, " "1, " "1, " "0, "0
 "Nei0, 0.377, " "-0.092, " "0, " "1, " "1, " "1, " "1, " "1, " "1, " "1, " "1, " "1, " "1, " "1, " "1, " "1, " "1, " "1, " "1, " "1, " "1, " "1, " "1, " "1, " "1, " "1, " "1, " "1, " "1, " "1, " "1, " "1, " "1, " "1, " "1, " "1, " "1, " "1, " "1, " "1, " "1, " "1, " "1, " "1, " "1, " "1, " "1, " "1, " "1, " "1, " "1, " "1, " "1, " "1, " "1, " "1, " "1, " "1, " "1, " "1, " "1, " "1, " "1, " "1, " "1, " "1, " "1, " "1, " "1, " "1, " "1, " "1, " "1, " "1, " "1, " "1, " "1, " "1, " "1, " "1, " "1, " "1, " "1, " "1, " "1, " "1, " "1, " "1, " "1, " "1, " "1, " "1, " "1, " "1, " "1, " "1, " "1, " "1, " "1, " "1, " "1, " "1, " "1, " "1, " "1, " "1, " "1, " "1, " "1, " "1, " "1, " "1, " "1, " "1, " "1, " "1, " "1, " "1, " "1, " "1, " "1, " "1, " "1, " "1, " "1, " "1, " "1, " "1, " "1, " "1, " "1, "206
 "Nei1, 0.374, " "-0.092, " "1, " "0, " "1, " "1, " "1, " "1, " "1, " "1, " "1, " "1, " "1, " "1, " "1, " "1, " "1, " "1, " "1, " "1, " "1, " "1, " "1, " "1, " "1, " "1, " "1, " "1, " "1, " "1, " "1, " "1, " "1, " "1, " "1, " "1, " "1, " "1, " "1, " "1, " "1, " "1, " "1, " "1, " "1, " "1, " "1, " "1, " "1, " "1, " "1, " "1, " "1, " "1, " "1, " "1, " "1, " "1, " "1, " "1, " "1, " "1, " "1, " "1, " "1, " "1, " "1, " "1, " "1, " "1, " "1, " "1, " "1, " "1, " "1, " "1, " "1, " "1, " "1, " "1, " "1, " "1, " "1, " "1, " "1, " "1, " "1, " "1, " "1, " "1, " "1, " "1, " "1, " "1, " "1, " "1, " "1, " "1, " "1, " "1, " "1, " "1, " "1, " "1, " "1, " "1, " "1, " "1, " "1, " "1, " "1, " "1, " "1, " "1, " "1, " "1, " "1, " "1, " "1, " "1, " "1, " "1, " "1, " "1, " "1, " "1, " "1, " "1, " "1, " "1, " "1, "206
 "Nei2, 0.353, " "-0.092, " "1, " "1, " "0, " "1, " "1, " "1, " "1, " "1, " "1, " "1, " "1, " "1, " "1, " "1, " "1, " "1, " "1, " "1, " "1, " "1, " "1, " "1, " "1, " "1, " "1, " "1, " "1, " "1, " "1, " "1, " "1, " "1, " "1, " "1, " "1, " "1, " "1, " "1, " "1, " "1, " "1, " "1, " "1, " "1, " "1, " "1, " "1, " "1, " "1, " "1, " "1, " "1, " "1, " "1, " "1, " "1, " "1, " "1, " "1, " "1, " "1, " "1, " "1, " "1, " "1, " "1, " "1, " "1, " "1, " "1, " "1, " "1, " "1, " "1, " "1, " "1, " "1, " "1, " "1, " "1, " "1, " "1, " "1, " "1, " "1, " "1, " "1, " "1, " "1, " "1, " "1, " "1, " "1, " "1, " "1, " "1, " "1, " "1, " "1, " "1, " "1, " "1, " "1, " "1, " "1, " "1, " "1, " "1, " "1, " "1, " "1, " "1, " "1, " "1, " "1, " "1, " "1, " "1, " "1, " "1, " "1, " "1, " "1, " "1, " "1, " "1, " "1, " "1, " "1, "206
 "Nei3, 0.037, " "-0.092, " "1, " "1, " "1, " "0, " "1, " "1, " "1, " "1, " "1, " "1, " "1, " "1, " "1, " "1, " "1, " "1, " "1, " "1, " "1, " "1, " "1, " "1, " "1, " "1, " "1, " "1, " "1, " "1, " "1, " "1, " "1, " "1, " "1, " "1, " "1, " "1, " "1, " "1, " "1, " "1, " "1, " "1, " "1, " "1, " "1, " "1, " "1, " "1, " "1, " "1, " "1, " "1, " "1, " "1, " "1, " "1, " "1, " "1, " "1, " "1, " "1, " "1, " "1, " "1, " "1, " "1, " "1, " "1, " "1, " "1, " "1, " "1, " "1, " "1, " "1, " "1, " "1, " "1, " "1, " "1, " "1, " "1, " "1, " "1, " "1, " "1, " "1, " "1, " "1, " "1, " "1, " "1, " "1, " "1, " "1, " "1, " "1, " "1, " "1, " "1, " "1, " "1, " "1, " "1, " "1, " "1, " "1, " "1, " "1, " "1, " "1, " "1, " "1, " "1, " "1, " "1, " "1, " "1, " "1, " "1, " "1, " "1, " "1, " "1, " "1, " "1, " "1, " "1, " "1, "206
 "Nei4, 0.38, " "-0.092, " "1, " "1, " "1, " "1, " "0, " "1, " "1, " "1, " "1, " "1, " "1, " "1, " "1, " "1, " "1, " "1, " "1, " "1, " "1, " "1, " "1, " "1, " "1, " "1, " "1, " "1, " "1, " "1, " "1, " "1, " "1, " "1, " "1, " "1, " "1, " "1, " "1, " "1, " "1, " "1, " "1, " "1, " "1, " "1, " "1, " "1, " "1, " "1, " "1, " "1, " "1, " "1, " "1, " "1, " "1, " "1, " "1, " "1, " "1, " "1, " "1, " "1, " "1, " "1, " "1, " "1, " "1, " "1, " "1, " "1, " "1, " "1, " "1, " "1, " "1, " "1, " "1, " "1, " "1, " "1, " "1, " "1, " "1, " "1, " "1, " "1, " "1, " "1, " "1, " "1, " "1, " "1, " "1, " "1, " "1, " "1, " "1, " "1, " "1, " "1, " "1, " "1, " "1, " "1, " "1, " "1, " "1, " "1, " "1, " "1, " "1, " "1, " "1, " "1, " "1, " "1, " "1, " "1, " "1, " "1, " "1, " "1, " "1, " "1, " "1, " "1, " "1, " "1, " "1, "206
 "Nei5, 0.378, " "-0.092, " "1, " "1, " "1, " "1, " "1, " "0, " "1, " "1, " "1, " "1, " "1, " "1, " "1, " "1, " "1, " "1, " "1, " "1, " "1, " "1, " "1, " "1, " "1, " "1, " "1, " "1, " "1, " "1, " "1, " "1, " "1, " "1, " "1, " "1, " "1, " "1, " "1, " "1, " "1, " "1, " "1, " "1, " "1, " "1, " "1, " "1, " "1, " "1, " "1, " "1, " "1, " "1, " "1, " "1, " "1, " "1, " "1, " "1, " "1, " "1, " "1, " "1, " "1, " "1, " "1, " "1, " "1, " "1, " "1, " "1, " "1, " "1, " "1, " "1, " "1, " "1, " "1, " "1, " "1, " "1, " "1, " "1, " "1, " "1, " "1, " "1, " "1, " "1, " "1, " "1, " "1, " "1, " "1, " "1, " "1, " "1, " "1, " "1, " "1, " "1, " "1, " "1, " "1, " "1, " "1, " "1, " "1, " "1, " "1, " "1, " "1, " "1, " "1, " "1, " "1, " "1, " "1, " "1, " "1, " "1, " "1, " "1, " "1, " "1, " "1, " "1, " "1, " "1, " "1, "206
 "Nei6, 0.038, " "-0.092, " "1, " "1, " "1, " "1, " "1, " "1, " "0, " "1, " "1, " "1, " "1, " "1, " "1, " "1, " "1, " "1, " "1, " "1, " "1, " "1, " "1, " "1, " "1, " "1, " "1, " "1, " "1, " "1, " "1, " "1, " "1, " "1, " "1, " "1, " "1, " "1, " "1, " "1, " "1, " "1, " "1, " "1, " "1, " "1, " "1, " "1, " "1, " "1, " "1, " "1, " "1, " "1, " "1, " "1, " "1, " "1, " "1, " "1, " "1, " "1, " "1, " "1, " "1, " "1, " "1, " "1, " "1, " "1, " "1, " "1, " "1, " "1, " "1, " "1, " "1, " "1, " "1, " "1, " "1, " "1, " "1, " "1, " "1, " "1, " "1, " "1, " "1, " "1, " "1, " "1, " "1, " "1, " "1, " "1, " "1, " "1, " "1, " "1, " "1, " "1, " "1, " "1, " "1, " "1, " "1, " "1, " "1, " "1, " "1, " "1, " "1, " "1, " "1, " "1, " "1, " "1, " "1, " "1, " "1, " "1, " "1, " "1, " "1, " "1, " "1, " "1, " "1, " "1, " "1, "206
 "Nei7, 0.252, " "-0.092, " "1, " "1, " "1, " "1, " "1, " "1, " "1, " "0, " "1, " "1, " "1, " "1, " "1, " "1, " "1, " "1, " "1, " "1, " "1, " "1, " "1, " "1, " "1, " "1, " "1, " "1, " "1, " "1, " "1, " "1, " "1, " "1, " "1, " "1, " "1, " "1, " "1, " "1, " "1, " "1, " "1, " "1, " "1, " "1, " "1, " "1, " "1, " "1, " "1, " "1, " "1, " "1, " "1, " "1, " "1, " "1, " "1, " "1, " "1, " "1, " "1, " "1, " "1, " "1, " "1, " "1, " "1, " "1, " "1, " "1, " "1, " "1, " "1, " "1, " "1, " "1, " "1, " "1, " "1, " "1, " "1, " "1, " "1, " "1, " "1, " "1, " "1, " "1, " "1, " "1, " "1, " "1, " "1, " "1, " "1, " "1, " "1, " "1, " "1, " "1, " "1, " "1, " "1, " "1, " "1, " "1, " "1, " "1, " "1, " "1, " "1, " "1, " "1, " "1, " "1, " "1, " "1, " "1, " "1, " "1, " "1, " "1, " "1, " "1, " "1, " "1, " "1, " "1, " "1, "206
 "Nei8, 0.224, " "-0.092, " "1, " "1, " "1, " "1, " "1, " "1, " "1, " "1, " "0, " "1, " "1, " "1, " "1, " "1, " "1, " "1, " "1, " "1, " "1, " "1, " "1, " "1, " "1, " "1, " "1, " "1, " "1, " "1, " "1, " "1, " "1, " "1, " "1, " "1, " "1, " "1, " "1, " "1, " "1, " "1, " "1, " "1, " "1, " "1, " "1, " "1, " "1, " "1, " "1, " "1, " "1, " "1, " "1, " "1, " "1, " "1, " "1, " "1, " "1, " "1, " "1, " "1, " "1, " "1, " "1, " "1, " "1, " "1, " "1, " "1, " "1, " "1, " "1, " "1, " "1, " "1, " "1, " "1, " "1, " "1, " "1, " "1, " "1, " "1, " "1, " "1, " "1, " "1, " "1, " "1, " "1, " "1, " "1, " "1, " "1, " "1, " "1, " "1, " "1, " "1, " "1, " "1, " "1, " "1, " "1, " "1, " "1, " "1, " "1, " "1, " "1, " "1, " "1, " "1, " "1, " "1, " "1, " "1, " "1, " "1, " "1, " "1, " "1, " "1, " "1, " "1, " "1, " "1, " "1, "206
 "Nei9, 0.109, " "-0.092, " "1, " "1, " "1, " "1, " "1, " "1, " "1, " "1, " "1, " "0, " "1, " "1, " "1, " "1, " "1, " "1, " "1, " "1, " "1, " "1, " "1, " "1, " "1, " "1, " "1, " "1, " "1, " "1, " "1, " "1, " "1, " "1, " "1, " "1, " "1, " "1, " "1, " "1, " "1, " "1, " "1, " "1, " "1, " "1, " "1, " "1, " "1, " "1, " "1, " "1, " "1, " "1, " "1, " "1, " "1, " "1, " "1, " "1, " "1, " "1, " "1, " "1, " "1, " "1, " "1, " "1, " "1, " "1, " "1, " "1, " "1, " "1, " "1, " "1, " "1, " "1, " "1, " "1, " "1, " "1, " "1, " "1, " "1, " "1, " "1, " "1, " "1, " "1, " "1, " "1, " "1, " "1, " "1, " "1, " "1, " "1, " "1, " "1, " "1, " "1, " "1, " "1, " "1, " "1, " "1, " "1, " "1, " "1, " "1, " "1, " "1, " "1, " "1, " "1, " "1, " "1, " "1, " "1, " "1, " "1, " "1, " "1, " "1, " "1, " "1, " "1, " "1, " "1, " "1, "206
 "Nei10, 0.139, " "-0.092, " "1, " "1, " "1, " "1, " "1, " "1, " "1, " "1, " "1, " "1, " "0, " "1, " "1, " "1, " "1, " "1, " "1, " "1, " "1, " "1, " "1, " "1, " "1, " "1, " "1, " "1, " "1, " "1, " "1, " "1, " "1, " "1, " "1, " "1, " "1, " "1, " "1, " "1, " "1, " "1, " "1, " "1, " "1, " "1, " "1, " "1, " "1, " "1, " "1, " "1, " "1, " "1, " "1, " "1, " "1, " "1, " "1, " "1, " "1, " "1, " "1, " "1, " "1, " "1, " "1, " "1, " "1, " "1, " "1, " "1, " "1, " "1, " "1, " "1, " "1, " "1, " "1, " "1, " "1, " "1, " "1, " "1, " "1, " "1, " "1, " "1, " "1, " "1, " "1, " "1, " "1, " "1, " "1, " "1, " "1, " "1, " "1, " "1, " "1, " "1, " "1, " "1, " "1, " "1, " "1, " "1, " "1, " "1, " "1, " "1, " "1, " "1, " "1, " "1, " "1, " "1, " "1, " "1, " "1, " "1, " "1, " "1, " "1, " "1, " "1, " "1, " "1, " "1, " "1, "206
 "Nei11, 0.258, " "-0.092, " "1, " "1, " "1, " "1, " "1, " "1, " "1, " "1, " "1, " "1, " "1, " "0, " "1, " "1, " "1, " "1, " "1, " "1, " "1, " "1, " "1, " "1, " "1, " "1, " "1, " "1, " "1, " "1, " "1, " "1, " "1, " "1, " "1, " "1, " "1, " "1, " "1, " "1, " "1, " "1, " "1, " "1, " "1, " "1, " "1, " "1, " "1, " "1, " "1, " "1, " "1, " "1, " "1, " "1, " "1, " "1, " "1, " "1, " "1, " "1, " "1, " "1, " "1, " "1, " "1, " "1, " "1, " "1, " "1, " "1, " "1, " "1, " "1, " "1, " "1, " "1, " "1, " "1, " "1, " "1, " "1, " "1, " "1, " "1, " "1, " "1, " "1, " "1, " "1, " "1, " "1, " "1, " "1, " "1, " "1, " "1, " "1, " "1, " "1, " "1, " "1, " "1, " "1, " "1, " "1, " "1, " "1, " "1, " "1, " "1, " "1, " "1, " "1, " "1, " "1, " "1, " "1, " "1, " "1, " "1, " "1, " "1, " "1, " "1, " "1, " "1, " "1, " "1, " "1, "206
 "Nei12, 0.335, " "-0.092, " "1, " "1, " "1, " "1, " "1, " "1, " "1, " "1, " "1, " "1, " "1, " "1, " "0, " "1, " "1, " "1, " "1, " "1, " "1, " "1, " "1, " "1, " "1, " "1, " "1, " "1, " "1, " "1, " "1, " "1, " "1, " "1, " "1, " "1, " "1, " "1, " "1, " "1, " "1, " "1, " "1, " "1, " "1, " "1, " "1, " "1, " "1, " "1, " "1, " "1, " "1, " "1, " "1, " "1, " "1, " "1, " "1, " "1, " "1, " "1, " "1, " "1, " "1, " "1, " "1, " "1, " "1, " "1, " "1, " "1, " "1, " "1, " "1, " "1, " "1, " "1, " "1, " "1, " "1, " "1, " "1, " "1, " "1, " "1, " "1, " "1, " "1, " "1, " "1, " "1, " "1, " "1, " "1, " "1, " "1, " "1, " "1, " "1, " "1, " "1, " "1, " "1, " "1, " "1, " "1, " "1, " "1, " "1, " "1, " "1, " "1, " "1, " "1, " "1, " "1, " "1, " "1, " "1, " "1, " "1, " "1, " "1, " "1, " "1, " "1, " "1, " "1, " "1, " "1, "206
 "Nei13, 0.38, " "-0.092, " "1, " "1, " "1, " "1, " "1, " "1, " "1, " "1, " "1, " "1, " "1, " "1, " "1, " "0, " "1, " "1, " "1, " "1, " "1, " "1, " "1, " "1, " "1, " "1, " "1, " "1, " "1, " "1, " "1, " "1, " "1, " "1, " "1, " "1, " "1, " "1, " "1, " "1, " "1, " "1, " "1, " "1, " "1, " "1, " "1, " "1, " "1, " "1, " "1, " "1, " "1, " "1, " "1, " "1, " "1, " "1, " "1, " "1, " "1, " "1, " "1, " "1, " "1, " "1, " "1, " "1, " "1, " "1, " "1, " "1, " "1, " "1, " "1, " "1, " "1, " "1, " "1, " "1, " "1, " "1, " "1, " "1, " "1, " "1, " "1, " "1, " "1, " "1, " "1, " "1, " "1, " "1, " "1, " "1, " "1, " "1, " "1, " "1, " "1, " "1, " "1, " "1, " "1, " "1, " "1, " "1, " "1, " "1, " "1, " "1, " "1, " "1, " "1, " "1, " "1, " "1, " "1, " "1, " "1, " "1, " "1, " "1, " "1, " "1, " "1, " "1, " "1, " "1, " "1, "206
 "Nei14, 0, " "-0.092, " "1, " "1, " "1, " "1, " "1, " "1, " "1, " "1, " "1, " "1, " "1, " "1, " "1, " "1, " "0, " "1, " "1, " "1, " "1, " "1, " "1, " "1, " "1, " "1, " "1, " "1, " "1, " "1, " "1, " "1, " "1, " "1, " "1, " "1, " "1, " "1, " "1, " "1, " "1, " "1, " "1, " "1, " "1, " "1, " "1, " "1, " "1, " "1, " "1, " "1, " "1, " "1, " "1, " "1, " "1, " "1, " "1, " "1, " "1, " "1, " "1, " "1, " "1, " "1, " "1, " "1, " "1, " "1, " "1, " "1, " "1, " "1, " "1, " "1, " "1, " "1, " "1, " "1, " "1, " "1, " "1, " "1, " "1, " "1, " "1, " "1, " "1, " "1, " "1, " "1, " "1, " "1, " "1, " "1, " "1, " "1, " "1, " "1, " "1, " "1, " "1, " "1, " "1, " "1, " "1, " "1, " "1, " "1, " "1, " "1, " "1, " "1, " "1, " "1, " "1, " "1, " "1, " "1, " "1, " "1, " "1, " "1, " "1, " "1, " "1, " "1, " "1, " "1, " "1, "206
 "Nei15, 0.212, " "-0.092, " "1, " "1, " "1, " "1, " "1, " "1, " "1, " "1, " "1, " "1, " "1, " "1, " "1, " "1, " "1, " "0, " "1, " "1, " "1, " "1, " "1, " "1, " "1, " "1, " "1, " "1, " "1, " "1, " "1, " "1, " "1, " "1, " "1, " "1, " "1, " "1, " "1, " "1, " "1, " "1, " "1, " "1, " "1, " "1, " "1, " "1, " "1, " "1, " "1, " "1, " "1, " "1, " "1, " "1, " "1, " "1, " "1, " "1, " "1, " "1, " "1, " "1, " "1, " "1, " "1, " "1, " "1, " "1, " "1, " "1, " "1, " "1, " "1, " "1, " "1, " "1, " "1, " "1, " "1, " "1, " "1, " "1, " "1, " "1, " "1, " "1, " "1, " "1, " "1, " "1, " "1, " "1, " "1, " "1, " "1, " "1, " "1, " "1, " "1, " "1, " "1, " "1, " "1, " "1, " "1, " "1, " "1, " "1, " "1, " "1, " "1, " "1, " "1, " "1, " "1, " "1, " "1, " "1, " "1, " "1, " "1, " "1, " "1, " "1, " "1, " "1, " "1, " "1, " "1, "206
 "Nei16, 0.222, " "-0.092, " "1, " "1, " "1, " "1, " "1, " "1, " "1, " "1, " "1, " "1, " "1, " "1, " "1, " "1, " "1, " "1, " "0, " "1, " "1, " "1, " "1, " "1, " "1, " "1, " "1, " "1, " "1, " "1, " "1, " "1, " "1, " "1, " "1, " "1, " "1, " "1, " "1, " "1, " "1, " "1, " "1, " "1, " "1, " "1, " "1, " "1, " "1, " "1, " "1, " "1, " "1, " "1, " "1, " "1, " "1, " "1, " "1, " "1, " "1, " "1, " "1, " "1, " "1, " "1, " "1, " "1, " "1, " "1, " "1, " "1, " "1, " "1, " "1, " "1, " "1, " "1, " "1, " "1, " "1, " "1, " "1, " "1, " "1, " "1, " "1, " "1, " "1, " "1, " "1, " "1, " "1, " "1, " "1, " "1, " "1, " "1, " "1, " "1, " "1, " "1, " "1, " "1, " "1, " "1, " "1, " "1, " "1, " "1, " "1, " "1, " "1, " "1, " "1, " "1, " "1, " "1, " "1, " "1, " "1, " "1, " "1, " "1, " "1, " "1, " "1, " "1, " "1, " "1, " "1, "206
 "Nei17, 0.273, " "-0.092, " "1, " "1, " "1, " "1, " "1, " "1, " "1, " "1, " "1, " "1, " "1, " "1, " "1, " "1, " "1, " "1, " "1, " "0, " "1, " "1, " "1, " "1, " "1, " "1, " "1, " "1, " "1, " "1, " "1, " "1, " "1, " "1, " "1, " "1, " "1, " "1, " "1, " "1, " "1, " "1, " "1, " "1, " "1, " "1, " "1, " "1, " "1, " "1, " "1, " "1, " "1, " "1, " "1, " "1, " "1, " "1, " "1, " "1, " "1, " "1, " "1, " "1, " "1, " "1, " "1, " "1, " "1, " "1, " "1, " "1, " "1, " "1, " "1, " "1, " "1, " "1, " "1, " "1, " "1, " "1, " "1, " "1, " "1, " "1, " "1, " "1, " "1, " "1, " "1, " "1, " "1, " "1, " "1, " "1, " "1, " "1, " "1, " "1, " "1, " "1, " "1, " "1, " "1, " "1, " "1, " "1, " "1, " "1, " "1, " "1, " "1, " "1, " "1, " "1, " "1, " "1, " "1, " "1, " "1, " "1, " "1, " "1, " "1, " "1, " "1, " "1, " "1, " "1, " "1, "206
 "Nei18, 0.067, " "-0.092, " "1, " "1, " "1, " "1, " "1, " "1, " "1, " "1, " "1, " "1, " "1, " "1, " "1, " "1, " "1, " "1, " "1, " "1, " "0, " "1, " "1, " "1, " "1, " "1, " "1, " "1, " "1, " "1, " "1, " "1, " "1, " "1, " "1, " "1, " "1, " "1, " "1, " "1, " "1, " "1, " "1, " "1, " "1, " "1, " "1, " "1, " "1, " "1, " "1, " "1, " "1, " "1, " "1, " "1, " "1, " "1, " "1, " "1, " "1, " "1, " "1, " "1, " "1, " "1, " "1, " "1, " "1, " "1, " "1, " "1, " "1, " "1, " "1, " "1, " "1, " "1, " "1, " "1, " "1, " "1, " "1, " "1, " "1, " "1, " "1, " "1, " "1, " "1, " "1, " "1, " "1, " "1, " "1, " "1, " "1, " "1, " "1, " "1, " "1, " "1, " "1, " "1, " "1, " "1, " "1, " "1, " "1, " "1, " "1, " "1, " "1, " "1, " "1, " "1, " "1, " "1, " "1, " "1, " "1, " "1, " "1, " "1, " "1, " "1, " "1, " "1, " "1, " "1, " "1, "206
 "Nei19, 0.136, " "-0.092, " "1, " "1, " "1, " "1, " "1, " "1, " "1, " "1, " "1, " "1, " "1, " "1, " "1, " "1, " "1, " "1, " "1, " "1, " "1, " "0, " "1, " "1, " "1, " "1, " "1, " "1, " "1, " "1, " "1, " "1, " "1, " "1, " "1, " "1, " "1, " "1, " "1, " "1, " "1, " "1, " "1, " "1, " "1, " "1, " "1, " "1, " "1, " "1, " "1, " "1, " "1, " "1, " "1, " "1, " "1, " "1, " "1, " "1, " "1, " "1, " "1, " "1, " "1, " "1, " "1, " "1, " "1, " "1, " "1, " "1, " "1, " "1, " "1, " "1, " "1, " "1, " "1, " "1, " "1, " "1, " "1, " "1, " "1, " "1, " "1, " "1, " "1, " "1, " "1, " "1, " "1, " "1, " "1, " "1, " "1, " "1, " "1, " "1, " "1, " "1, " "1, " "1, " "1, " "1, " "1, " "1, " "1, " "1, " "1, " "1, " "1, " "1, " "1, " "1, " "1, " "1, " "1, " "1, " "1, " "1, " "1, " "1, " "1, " "1, " "1, " "1, " "1, " "1, " "1, "206
 "Nei20, 0.389, " "-0.092, " "1, " "1, " "1, " "1, " "1, " "1, " "1, " "1, " "1, " "1, " "1, " "1, " "1, " "1, " "1, " "1, " "1, " "1, " "1, " "1, " "0, " "1, " "1, " "1, " "1, " "1, " "1, " "1, " "1, " "1, " "1, " "1, " "1, " "1, " "1, " "1, " "1, " "1, " "1, " "1, " "1, " "1, " "1, " "1, " "1, " "1, " "1, " "1, " "1, " "1, " "1, " "1, " "1, " "1, " "1, " "1, " "1, " "1, " "1, " "1, " "1, " "1, " "1, " "1, " "1, " "1, " "1, " "1, " "1, " "1, " "1, " "1, " "1, " "1, " "1, " "1, " "1, " "1, " "1, " "1, " "1, " "1, " "1, " "1, " "1, " "1, " "1, " "1, " "1, " "1, " "1, " "1, " "1, " "1, " "1, " "1, " "1, " "1, " "1, " "1, " "1, " "1, " "1, " "1, " "1, " "1, " "1, " "1, " "1, " "1, " "1, " "1, " "1, " "1, " "1, " "1, " "1, " "1, " "1, " "1, " "1, " "1, " "1, " "1, " "1, " "1, " "1, " "1, " "1, "206
 "Nei21, 0.372, " "-0.092, " "1, " "1, " "1, " "1, " "1, " "1, " "1, " "1, " "1, " "1, " "1, " "1, " "1, " "1, " "1, " "1, " "1, " "1, " "1, " "1, " "1, " "0, " "1, " "1, " "1, " "1, " "1, " "1, " "1, " "1, " "1, " "1, " "1, " "1, " "1, " "1, " "1, " "1, " "1, " "1, " "1, " "1, " "1, " "1, " "1, " "1, " "1, " "1, " "1, " "1, " "1, " "1, " "1, " "1, " "1, " "1, " "1, " "1, " "1, " "1, " "1, " "1, " "1, " "1, " "1, " "1, " "1, " "1, " "1, " "1, " "1, " "1, " "1, " "1, " "1, " "1, " "1, " "1, " "1, " "1, " "1, " "1, " "1, " "1, " "1, " "1, " "1, " "1, " "1, " "1, " "1, " "1, " "1, " "1, " "1, " "1, " "1, " "1, " "1, " "1, " "1, " "1, " "1, " "1, " "1, " "1, " "1, " "1, " "1, " "1, " "1, " "1, " "1, " "1, " "1, " "1, " "1, " "1, " "1, " "1, " "1, " "1, " "1, " "1, " "1, " "1, " "1, " "1, " "1, "206
 "Nei22, 0.117, " "-0.092, " "1, " "1, " "1, " "1, " "1, " "1, " "1, " "1, " "1, " "1, " "1, " "1, " "1, " "1, " "1, " "1, " "1, " "1, " "1, " "1, " "1, " "1, " "0, " "1, " "1, " "1, " "1, " "1, " "1, " "1, " "1, " "1, " "1, " "1, " "1, " "1, " "1, " "1, " "1, " "1, " "1, " "1, " "1, " "1, " "1, " "1, " "1, " "1, " "1, " "1, " "1, " "1, " "1, " "1, " "1, " "1, " "1, " "1, " "1, " "1, " "1, " "1, " "1, " "1, " "1, " "1, " "1, " "1, " "1, " "1, " "1, " "1, " "1, " "1, " "1, " "1, " "1, " "1, " "1, " "1, " "1, " "1, " "1, " "1, " "1, " "1, " "1, " "1, " "1, " "1, " "1, " "1, " "1, " "1, " "1, " "1, " "1, " "1, " "1, " "1, " "1, " "1, " "1, " "1, " "1, " "1, " "1, " "1, " "1, " "1, " "1, " "1, " "1, " "1, " "1, " "1, " "1, " "1, " "1, " "1, " "1, " "1, " "1, " "1, " "1, " "1, " "1, " "1, " "1, "206
 "Nei23, 0.1, " "-0.092, " "1, " "1, " "1, " "1, " "1, " "1, " "1, " "1, " "1, " "1, " "1, " "1, " "1, " "1, " "1, " "1, " "1, " "1, " "1, " "1, " "1, " "1, " "1, " "0, " "1, " "1, " "1, " "1, " "1, " "1, " "1, " "1, " "1, " "1, " "1, " "1, " "1, " "1, " "1, " "1, " "1, " "1, " "1, " "1, " "1, " "1, " "1, " "1, " "1, " "1, " "1, " "1, " "1, " "1, " "1, " "1, " "1, " "1, " "1, " "1, " "1, " "1, " "1, " "1, " "1, " "1, " "1, " "1, " "1, " "1, " "1, " "1, " "1, " "1, " "1, " "1, " "1, " "1, " "1, " "1, " "1, " "1, " "1, " "1, " "1, " "1, " "1, " "1, " "1, " "1, " "1, " "1, " "1, " "1, " "1, " "1, " "1, " "1, " "1, " "1, " "1, " "1, " "1, " "1, " "1, " "1, " "1, " "1, " "1, " "1, " "1, " "1, " "1, " "1, " "1, " "1, " "1, " "1, " "1, " "1, " "1, " "1, " "1, " "1, " "1, " "1, " "1, " "1, " "1, "206
 "Nei24, 0.155, " "-0.092, " "1, " "1, " "1, " "1, " "1, " "1, " "1, " "1, " "1, " "1, " "1, " "1, " "1, " "1, " "1, " "1, " "1, " "1, " "1, " "1, " "1, " "1, " "1, " "1, " "0, " "1, " "1, " "1, " "1, " "1, " "1, " "1, " "1, " "1, " "1, " "1, " "1, " "1, " "1, " "1, " "1, " "1, " "1, " "1, " "1, " "1, " "1, " "1, " "1, " "1, " "1, " "1, " "1, " "1, " "1, " "1, " "1, " "1, " "1, " "1, " "1, " "1, " "1, " "1, " "1, " "1, " "1, " "1, " "1, " "1, " "1, " "1, " "1, " "1, " "1, " "1, " "1, " "1, " "1, " "1, " "1, " "1, " "1, " "1, " "1, " "1, " "1, " "1, " "1, " "1, " "1, " "1, " "1, " "1, " "1, " "1, " "1, " "1, " "1, " "1, " "1, " "1, " "1, " "1, " "1, " "1, " "1, " "1, " "1, " "1, " "1, " "1, " "1, " "1, " "1, " "1, " "1, " "1, " "1, " "1, " "1, " "1, " "1, " "1, " "1, " "1, " "1, " "1, " "1, "206
 "Nei25, 0.296, " "-0.092, " "1, " "1, " "1, " "1, " "1, " "1, " "1, " "1, " "1, " "1, " "1, " "1, " "1, " "1, " "1, " "1, " "1, " "1, " "1, " "1, " "1, " "1, " "1, " "1, " "1, " "0, " "1, " "1, " "1, " "1, " "1, " "1, " "1, " "1, " "1, " "1, " "1, " "1, " "1, " "1, " "1, " "1, " "1, " "1, " "1, " "1, " "1, " "1, " "1, " "1, " "1, " "1, " "1, " "1, " "1, " "1, " "1, " "1, " "1, " "1, " "1, " "1, " "1, " "1, " "1, " "1, " "1, " "1, " "1, " "1, " "1, " "1, " "1, " "1, " "1, " "1, " "1, " "1, " "1, " "1, " "1, " "1, " "1, " "1, " "1, " "1, " "1, " "1, " "1, " "1, " "1, " "1, " "1, " "1, " "1, " "1, " "1, " "1, " "1, " "1, " "1, " "1, " "1, " "1, " "1, " "1, " "1, " "1, " "1, " "1, " "1, " "1, " "1, " "1, " "1, " "1, " "1, " "1, " "1, " "1, " "1, " "1, " "1, " "1, " "1, " "1, " "1, " "1, " "1, "206
 "Nei26, 0.104, " "-0.092, " "1, " "1, " "1, " "1, " "1, " "1, " "1, " "1, " "1, " "1, " "1, " "1, " "1, " "1, " "1, " "1, " "1, " "1, " "1, " "1, " "1, " "1, " "1, " "1, " "1, " "1, " "0, " "1, " "1, " "1, " "1, " "1, " "1, " "1, " "1, " "1, " "1, " "1, " "1, " "1, " "1, " "1, " "1, " "1, " "1, " "1, " "1, " "1, " "1, " "1, " "1, " "1, " "1, " "1, " "1, " "1, " "1, " "1, " "1, " "1, " "1, " "1, " "1, " "1, " "1, " "1, " "1, " "1, " "1, " "1, " "1, " "1, " "1, " "1, " "1, " "1, " "1, " "1, " "1, " "1, " "1, " "1, " "1, " "1, " "1, " "1, " "1, " "1, " "1, " "1, " "1, " "1, " "1, " "1, " "1, " "1, " "1, " "1, " "1, " "1, " "1, " "1, " "1, " "1, " "1, " "1, " "1, " "1, " "1, " "1, " "1, " "1, " "1, " "1, " "1, " "1, " "1, " "1, " "1, " "1, " "1, " "1, " "1, " "1, " "1, " "1, " "1, " "1, " "1, "206
 "Nei27, 0.059, " "-0.092, " "1, " "1, " "1, " "1, " "1, " "1, " "1, " "1, " "1, " "1, " "1, " "1, " "1, " "1, " "1, " "1, " "1, " "1, " "1, " "1, " "1, " "1, " "1, " "1, " "1, " "1, " "1, " "0, " "1, " "1, " "1, " "1, " "1, " "1, " "1, " "1, " "1, " "1, " "1, " "1, " "1, " "1, " "1, " "1, " "1, " "1, " "1, " "1, " "1, " "1, " "1, " "1, " "1, " "1, " "1, " "1, " "1, " "1, " "1, " "1, " "1, " "1, " "1, " "1, " "1, " "1, " "1, " "1, " "1, " "1, " "1, " "1, " "1, " "1, " "1, " "1, " "1, " "1, " "1, " "1, " "1, " "1, " "1, " "1, " "1, " "1, " "1, " "1, " "1, " "1, " "1, " "1, " "1, " "1, " "1, " "1, " "1, " "1, " "1, " "1, " "1, " "1, " "1, " "1, " "1, " "1, " "1, " "1, " "1, " "1, " "1, " "1, " "1, " "1, " "1, " "1, " "1, " "1, " "1, " "1, " "1, " "1, " "1, " "1, " "1, " "1, " "1, " "1, " "1, "206
 "Nei28, 0.176, " "-0.092, " "1, " "1, " "1, " "1, " "1, " "1, " "1, " "1, " "1, " "1, " "1, " "1, " "1, " "1, " "1, " "1, " "1, " "1, " "1, " "1, " "1, " "1, " "1, " "1, " "1, " "1, " "1, " "1, " "0, " "1, " "1, " "1, " "1, " "1, " "1, " "1, " "1, " "1, " "1, " "1, " "1, " "1, " "1, " "1, " "1, " "1, " "1, " "1, " "1, " "1, " "1, " "1, " "1, " "1, " "1, " "1, " "1, " "1, " "1, " "1, " "1, " "1, " "1, " "1, " "1, " "1, " "1, " "1, " "1, " "1, " "1, " "1, " "1, " "1, " "1, " "1, " "1, " "1, " "1, " "1, " "1, " "1, " "1, " "1, " "1, " "1, " "1, " "1, " "1, " "1, " "1, " "1, " "1, " "1, " "1, " "1, " "1, " "1, " "1, " "1, " "1, " "1, " "1, " "1, " "1, " "1, " "1, " "1, " "1, " "1, " "1, " "1, " "1, " "1, " "1, " "1, " "1, " "1, " "1, " "1, " "1, " "1, " "1, " "1, " "1, " "1, " "1, " "1, " "1, "206
 "Nei29, 0.313, " "-0.092, " "1, " "1, " "1, " "1, " "1, " "1, " "1, " "1, " "1, " "1, " "1, " "1, " "1, " "1, " "1, " "1, " "1, " "1, " "1, " "1, " "1, " "1, " "1, " "1, " "1, " "1, " "1, " "1, " "1, " "0, " "1, " "1, " "1, " "1, " "1, " "1, " "1, " "1, " "1, " "1, " "1, " "1, " "1, " "1, " "1, " "1, " "1, " "1, " "1, " "1, " "1, " "1, " "1, " "1, " "1, " "1, " "1, " "1, " "1, " "1, " "1, " "1, " "1, " "1, " "1, " "1, " "1, " "1, " "1, " "1, " "1, " "1, " "1, " "1, " "1, " "1, " "1, " "1, " "1, " "1, " "1, " "1, " "1, " "1, " "1, " "1, " "1, " "1, " "1, " "1, " "1, " "1, " "1, " "1, " "1, " "1, " "1, " "1, " "1, " "1, " "1, " "1, " "1, " "1, " "1, " "1, " "1, " "1, " "1, " "1, " "1, " "1, " "1, " "1, " "1, " "1, " "1, " "1, " "1, " "1, " "1, " "1, " "1, " "1, " "1, " "1, " "1, " "1, " "1, "206
 "Nei30, 0.062, " "-0.092, " "1, " "1, " "1, " "1, " "1, " "1, " "1, " "1, " "1, " "1, " "1, " "1, " "1, " "1, " "1, " "1, " "1, " "1, " "1, " "1, " "1, " "1, " "1, " "1, " "1, " "1, " "1, " "1, " "1, " "1, " "0, " "1, " "1, " "1, " "1, " "1, " "1, " "1, " "1, " "1, " "1, " "1, " "1, " "1, " "1, " "1, " "1, " "1, " "1, " "1, " "1, " "1, " "1, " "1, " "1, " "1, " "1, " "1, " "1, " "1, " "1, " "1, " "1, " "1, " "1, " "1, " "1, " "1, " "1, " "1, " "1, " "1, " "1, " "1, " "1, " "1, " "1, " "1, " "1, " "1, " "1, " "1, " "1, " "1, " "1, " "1, " "1, " "1, " "1, " "1, " "1, " "1, " "1, " "1, " "1, " "1, " "1, " "1, " "1, " "1, " "1, " "1, " "1, " "1, " "1, " "1, " "1, " "1, " "1, " "1, " "1, " "1, " "1, " "1, " "1, " "1, " "1, " "1, " "1, " "1, " "1, " "1, " "1, " "1, " "1, " "1, " "1, " "1, " "1, "206
 "Nei31, 0.117, " "-0.092, " "1, " "1, " "1, " "1, " "1, " "1, " "1, " "1, " "1, " "1, " "1, " "1, " "1, " "1, " "1, " "1, " "1, " "1, " "1, " "1, " "1, " "1, " "1, " "1, " "1, " "1, " "1, " "1, " "1, " "1, " "1, " "0, " "1, " "1, " "1, " "1, " "1, " "1, " "1, " "1, " "1, " "1, " "1, " "1, " "1, " "1, " "1, " "1, " "1, " "1, " "1, " "1, " "1, " "1, " "1, " "1, " "1, " "1, " "1, " "1, " "1, " "1, " "1, " "1, " "1, " "1, " "1, " "1, " "1, " "1, " "1, " "1, " "1, " "1, " "1, " "1, " "1, " "1, " "1, " "1, " "1, " "1, " "1, " "1, " "1, " "1, " "1, " "1, " "1, " "1, " "1, " "1, " "1, " "1, " "1, " "1, " "1, " "1, " "1, " "1, " "1, " "1, " "1, " "1, " "1, " "1, " "1, " "1, " "1, " "1, " "1, " "1, " "1, " "1, " "1, " "1, " "1, " "1, " "1, " "1, " "1, " "1, " "1, " "1, " "1, " "1, " "1, " "1, " "1, "206
 "Nei32, 0.153, " "-0.092, " "1, " "1, " "1, " "1, " "1, " "1, " "1, " "1, " "1, " "1, " "1, " "1, " "1, " "1, " "1, " "1, " "1, " "1, " "1, " "1, " "1, " "1, " "1, " "1, " "1, " "1, " "1, " "1, " "1, " "1, " "1, " "1, " "0, " "1, " "1, " "1, " "1, " "1, " "1, " "1, " "1, " "1, " "1, " "1, " "1, " "1, " "1, " "1, " "1, " "1, " "1, " "1, " "1, " "1, " "1, " "1, " "1, " "1, " "1, " "1, " "1, " "1, " "1, " "1, " "1, " "1, " "1, " "1, " "1, " "1, " "1, " "1, " "1, " "1, " "1, " "1, " "1, " "1, " "1, " "1, " "1, " "1, " "1, " "1, " "1, " "1, " "1, " "1, " "1, " "1, " "1, " "1, " "1, " "1, " "1, " "1, " "1, " "1, " "1, " "1, " "1, " "1, " "1, " "1, " "1, " "1, " "1, " "1, " "1, " "1, " "1, " "1, " "1, " "1, " "1, " "1, " "1, " "1, " "1, " "1, " "1, " "1, " "1, " "1, " "1, " "1, " "1, " "1, " "1, "206
 "Nei33, 0.093, " "-0.092, " "1, " "1, " "1, " "1, " "1, " "1, " "1, " "1, " "1, " "1, " "1, " "1, " "1, " "1, " "1, " "1, " "1, " "1, " "1, " "1, " "1, " "1, " "1, " "1, " "1, " "1, " "1, " "1, " "1, " "1, " "1, " "1, " "1, " "0, " "1, " "1, " "1, " "1, " "1, " "1, " "1, " "1, " "1, " "1, " "1, " "1, " "1, " "1, " "1, " "1, " "1, " "1, " "1, " "1, " "1, " "1, " "1, " "1, " "1, " "1, " "1, " "1, " "1, " "1, " "1, " "1, " "1, " "1, " "1, " "1, " "1, " "1, " "1, " "1, " "1, " "1, " "1, " "1, " "1, " "1, " "1, " "1, " "1, " "1, " "1, " "1, " "1, " "1, " "1, " "1, " "1, " "1, " "1, " "1, " "1, " "1, " "1, " "1, " "1, " "1, " "1, " "1, " "1, " "1, " "1, " "1, " "1, " "1, " "1, " "1, " "1, " "1, " "1, " "1, " "1, " "1, " "1, " "1, " "1, " "1, " "1, " "1, " "1, " "1, " "1, " "1, " "1, " "1, " "1, "206
 "Nei34, 0.394, " "-0.092, " "1, " "1, " "1, " "1, " "1, " "1, " "1, " "1, " "1, " "1, " "1, " "1, " "1, " "1, " "1, " "1, " "1, " "1, " "1, " "1, " "1, " "1, " "1, " "1, " "1, " "1, " "1, " "1, " "1, " "1, " "1, " "1, " "1, " "1, " "0, " "1, " "1, " "1, " "1, " "1, " "1, " "1, " "1, " "1, " "1, " "1, " "1, " "1, " "1, " "1, " "1, " "1, " "1, " "1, " "1, " "1, " "1, " "1, " "1, " "1, " "1, " "1, " "1, " "1, " "1, " "1, " "1, " "1, " "1, " "1, " "1, " "1, " "1, " "1, " "1, " "1, " "1, " "1, " "1, " "1, " "1, " "1, " "1, " "1, " "1, " "1, " "1, " "1, " "1, " "1, " "1, " "1, " "1, " "1, " "1, " "1, " "1, " "1, " "1, " "1, " "1, " "1, " "1, " "1, " "1, " "1, " "1, " "1, " "1, " "1, " "1, " "1, " "1, " "1, " "1, " "1, " "1, " "1, " "1, " "1, " "1, " "1, " "1, " "1, " "1, " "1, " "1, " "1, " "1, "206
 "Nei35, 0.159, " "-0.092, " "1, " "1, " "1, " "1, " "1, " "1, " "1, " "1, " "1, " "1, " "1, " "1, " "1, " "1, " "1, " "1, " "1, " "1, " "1, " "1, " "1, " "1, " "1, " "1, " "1, " "1, " "1, " "1, " "1, " "1, " "1, " "1, " "1, " "1, " "1, " "0, " "1, " "1, " "1, " "1, " "1, " "1, " "1, " "1, " "1, " "1, " "1, " "1, " "1, " "1, " "1, " "1, " "1, " "1, " "1, " "1, " "1, " "1, " "1, " "1, " "1, " "1, " "1, " "1, " "1, " "1, " "1, " "1, " "1, " "1, " "1, " "1, " "1, " "1, " "1, " "1, " "1, " "1, " "1, " "1, " "1, " "1, " "1, " "1, " "1, " "1, " "1, " "1, " "1, " "1, " "1, " "1, " "1, " "1, " "1, " "1, " "1, " "1, " "1, " "1, " "1, " "1, " "1, " "1, " "1, " "1, " "1, " "1, " "1, " "1, " "1, " "1, " "1, " "1, " "1, " "1, " "1, " "1, " "1, " "1, " "1, " "1, " "1, " "1, " "1, " "1, " "1, " "1, " "1, "206
 "Nei36, 0.296, " "-0.092, " "1, " "1, " "1, " "1, " "1, " "1, " "1, " "1, " "1, " "1, " "1, " "1, " "1, " "1, " "1, " "1, " "1, " "1, " "1, " "1, " "1, " "1, " "1, " "1, " "1, " "1, " "1, " "1, " "1, " "1, " "1, " "1, " "1, " "1, " "1, " "1, " "0, " "1, " "1, " "1, " "1, " "1, " "1, " "1, " "1, " "1, " "1, " "1, " "1, " "1, " "1, " "1, " "1, " "1, " "1, " "1, " "1, " "1, " "1, " "1, " "1, " "1, " "1, " "1, " "1, " "1, " "1, " "1, " "1, " "1, " "1, " "1, " "1, " "1, " "1, " "1, " "1, " "1, " "1, " "1, " "1, " "1, " "1, " "1, " "1, " "1, " "1, " "1, " "1, " "1, " "1, " "1, " "1, " "1, " "1, " "1, " "1, " "1, " "1, " "1, " "1, " "1, " "1, " "1, " "1, " "1, " "1, " "1, " "1, " "1, " "1, " "1, " "1, " "1, " "1, " "1, " "1, " "1, " "1, " "1, " "1, " "1, " "1, " "1, " "1, " "1, " "1, " "1, " "1, "206
 "Nei37, 0.277, " "-0.092, " "1, " "1, " "1, " "1, " "1, " "1, " "1, " "1, " "1, " "1, " "1, " "1, " "1, " "1, " "1, " "1, " "1, " "1, " "1, " "1, " "1, " "1, " "1, " "1, " "1, " "1, " "1, " "1, " "1, " "1, " "1, " "1, " "1, " "1, " "1, " "1, " "1, " "0, " "1, " "1, " "1, " "1, " "1, " "1, " "1, " "1, " "1, " "1, " "1, " "1, " "1, " "1, " "1, " "1, " "1, " "1, " "1, " "1, " "1, " "1, " "1, " "1, " "1, " "1, " "1, " "1, " "1, " "1, " "1, " "1, " "1, " "1, " "1, " "1, " "1, " "1, " "1, " "1, " "1, " "1, " "1, " "1, " "1, " "1, " "1, " "1, " "1, " "1, " "1, " "1, " "1, " "1, " "1, " "1, " "1, " "1, " "1, " "1, " "1, " "1, " "1, " "1, " "1, " "1, " "1, " "1, " "1, " "1, " "1, " "1, " "1, " "1, " "1, " "1, " "1, " "1, " "1, " "1, " "1, " "1, " "1, " "1, " "1, " "1, " "1, " "1, " "1, " "1, " "1, "206
 "Nei38, 0.165, " "-0.092, " "1, " "1, " "1, " "1, " "1, " "1, " "1, " "1, " "1, " "1, " "1, " "1, " "1, " "1, " "1, " "1, " "1, " "1, " "1, " "1, " "1, " "1, " "1, " "1, " "1, " "1, " "1, " "1, " "1, " "1, " "1, " "1, " "1, " "1, " "1, " "1, " "1, " "1, " "0, " "1, " "1, " "1, " "1, " "1, " "1, " "1, " "1, " "1, " "1, " "1, " "1, " "1, " "1, " "1, " "1, " "1, " "1, " "1, " "1, " "1, " "1, " "1, " "1, " "1, " "1, " "1, " "1, " "1, " "1, " "1, " "1, " "1, " "1, " "1, " "1, " "1, " "1, " "1, " "1, " "1, " "1, " "1, " "1, " "1, " "1, " "1, " "1, " "1, " "1, " "1, " "1, " "1, " "1, " "1, " "1, " "1, " "1, " "1, " "1, " "1, " "1, " "1, " "1, " "1, " "1, " "1, " "1, " "1, " "1, " "1, " "1, " "1, " "1, " "1, " "1, " "1, " "1, " "1, " "1, " "1, " "1, " "1, " "1, " "1, " "1, " "1, " "1, " "1, " "1, "206
 "Nei39, 0.247, " "-0.092, " "1, " "1, " "1, " "1, " "1, " "1, " "1, " "1, " "1, " "1, " "1, " "1, " "1, " "1, " "1, " "1, " "1, " "1, " "1, " "1, " "1, " "1, " "1, " "1, " "1, " "1, " "1, " "1, " "1, " "1, " "1, " "1, " "1, " "1, " "1, " "1, " "1, " "1, " "1, " "0, " "1, " "1, " "1, " "1, " "1, " "1, " "1, " "1, " "1, " "1, " "1, " "1, " "1, " "1, " "1, " "1, " "1, " "1, " "1, " "1, " "1, " "1, " "1, " "1, " "1, " "1, " "1, " "1, " "1, " "1, " "1, " "1, " "1, " "1, " "1, " "1, " "1, " "1, " "1, " "1, " "1, " "1, " "1, " "1, " "1, " "1, " "1, " "1, " "1, " "1, " "1, " "1, " "1, " "1, " "1, " "1, " "1, " "1, " "1, " "1, " "1, " "1, " "1, " "1, " "1, " "1, " "1, " "1, " "1, " "1, " "1, " "1, " "1, " "1, " "1, " "1, " "1, " "1, " "1, " "1, " "1, " "1, " "1, " "1, " "1, " "1, " "1, " "1, " "1, "206
 "Nei40, 0.376, " "-0.092, " "1, " "1, " "1, " "1, " "1, " "1, " "1, " "1, " "1, " "1, " "1, " "1, " "1, " "1, " "1, " "1, " "1, " "1, " "1, " "1, " "1, " "1, " "1, " "1, " "1, " "1, " "1, " "1, " "1, " "1, " "1, " "1, " "1, " "1, " "1, " "1, " "1, " "1, " "1, " "1, " "0, " "1, " "1, " "1, " "1, " "1, " "1, " "1, " "1, " "1, " "1, " "1, " "1, " "1, " "1, " "1, " "1, " "1, " "1, " "1, " "1, " "1, " "1, " "1, " "1, " "1, " "1, " "1, " "1, " "1, " "1, " "1, " "1, " "1, " "1, " "1, " "1, " "1, " "1, " "1, " "1, " "1, " "1, " "1, " "1, " "1, " "1, " "1, " "1, " "1, " "1, " "1, " "1, " "1, " "1, " "1, " "1, " "1, " "1, " "1, " "1, " "1, " "1, " "1, " "1, " "1, " "1, " "1, " "1, " "1, " "1, " "1, " "1, " "1, " "1, " "1, " "1, " "1, " "1, " "1, " "1, " "1, " "1, " "1, " "1, " "1, " "1, " "1, " "1, "206
 "Nei41, 0.205, " "-0.092, " "1, " "1, " "1, " "1, " "1, " "1, " "1, " "1, " "1, " "1, " "1, " "1, " "1, " "1, " "1, " "1, " "1, " "1, " "1, " "1, " "1, " "1, " "1, " "1, " "1, " "1, " "1, " "1, " "1, " "1, " "1, " "1, " "1, " "1, " "1, " "1, " "1, " "1, " "1, " "1, " "1, " "0, " "1, " "1, " "1, " "1, " "1, " "1, " "1, " "1, " "1, " "1, " "1, " "1, " "1, " "1, " "1, " "1, " "1, " "1, " "1, " "1, " "1, " "1, " "1, " "1, " "1, " "1, " "1, " "1, " "1, " "1, " "1, " "1, " "1, " "1, " "1, " "1, " "1, " "1, " "1, " "1, " "1, " "1, " "1, " "1, " "1, " "1, " "1, " "1, " "1, " "1, " "1, " "1, " "1, " "1, " "1, " "1, " "1, " "1, " "1, " "1, " "1, " "1, " "1, " "1, " "1, " "1, " "1, " "1, " "1, " "1, " "1, " "1, " "1, " "1, " "1, " "1, " "1, " "1, " "1, " "1, " "1, " "1, " "1, " "1, " "1, " "1, " "1, "206
 "Nei42, 0.388, " "-0.092, " "1, " "1, " "1, " "1, " "1, " "1, " "1, " "1, " "1, " "1, " "1, " "1, " "1, " "1, " "1, " "1, " "1, " "1, " "1, " "1, " "1, " "1, " "1, " "1, " "1, " "1, " "1, " "1, " "1, " "1, " "1, " "1, " "1, " "1, " "1, " "1, " "1, " "1, " "1, " "1, " "1, " "1, " "0, " "1, " "1, " "1, " "1, " "1, " "1, " "1, " "1, " "1, " "1, " "1, " "1, " "1, " "1, " "1, " "1, " "1, " "1, " "1, " "1, " "1, " "1, " "1, " "1, " "1, " "1, " "1, " "1, " "1, " "1, " "1, " "1, " "1, " "1, " "1, " "1, " "1, " "1, " "1, " "1, " "1, " "1, " "1, " "1, " "1, " "1, " "1, " "1, " "1, " "1, " "1, " "1, " "1, " "1, " "1, " "1, " "1, " "1, " "1, " "1, " "1, " "1, " "1, " "1, " "1, " "1, " "1, " "1, " "1, " "1, " "1, " "1, " "1, " "1, " "1, " "1, " "1, " "1, " "1, " "1, " "1, " "1, " "1, " "1, " "1, " "1, "206
 "Nei43, 0.257, " "-0.092, " "1, " "1, " "1, " "1, " "1, " "1, " "1, " "1, " "1, " "1, " "1, " "1, " "1, " "1, " "1, " "1, " "1, " "1, " "1, " "1, " "1, " "1, " "1, " "1, " "1, " "1, " "1, " "1, " "1, " "1, " "1, " "1, " "1, " "1, " "1, " "1, " "1, " "1, " "1, " "1, " "1, " "1, " "1, " "0, " "1, " "1, " "1, " "1, " "1, " "1, " "1, " "1, " "1, " "1, " "1, " "1, " "1, " "1, " "1, " "1, " "1, " "1, " "1, " "1, " "1, " "1, " "1, " "1, " "1, " "1, " "1, " "1, " "1, " "1, " "1, " "1, " "1, " "1, " "1, " "1, " "1, " "1, " "1, " "1, " "1, " "1, " "1, " "1, " "1, " "1, " "1, " "1, " "1, " "1, " "1, " "1, " "1, " "1, " "1, " "1, " "1, " "1, " "1, " "1, " "1, " "1, " "1, " "1, " "1, " "1, " "1, " "1, " "1, " "1, " "1, " "1, " "1, " "1, " "1, " "1, " "1, " "1, " "1, " "1, " "1, " "1, " "1, " "1, " "1, "206
 "Nei44, 0.085, " "-0.092, " "1, " "1, " "1, " "1, " "1, " "1, " "1, " "1, " "1, " "1, " "1, " "1, " "1, " "1, " "1, " "1, " "1, " "1, " "1, " "1, " "1, " "1, " "1, " "1, " "1, " "1, " "1, " "1, " "1, " "1, " "1, " "1, " "1, " "1, " "1, " "1, " "1, " "1, " "1, " "1, " "1, " "1, " "1, " "1, " "0, " "1, " "1, " "1, " "1, " "1, " "1, " "1, " "1, " "1, " "1, " "1, " "1, " "1, " "1, " "1, " "1, " "1, " "1, " "1, " "1, " "1, " "1, " "1, " "1, " "1, " "1, " "1, " "1, " "1, " "1, " "1, " "1, " "1, " "1, " "1, " "1, " "1, " "1, " "1, " "1, " "1, " "1, " "1, " "1, " "1, " "1, " "1, " "1, " "1, " "1, " "1, " "1, " "1, " "1, " "1, " "1, " "1, " "1, " "1, " "1, " "1, " "1, " "1, " "1, " "1, " "1, " "1, " "1, " "1, " "1, " "1, " "1, " "1, " "1, " "1, " "1, " "1, " "1, " "1, " "1, " "1, " "1, " "1, " "1, "206
 "Nei45, 0.073, " "-0.092, " "1, " "1, " "1, " "1, " "1, " "1, " "1, " "1, " "1, " "1, " "1, " "1, " "1, " "1, " "1, " "1, " "1, " "1, " "1, " "1, " "1, " "1, " "1, " "1, " "1, " "1, " "1, " "1, " "1, " "1, " "1, " "1, " "1, " "1, " "1, " "1, " "1, " "1, " "1, " "1, " "1, " "1, " "1, " "1, " "1, " "0, " "1, " "1, " "1, " "1, " "1, " "1, " "1, " "1, " "1, " "1, " "1, " "1, " "1, " "1, " "1, " "1, " "1, " "1, " "1, " "1, " "1, " "1, " "1, " "1, " "1, " "1, " "1, " "1, " "1, " "1, " "1, " "1, " "1, " "1, " "1, " "1, " "1, " "1, " "1, " "1, " "1, " "1, " "1, " "1, " "1, " "1, " "1, " "1, " "1, " "1, " "1, " "1, " "1, " "1, " "1, " "1, " "1, " "1, " "1, " "1, " "1, " "1, " "1, " "1, " "1, " "1, " "1, " "1, " "1, " "1, " "1, " "1, " "1, " "1, " "1, " "1, " "1, " "1, " "1, " "1, " "1, " "1, " "1, "206
 "Nei46, 0.021, " "-0.092, " "1, " "1, " "1, " "1, " "1, " "1, " "1, " "1, " "1, " "1, " "1, " "1, " "1, " "1, " "1, " "1, " "1, " "1, " "1, " "1, " "1, " "1, " "1, " "1, " "1, " "1, " "1, " "1, " "1, " "1, " "1, " "1, " "1, " "1, " "1, " "1, " "1, " "1, " "1, " "1, " "1, " "1, " "1, " "1, " "1, " "1, " "0, " "1, " "1, " "1, " "1, " "1, " "1, " "1, " "1, " "1, " "1, " "1, " "1, " "1, " "1, " "1, " "1, " "1, " "1, " "1, " "1, " "1, " "1, " "1, " "1, " "1, " "1, " "1, " "1, " "1, " "1, " "1, " "1, " "1, " "1, " "1, " "1, " "1, " "1, " "1, " "1, " "1, " "1, " "1, " "1, " "1, " "1, " "1, " "1, " "1, " "1, " "1, " "1, " "1, " "1, " "1, " "1, " "1, " "1, " "1, " "1, " "1, " "1, " "1, " "1, " "1, " "1, " "1, " "1, " "1, " "1, " "1, " "1, " "1, " "1, " "1, " "1, " "1, " "1, " "1, " "1, " "1, " "1, "206
 "Nei47, 0.018, " "-0.092, " "1, " "1, " "1, " "1, " "1, " "1, " "1, " "1, " "1, " "1, " "1, " "1, " "1, " "1, " "1, " "1, " "1, " "1, " "1, " "1, " "1, " "1, " "1, " "1, " "1, " "1, " "1, " "1, " "1, " "1, " "1, " "1, " "1, " "1, " "1, " "1, " "1, " "1, " "1, " "1, " "1, " "1, " "1, " "1, " "1, " "1, " "1, " "0, " "1, " "1, " "1, " "1, " "1, " "1, " "1, " "1, " "1, " "1, " "1, " "1, " "1, " "1, " "1, " "1, " "1, " "1, " "1, " "1, " "1, " "1, " "1, " "1, " "1, " "1, " "1, " "1, " "1, " "1, " "1, " "1, " "1, " "1, " "1, " "1, " "1, " "1, " "1, " "1, " "1, " "1, " "1, " "1, " "1, " "1, " "1, " "1, " "1, " "1, " "1, " "1, " "1, " "1, " "1, " "1, " "1, " "1, " "1, " "1, " "1, " "1, " "1, " "1, " "1, " "1, " "1, " "1, " "1, " "1, " "1, " "1, " "1, " "1, " "1, " "1, " "1, " "1, " "1, " "1, " "1, "206
 "Nei48, 0.055, " "-0.092, " "1, " "1, " "1, " "1, " "1, " "1, " "1, " "1, " "1, " "1, " "1, " "1, " "1, " "1, " "1, " "1, " "1, " "1, " "1, " "1, " "1, " "1, " "1, " "1, " "1, " "1, " "1, " "1, " "1, " "1, " "1, " "1, " "1, " "1, " "1, " "1, " "1, " "1, " "1, " "1, " "1, " "1, " "1, " "1, " "1, " "1, " "1, " "1, " "0, " "1, " "1, " "1, " "1, " "1, " "1, " "1, " "1, " "1, " "1, " "1, " "1, " "1, " "1, " "1, " "1, " "1, " "1, " "1, " "1, " "1, " "1, " "1, " "1, " "1, " "1, " "1, " "1, " "1, " "1, " "1, " "1, " "1, " "1, " "1, " "1, " "1, " "1, " "1, " "1, " "1, " "1, " "1, " "1, " "1, " "1, " "1, " "1, " "1, " "1, " "1, " "1, " "1, " "1, " "1, " "1, " "1, " "1, " "1, " "1, " "1, " "1, " "1, " "1, " "1, " "1, " "1, " "1, " "1, " "1, " "1, " "1, " "1, " "1, " "1, " "1, " "1, " "1, " "1, " "1, "206
 "Nei49, 0.103, " "-0.092, " "1, " "1, " "1, " "1, " "1, " "1, " "1, " "1, " "1, " "1, " "1, " "1, " "1, " "1, " "1, " "1, " "1, " "1, " "1, " "1, " "1, " "1, " "1, " "1, " "1, " "1, " "1, " "1, " "1, " "1, " "1, " "1, " "1, " "1, " "1, " "1, " "1, " "1, " "1, " "1, " "1, " "1, " "1, " "1, " "1, " "1, " "1, " "1, " "1, " "0, " "1, " "1, " "1, " "1, " "1, " "1, " "1, " "1, " "1, " "1, " "1, " "1, " "1, " "1, " "1, " "1, " "1, " "1, " "1, " "1, " "1, " "1, " "1, " "1, " "1, " "1, " "1, " "1, " "1, " "1, " "1, " "1, " "1, " "1, " "1, " "1, " "1, " "1, " "1, " "1, " "1, " "1, " "1, " "1, " "1, " "1, " "1, " "1, " "1, " "1, " "1, " "1, " "1, " "1, " "1, " "1, " "1, " "1, " "1, " "1, " "1, " "1, " "1, " "1, " "1, " "1, " "1, " "1, " "1, " "1, " "1, " "1, " "1, " "1, " "1, " "1, " "1, " "1, " "1, "206
 "Nei50, 0.003, " "-0.092, " "1, " "1, " "1, " "1, " "1, " "1, " "1, " "1, " "1, " "1, " "1, " "1, " "1, " "1, " "1, " "1, " "1, " "1, " "1, " "1, " "1, " "1, " "1, " "1, " "1, " "1, " "1, " "1, " "1, " "1, " "1, " "1, " "1, " "1, " "1, " "1, " "1, " "1, " "1, " "1, " "1, " "1, " "1, " "1, " "1, " "1, " "1, " "1, " "1, " "1, " "0, " "1, " "1, " "1, " "1, " "1, " "1, " "1, " "1, " "1, " "1, " "1, " "1, " "1, " "1, " "1, " "1, " "1, " "1, " "1, " "1, " "1, " "1, " "1, " "1, " "1, " "1, " "1, " "1, " "1, " "1, " "1, " "1, " "1, " "1, " "1, " "1, " "1, " "1, " "1, " "1, " "1, " "1, " "1, " "1, " "1, " "1, " "1, " "1, " "1, " "1, " "1, " "1, " "1, " "1, " "1, " "1, " "1, " "1, " "1, " "1, " "1, " "1, " "1, " "1, " "1, " "1, " "1, " "1, " "1, " "1, " "1, " "1, " "1, " "1, " "1, " "1, " "1, " "1, "206
 "Nei51, 0.309, " "-0.092, " "1, " "1, " "1, " "1, " "1, " "1, " "1, " "1, " "1, " "1, " "1, " "1, " "1, " "1, " "1, " "1, " "1, " "1, " "1, " "1, " "1, " "1, " "1, " "1, " "1, " "1, " "1, " "1, " "1, " "1, " "1, " "1, " "1, " "1, " "1, " "1, " "1, " "1, " "1, " "1, " "1, " "1, " "1, " "1, " "1, " "1, " "1, " "1, " "1, " "1, " "1, " "0, " "1, " "1, " "1, " "1, " "1, " "1, " "1, " "1, " "1, " "1, " "1, " "1, " "1, " "1, " "1, " "1, " "1, " "1, " "1, " "1, " "1, " "1, " "1, " "1, " "1, " "1, " "1, " "1, " "1, " "1, " "1, " "1, " "1, " "1, " "1, " "1, " "1, " "1, " "1, " "1, " "1, " "1, " "1, " "1, " "1, " "1, " "1, " "1, " "1, " "1, " "1, " "1, " "1, " "1, " "1, " "1, " "1, " "1, " "1, " "1, " "1, " "1, " "1, " "1, " "1, " "1, " "1, " "1, " "1, " "1, " "1, " "1, " "1, " "1, " "1, " "1, " "1, "206
 "Nei52, 0.157, " "-0.092, " "1, " "1, " "1, " "1, " "1, " "1, " "1, " "1, " "1, " "1, " "1, " "1, " "1, " "1, " "1, " "1, " "1, " "1, " "1, " "1, " "1, " "1, " "1, " "1, " "1, " "1, " "1, " "1, " "1, " "1, " "1, " "1, " "1, " "1, " "1, " "1, " "1, " "1, " "1, " "1, " "1, " "1, " "1, " "1, " "1, " "1, " "1, " "1, " "1, " "1, " "1, " "1, " "0, " "1, " "1, " "1, " "1, " "1, " "1, " "1, " "1, " "1, " "1, " "1, " "1, " "1, " "1, " "1, " "1, " "1, " "1, " "1, " "1, " "1, " "1, " "1, " "1, " "1, " "1, " "1, " "1, " "1, " "1, " "1, " "1, " "1, " "1, " "1, " "1, " "1, " "1, " "1, " "1, " "1, " "1, " "1, " "1, " "1, " "1, " "1, " "1, " "1, " "1, " "1, " "1, " "1, " "1, " "1, " "1, " "1, " "1, " "1, " "1, " "1, " "1, " "1, " "1, " "1, " "1, " "1, " "1, " "1, " "1, " "1, " "1, " "1, " "1, " "1, " "1, "206
 "Nei53, 0.101, " "-0.092, " "1, " "1, " "1, " "1, " "1, " "1, " "1, " "1, " "1, " "1, " "1, " "1, " "1, " "1, " "1, " "1, " "1, " "1, " "1, " "1, " "1, " "1, " "1, " "1, " "1, " "1, " "1, " "1, " "1, " "1, " "1, " "1, " "1, " "1, " "1, " "1, " "1, " "1, " "1, " "1, " "1, " "1, " "1, " "1, " "1, " "1, " "1, " "1, " "1, " "1, " "1, " "1, " "1, " "0, " "1, " "1, " "1, " "1, " "1, " "1, " "1, " "1, " "1, " "1, " "1, " "1, " "1, " "1, " "1, " "1, " "1, " "1, " "1, " "1, " "1, " "1, " "1, " "1, " "1, " "1, " "1, " "1, " "1, " "1, " "1, " "1, " "1, " "1, " "1, " "1, " "1, " "1, " "1, " "1, " "1, " "1, " "1, " "1, " "1, " "1, " "1, " "1, " "1, " "1, " "1, " "1, " "1, " "1, " "1, " "1, " "1, " "1, " "1, " "1, " "1, " "1, " "1, " "1, " "1, " "1, " "1, " "1, " "1, " "1, " "1, " "1, " "1, " "1, " "1, "206
 "Nei54, 0.255, " "-0.092, " "1, " "1, " "1, " "1, " "1, " "1, " "1, " "1, " "1, " "1, " "1, " "1, " "1, " "1, " "1, " "1, " "1, " "1, " "1, " "1, " "1, " "1, " "1, " "1, " "1, " "1, " "1, " "1, " "1, " "1, " "1, " "1, " "1, " "1, " "1, " "1, " "1, " "1, " "1, " "1, " "1, " "1, " "1, " "1, " "1, " "1, " "1, " "1, " "1, " "1, " "1, " "1, " "1, " "1, " "0, " "1, " "1, " "1, " "1, " "1, " "1, " "1, " "1, " "1, " "1, " "1, " "1, " "1, " "1, " "1, " "1, " "1, " "1, " "1, " "1, " "1, " "1, " "1, " "1, " "1, " "1, " "1, " "1, " "1, " "1, " "1, " "1, " "1, " "1, " "1, " "1, " "1, " "1, " "1, " "1, " "1, " "1, " "1, " "1, " "1, " "1, " "1, " "1, " "1, " "1, " "1, " "1, " "1, " "1, " "1, " "1, " "1, " "1, " "1, " "1, " "1, " "1, " "1, " "1, " "1, " "1, " "1, " "1, " "1, " "1, " "1, " "1, " "1, " "1, "206
 "Nei55, 0.103, " "-0.092, " "1, " "1, " "1, " "1, " "1, " "1, " "1, " "1, " "1, " "1, " "1, " "1, " "1, " "1, " "1, " "1, " "1, " "1, " "1, " "1, " "1, " "1, " "1, " "1, " "1, " "1, " "1, " "1, " "1, " "1, " "1, " "1, " "1, " "1, " "1, " "1, " "1, " "1, " "1, " "1, " "1, " "1, " "1, " "1, " "1, " "1, " "1, " "1, " "1, " "1, " "1, " "1, " "1, " "1, " "1, " "0, " "1, " "1, " "1, " "1, " "1, " "1, " "1, " "1, " "1, " "1, " "1, " "1, " "1, " "1, " "1, " "1, " "1, " "1, " "1, " "1, " "1, " "1, " "1, " "1, " "1, " "1, " "1, " "1, " "1, " "1, " "1, " "1, " "1, " "1, " "1, " "1, " "1, " "1, " "1, " "1, " "1, " "1, " "1, " "1, " "1, " "1, " "1, " "1, " "1, " "1, " "1, " "1, " "1, " "1, " "1, " "1, " "1, " "1, " "1, " "1, " "1, " "1, " "1, " "1, " "1, " "1, " "1, " "1, " "1, " "1, " "1, " "1, " "1, "206
 "Nei56, 0.119, " "-0.092, " "1, " "1, " "1, " "1, " "1, " "1, " "1, " "1, " "1, " "1, " "1, " "1, " "1, " "1, " "1, " "1, " "1, " "1, " "1, " "1, " "1, " "1, " "1, " "1, " "1, " "1, " "1, " "1, " "1, " "1, " "1, " "1, " "1, " "1, " "1, " "1, " "1, " "1, " "1, " "1, " "1, " "1, " "1, " "1, " "1, " "1, " "1, " "1, " "1, " "1, " "1, " "1, " "1, " "1, " "1, " "1, " "0, " "1, " "1, " "1, " "1, " "1, " "1, " "1, " "1, " "1, " "1, " "1, " "1, " "1, " "1, " "1, " "1, " "1, " "1, " "1, " "1, " "1, " "1, " "1, " "1, " "1, " "1, " "1, " "1, " "1, " "1, " "1, " "1, " "1, " "1, " "1, " "1, " "1, " "1, " "1, " "1, " "1, " "1, " "1, " "1, " "1, " "1, " "1, " "1, " "1, " "1, " "1, " "1, " "1, " "1, " "1, " "1, " "1, " "1, " "1, " "1, " "1, " "1, " "1, " "1, " "1, " "1, " "1, " "1, " "1, " "1, " "1, " "1, "206
 "Nei57, 0.203, " "-0.092, " "1, " "1, " "1, " "1, " "1, " "1, " "1, " "1, " "1, " "1, " "1, " "1, " "1, " "1, " "1, " "1, " "1, " "1, " "1, " "1, " "1, " "1, " "1, " "1, " "1, " "1, " "1, " "1, " "1, " "1, " "1, " "1, " "1, " "1, " "1, " "1, " "1, " "1, " "1, " "1, " "1, " "1, " "1, " "1, " "1, " "1, " "1, " "1, " "1, " "1, " "1, " "1, " "1, " "1, " "1, " "1, " "1, " "0, " "1, " "1, " "1, " "1, " "1, " "1, " "1, " "1, " "1, " "1, " "1, " "1, " "1, " "1, " "1, " "1, " "1, " "1, " "1, " "1, " "1, " "1, " "1, " "1, " "1, " "1, " "1, " "1, " "1, " "1, " "1, " "1, " "1, " "1, " "1, " "1, " "1, " "1, " "1, " "1, " "1, " "1, " "1, " "1, " "1, " "1, " "1, " "1, " "1, " "1, " "1, " "1, " "1, " "1, " "1, " "1, " "1, " "1, " "1, " "1, " "1, " "1, " "1, " "1, " "1, " "1, " "1, " "1, " "1, " "1, " "1, "206
 "Nei58, 0.271, " "-0.092, " "1, " "1, " "1, " "1, " "1, " "1, " "1, " "1, " "1, " "1, " "1, " "1, " "1, " "1, " "1, " "1, " "1, " "1, " "1, " "1, " "1, " "1, " "1, " "1, " "1, " "1, " "1, " "1, " "1, " "1, " "1, " "1, " "1, " "1, " "1, " "1, " "1, " "1, " "1, " "1, " "1, " "1, " "1, " "1, " "1, " "1, " "1, " "1, " "1, " "1, " "1, " "1, " "1, " "1, " "1, " "1, " "1, " "1, " "0, " "1, " "1, " "1, " "1, " "1, " "1, " "1, " "1, " "1, " "1, " "1, " "1, " "1, " "1, " "1, " "1, " "1, " "1, " "1, " "1, " "1, " "1, " "1, " "1, " "1, " "1, " "1, " "1, " "1, " "1, " "1, " "1, " "1, " "1, " "1, " "1, " "1, " "1, " "1, " "1, " "1, " "1, " "1, " "1, " "1, " "1, " "1, " "1, " "1, " "1, " "1, " "1, " "1, " "1, " "1, " "1, " "1, " "1, " "1, " "1, " "1, " "1, " "1, " "1, " "1, " "1, " "1, " "1, " "1, " "1, "206
 "Nei59, 0.343, " "-0.092, " "1, " "1, " "1, " "1, " "1, " "1, " "1, " "1, " "1, " "1, " "1, " "1, " "1, " "1, " "1, " "1, " "1, " "1, " "1, " "1, " "1, " "1, " "1, " "1, " "1, " "1, " "1, " "1, " "1, " "1, " "1, " "1, " "1, " "1, " "1, " "1, " "1, " "1, " "1, " "1, " "1, " "1, " "1, " "1, " "1, " "1, " "1, " "1, " "1, " "1, " "1, " "1, " "1, " "1, " "1, " "1, " "1, " "1, " "1, " "0, " "1, " "1, " "1, " "1, " "1, " "1, " "1, " "1, " "1, " "1, " "1, " "1, " "1, " "1, " "1, " "1, " "1, " "1, " "1, " "1, " "1, " "1, " "1, " "1, " "1, " "1, " "1, " "1, " "1, " "1, " "1, " "1, " "1, " "1, " "1, " "1, " "1, " "1, " "1, " "1, " "1, " "1, " "1, " "1, " "1, " "1, " "1, " "1, " "1, " "1, " "1, " "1, " "1, " "1, " "1, " "1, " "1, " "1, " "1, " "1, " "1, " "1, " "1, " "1, " "1, " "1, " "1, " "1, " "1, "206
 "Nei60, 0.233, " "-0.092, " "1, " "1, " "1, " "1, " "1, " "1, " "1, " "1, " "1, " "1, " "1, " "1, " "1, " "1, " "1, " "1, " "1, " "1, " "1, " "1, " "1, " "1, " "1, " "1, " "1, " "1, " "1, " "1, " "1, " "1, " "1, " "1, " "1, " "1, " "1, " "1, " "1, " "1, " "1, " "1, " "1, " "1, " "1, " "1, " "1, " "1, " "1, " "1, " "1, " "1, " "1, " "1, " "1, " "1, " "1, " "1, " "1, " "1, " "1, " "1, " "0, " "1, " "1, " "1, " "1, " "1, " "1, " "1, " "1, " "1, " "1, " "1, " "1, " "1, " "1, " "1, " "1, " "1, " "1, " "1, " "1, " "1, " "1, " "1, " "1, " "1, " "1, " "1, " "1, " "1, " "1, " "1, " "1, " "1, " "1, " "1, " "1, " "1, " "1, " "1, " "1, " "1, " "1, " "1, " "1, " "1, " "1, " "1, " "1, " "1, " "1, " "1, " "1, " "1, " "1, " "1, " "1, " "1, " "1, " "1, " "1, " "1, " "1, " "1, " "1, " "1, " "1, " "1, " "1, "206
 "Nei61, 0.358, " "-0.092, " "1, " "1, " "1, " "1, " "1, " "1, " "1, " "1, " "1, " "1, " "1, " "1, " "1, " "1, " "1, " "1, " "1, " "1, " "1, " "1, " "1, " "1, " "1, " "1, " "1, " "1, " "1, " "1, " "1, " "1, " "1, " "1, " "1, " "1, " "1, " "1, " "1, " "1, " "1, " "1, " "1, " "1, " "1, " "1, " "1, " "1, " "1, " "1, " "1, " "1, " "1, " "1, " "1, " "1, " "1, " "1, " "1, " "1, " "1, " "1, " "1, " "0, " "1, " "1, " "1, " "1, " "1, " "1, " "1, " "1, " "1, " "1, " "1, " "1, " "1, " "1, " "1, " "1, " "1, " "1, " "1, " "1, " "1, " "1, " "1, " "1, " "1, " "1, " "1, " "1, " "1, " "1, " "1, " "1, " "1, " "1, " "1, " "1, " "1, " "1, " "1, " "1, " "1, " "1, " "1, " "1, " "1, " "1, " "1, " "1, " "1, " "1, " "1, " "1, " "1, " "1, " "1, " "1, " "1, " "1, " "1, " "1, " "1, " "1, " "1, " "1, " "1, " "1, " "1, "206
 "Nei62, 0.07, " "-0.092, " "1, " "1, " "1, " "1, " "1, " "1, " "1, " "1, " "1, " "1, " "1, " "1, " "1, " "1, " "1, " "1, " "1, " "1, " "1, " "1, " "1, " "1, " "1, " "1, " "1, " "1, " "1, " "1, " "1, " "1, " "1, " "1, " "1, " "1, " "1, " "1, " "1, " "1, " "1, " "1, " "1, " "1, " "1, " "1, " "1, " "1, " "1, " "1, " "1, " "1, " "1, " "1, " "1, " "1, " "1, " "1, " "1, " "1, " "1, " "1, " "1, " "1, " "0, " "1, " "1, " "1, " "1, " "1, " "1, " "1, " "1, " "1, " "1, " "1, " "1, " "1, " "1, " "1, " "1, " "1, " "1, " "1, " "1, " "1, " "1, " "1, " "1, " "1, " "1, " "1, " "1, " "1, " "1, " "1, " "1, " "1, " "1, " "1, " "1, " "1, " "1, " "1, " "1, " "1, " "1, " "1, " "1, " "1, " "1, " "1, " "1, " "1, " "1, " "1, " "1, " "1, " "1, " "1, " "1, " "1, " "1, " "1, " "1, " "1, " "1, " "1, " "1, " "1, " "1, "206
 "Nei63, 0.029, " "-0.092, " "1, " "1, " "1, " "1, " "1, " "1, " "1, " "1, " "1, " "1, " "1, " "1, " "1, " "1, " "1, " "1, " "1, " "1, " "1, " "1, " "1, " "1, " "1, " "1, " "1, " "1, " "1, " "1, " "1, " "1, " "1, " "1, " "1, " "1, " "1, " "1, " "1, " "1, " "1, " "1, " "1, " "1, " "1, " "1, " "1, " "1, " "1, " "1, " "1, " "1, " "1, " "1, " "1, " "1, " "1, " "1, " "1, " "1, " "1, " "1, " "1, " "1, " "1, " "0, " "1, " "1, " "1, " "1, " "1, " "1, " "1, " "1, " "1, " "1, " "1, " "1, " "1, " "1, " "1, " "1, " "1, " "1, " "1, " "1, " "1, " "1, " "1, " "1, " "1, " "1, " "1, " "1, " "1, " "1, " "1, " "1, " "1, " "1, " "1, " "1, " "1, " "1, " "1, " "1, " "1, " "1, " "1, " "1, " "1, " "1, " "1, " "1, " "1, " "1, " "1, " "1, " "1, " "1, " "1, " "1, " "1, " "1, " "1, " "1, " "1, " "1, " "1, " "1, " "1, "206
 "Nei64, 0.214, " "-0.092, " "1, " "1, " "1, " "1, " "1, " "1, " "1, " "1, " "1, " "1, " "1, " "1, " "1, " "1, " "1, " "1, " "1, " "1, " "1, " "1, " "1, " "1, " "1, " "1, " "1, " "1, " "1, " "1, " "1, " "1, " "1, " "1, " "1, " "1, " "1, " "1, " "1, " "1, " "1, " "1, " "1, " "1, " "1, " "1, " "1, " "1, " "1, " "1, " "1, " "1, " "1, " "1, " "1, " "1, " "1, " "1, " "1, " "1, " "1, " "1, " "1, " "1, " "1, " "1, " "0, " "1, " "1, " "1, " "1, " "1, " "1, " "1, " "1, " "1, " "1, " "1, " "1, " "1, " "1, " "1, " "1, " "1, " "1, " "1, " "1, " "1, " "1, " "1, " "1, " "1, " "1, " "1, " "1, " "1, " "1, " "1, " "1, " "1, " "1, " "1, " "1, " "1, " "1, " "1, " "1, " "1, " "1, " "1, " "1, " "1, " "1, " "1, " "1, " "1, " "1, " "1, " "1, " "1, " "1, " "1, " "1, " "1, " "1, " "1, " "1, " "1, " "1, " "1, " "1, "206
 "Nei65, 0.241, " "-0.092, " "1, " "1, " "1, " "1, " "1, " "1, " "1, " "1, " "1, " "1, " "1, " "1, " "1, " "1, " "1, " "1, " "1, " "1, " "1, " "1, " "1, " "1, " "1, " "1, " "1, " "1, " "1, " "1, " "1, " "1, " "1, " "1, " "1, " "1, " "1, " "1, " "1, " "1, " "1, " "1, " "1, " "1, " "1, " "1, " "1, " "1, " "1, " "1, " "1, " "1, " "1, " "1, " "1, " "1, " "1, " "1, " "1, " "1, " "1, " "1, " "1, " "1, " "1, " "1, " "1, " "0, " "1, " "1, " "1, " "1, " "1, " "1, " "1, " "1, " "1, " "1, " "1, " "1, " "1, " "1, " "1, " "1, " "1, " "1, " "1, " "1, " "1, " "1, " "1, " "1, " "1, " "1, " "1, " "1, " "1, " "1, " "1, " "1, " "1, " "1, " "1, " "1, " "1, " "1, " "1, " "1, " "1, " "1, " "1, " "1, " "1, " "1, " "1, " "1, " "1, " "1, " "1, " "1, " "1, " "1, " "1, " "1, " "1, " "1, " "1, " "1, " "1, " "1, " "1, "206
 "Nei66, 0.379, " "-0.092, " "1, " "1, " "1, " "1, " "1, " "1, " "1, " "1, " "1, " "1, " "1, " "1, " "1, " "1, " "1, " "1, " "1, " "1, " "1, " "1, " "1, " "1, " "1, " "1, " "1, " "1, " "1, " "1, " "1, " "1, " "1, " "1, " "1, " "1, " "1, " "1, " "1, " "1, " "1, " "1, " "1, " "1, " "1, " "1, " "1, " "1, " "1, " "1, " "1, " "1, " "1, " "1, " "1, " "1, " "1, " "1, " "1, " "1, " "1, " "1, " "1, " "1, " "1, " "1, " "1, " "1, " "0, " "1, " "1, " "1, " "1, " "1, " "1, " "1, " "1, " "1, " "1, " "1, " "1, " "1, " "1, " "1, " "1, " "1, " "1, " "1, " "1, " "1, " "1, " "1, " "1, " "1, " "1, " "1, " "1, " "1, " "1, " "1, " "1, " "1, " "1, " "1, " "1, " "1, " "1, " "1, " "1, " "1, " "1, " "1, " "1, " "1, " "1, " "1, " "1, " "1, " "1, " "1, " "1, " "1, " "1, " "1, " "1, " "1, " "1, " "1, " "1, " "1, " "1, "206
 "Nei67, 0.088, " "-0.092, " "1, " "1, " "1, " "1, " "1, " "1, " "1, " "1, " "1, " "1, " "1, " "1, " "1, " "1, " "1, " "1, " "1, " "1, " "1, " "1, " "1, " "1, " "1, " "1, " "1, " "1, " "1, " "1, " "1, " "1, " "1, " "1, " "1, " "1, " "1, " "1, " "1, " "1, " "1, " "1, " "1, " "1, " "1, " "1, " "1, " "1, " "1, " "1, " "1, " "1, " "1, " "1, " "1, " "1, " "1, " "1, " "1, " "1, " "1, " "1, " "1, " "1, " "1, " "1, " "1, " "1, " "1, " "0, " "1, " "1, " "1, " "1, " "1, " "1, " "1, " "1, " "1, " "1, " "1, " "1, " "1, " "1, " "1, " "1, " "1, " "1, " "1, " "1, " "1, " "1, " "1, " "1, " "1, " "1, " "1, " "1, " "1, " "1, " "1, " "1, " "1, " "1, " "1, " "1, " "1, " "1, " "1, " "1, " "1, " "1, " "1, " "1, " "1, " "1, " "1, " "1, " "1, " "1, " "1, " "1, " "1, " "1, " "1, " "1, " "1, " "1, " "1, " "1, " "1, "206
 "Nei68, 0.19, " "-0.092, " "1, " "1, " "1, " "1, " "1, " "1, " "1, " "1, " "1, " "1, " "1, " "1, " "1, " "1, " "1, " "1, " "1, " "1, " "1, " "1, " "1, " "1, " "1, " "1, " "1, " "1, " "1, " "1, " "1, " "1, " "1, " "1, " "1, " "1, " "1, " "1, " "1, " "1, " "1, " "1, " "1, " "1, " "1, " "1, " "1, " "1, " "1, " "1, " "1, " "1, " "1, " "1, " "1, " "1, " "1, " "1, " "1, " "1, " "1, " "1, " "1, " "1, " "1, " "1, " "1, " "1, " "1, " "1, " "0, " "1, " "1, " "1, " "1, " "1, " "1, " "1, " "1, " "1, " "1, " "1, " "1, " "1, " "1, " "1, " "1, " "1, " "1, " "1, " "1, " "1, " "1, " "1, " "1, " "1, " "1, " "1, " "1, " "1, " "1, " "1, " "1, " "1, " "1, " "1, " "1, " "1, " "1, " "1, " "1, " "1, " "1, " "1, " "1, " "1, " "1, " "1, " "1, " "1, " "1, " "1, " "1, " "1, " "1, " "1, " "1, " "1, " "1, " "1, " "1, "206
 "Nei69, 0.171, " "-0.092, " "1, " "1, " "1, " "1, " "1, " "1, " "1, " "1, " "1, " "1, " "1, " "1, " "1, " "1, " "1, " "1, " "1, " "1, " "1, " "1, " "1, " "1, " "1, " "1, " "1, " "1, " "1, " "1, " "1, " "1, " "1, " "1, " "1, " "1, " "1, " "1, " "1, " "1, " "1, " "1, " "1, " "1, " "1, " "1, " "1, " "1, " "1, " "1, " "1, " "1, " "1, " "1, " "1, " "1, " "1, " "1, " "1, " "1, " "1, " "1, " "1, " "1, " "1, " "1, " "1, " "1, " "1, " "1, " "1, " "0, " "1, " "1, " "1, " "1, " "1, " "1, " "1, " "1, " "1, " "1, " "1, " "1, " "1, " "1, " "1, " "1, " "1, " "1, " "1, " "1, " "1, " "1, " "1, " "1, " "1, " "1, " "1, " "1, " "1, " "1, " "1, " "1, " "1, " "1, " "1, " "1, " "1, " "1, " "1, " "1, " "1, " "1, " "1, " "1, " "1, " "1, " "1, " "1, " "1, " "1, " "1, " "1, " "1, " "1, " "1, " "1, " "1, " "1, " "1, "206
 "Nei70, 0.252, " "-0.092, " "1, " "1, " "1, " "1, " "1, " "1, " "1, " "1, " "1, " "1, " "1, " "1, " "1, " "1, " "1, " "1, " "1, " "1, " "1, " "1, " "1, " "1, " "1, " "1, " "1, " "1, " "1, " "1, " "1, " "1, " "1, " "1, " "1, " "1, " "1, " "1, " "1, " "1, " "1, " "1, " "1, " "1, " "1, " "1, " "1, " "1, " "1, " "1, " "1, " "1, " "1, " "1, " "1, " "1, " "1, " "1, " "1, " "1, " "1, " "1, " "1, " "1, " "1, " "1, " "1, " "1, " "1, " "1, " "1, " "1, " "0, " "1, " "1, " "1, " "1, " "1, " "1, " "1, " "1, " "1, " "1, " "1, " "1, " "1, " "1, " "1, " "1, " "1, " "1, " "1, " "1, " "1, " "1, " "1, " "1, " "1, " "1, " "1, " "1, " "1, " "1, " "1, " "1, " "1, " "1, " "1, " "1, " "1, " "1, " "1, " "1, " "1, " "1, " "1, " "1, " "1, " "1, " "1, " "1, " "1, " "1, " "1, " "1, " "1, " "1, " "1, " "1, " "1, " "1, "206
 "Nei71, 0.087, " "-0.092, " "1, " "1, " "1, " "1, " "1, " "1, " "1, " "1, " "1, " "1, " "1, " "1, " "1, " "1, " "1, " "1, " "1, " "1, " "1, " "1, " "1, " "1, " "1, " "1, " "1, " "1, " "1, " "1, " "1, " "1, " "1, " "1, " "1, " "1, " "1, " "1, " "1, " "1, " "1, " "1, " "1, " "1, " "1, " "1, " "1, " "1, " "1, " "1, " "1, " "1, " "1, " "1, " "1, " "1, " "1, " "1, " "1, " "1, " "1, " "1, " "1, " "1, " "1, " "1, " "1, " "1, " "1, " "1, " "1, " "1, " "1, " "0, " "1, " "1, " "1, " "1, " "1, " "1, " "1, " "1, " "1, " "1, " "1, " "1, " "1, " "1, " "1, " "1, " "1, " "1, " "1, " "1, " "1, " "1, " "1, " "1, " "1, " "1, " "1, " "1, " "1, " "1, " "1, " "1, " "1, " "1, " "1, " "1, " "1, " "1, " "1, " "1, " "1, " "1, " "1, " "1, " "1, " "1, " "1, " "1, " "1, " "1, " "1, " "1, " "1, " "1, " "1, " "1, " "1, "206
 "Nei72, 0.128, " "-0.092, " "1, " "1, " "1, " "1, " "1, " "1, " "1, " "1, " "1, " "1, " "1, " "1, " "1, " "1, " "1, " "1, " "1, " "1, " "1, " "1, " "1, " "1, " "1, " "1, " "1, " "1, " "1, " "1, " "1, " "1, " "1, " "1, " "1, " "1, " "1, " "1, " "1, " "1, " "1, " "1, " "1, " "1, " "1, " "1, " "1, " "1, " "1, " "1, " "1, " "1, " "1, " "1, " "1, " "1, " "1, " "1, " "1, " "1, " "1, " "1, " "1, " "1, " "1, " "1, " "1, " "1, " "1, " "1, " "1, " "1, " "1, " "1, " "0, " "1, " "1, " "1, " "1, " "1, " "1, " "1, " "1, " "1, " "1, " "1, " "1, " "1, " "1, " "1, " "1, " "1, " "1, " "1, " "1, " "1, " "1, " "1, " "1, " "1, " "1, " "1, " "1, " "1, " "1, " "1, " "1, " "1, " "1, " "1, " "1, " "1, " "1, " "1, " "1, " "1, " "1, " "1, " "1, " "1, " "1, " "1, " "1, " "1, " "1, " "1, " "1, " "1, " "1, " "1, " "1, "206
 "Nei73, 0.278, " "-0.092, " "1, " "1, " "1, " "1, " "1, " "1, " "1, " "1, " "1, " "1, " "1, " "1, " "1, " "1, " "1, " "1, " "1, " "1, " "1, " "1, " "1, " "1, " "1, " "1, " "1, " "1, " "1, " "1, " "1, " "1, " "1, " "1, " "1, " "1, " "1, " "1, " "1, " "1, " "1, " "1, " "1, " "1, " "1, " "1, " "1, " "1, " "1, " "1, " "1, " "1, " "1, " "1, " "1, " "1, " "1, " "1, " "1, " "1, " "1, " "1, " "1, " "1, " "1, " "1, " "1, " "1, " "1, " "1, " "1, " "1, " "1, " "1, " "1, " "0, " "1, " "1, " "1, " "1, " "1, " "1, " "1, " "1, " "1, " "1, " "1, " "1, " "1, " "1, " "1, " "1, " "1, " "1, " "1, " "1, " "1, " "1, " "1, " "1, " "1, " "1, " "1, " "1, " "1, " "1, " "1, " "1, " "1, " "1, " "1, " "1, " "1, " "1, " "1, " "1, " "1, " "1, " "1, " "1, " "1, " "1, " "1, " "1, " "1, " "1, " "1, " "1, " "1, " "1, " "1, "206
 "Nei74, 0.193, " "-0.092, " "1, " "1, " "1, " "1, " "1, " "1, " "1, " "1, " "1, " "1, " "1, " "1, " "1, " "1, " "1, " "1, " "1, " "1, " "1, " "1, " "1, " "1, " "1, " "1, " "1, " "1, " "1, " "1, " "1, " "1, " "1, " "1, " "1, " "1, " "1, " "1, " "1, " "1, " "1, " "1, " "1, " "1, " "1, " "1, " "1, " "1, " "1, " "1, " "1, " "1, " "1, " "1, " "1, " "1, " "1, " "1, " "1, " "1, " "1, " "1, " "1, " "1, " "1, " "1, " "1, " "1, " "1, " "1, " "1, " "1, " "1, " "1, " "1, " "1, " "0, " "1, " "1, " "1, " "1, " "1, " "1, " "1, " "1, " "1, " "1, " "1, " "1, " "1, " "1, " "1, " "1, " "1, " "1, " "1, " "1, " "1, " "1, " "1, " "1, " "1, " "1, " "1, " "1, " "1, " "1, " "1, " "1, " "1, " "1, " "1, " "1, " "1, " "1, " "1, " "1, " "1, " "1, " "1, " "1, " "1, " "1, " "1, " "1, " "1, " "1, " "1, " "1, " "1, " "1, "206
 "Nei75, 0.13, " "-0.092, " "1, " "1, " "1, " "1, " "1, " "1, " "1, " "1, " "1, " "1, " "1, " "1, " "1, " "1, " "1, " "1, " "1, " "1, " "1, " "1, " "1, " "1, " "1, " "1, " "1, " "1, " "1, " "1, " "1, " "1, " "1, " "1, " "1, " "1, " "1, " "1, " "1, " "1, " "1, " "1, " "1, " "1, " "1, " "1, " "1, " "1, " "1, " "1, " "1, " "1, " "1, " "1, " "1, " "1, " "1, " "1, " "1, " "1, " "1, " "1, " "1, " "1, " "1, " "1, " "1, " "1, " "1, " "1, " "1, " "1, " "1, " "1, " "1, " "1, " "1, " "0, " "1, " "1, " "1, " "1, " "1, " "1, " "1, " "1, " "1, " "1, " "1, " "1, " "1, " "1, " "1, " "1, " "1, " "1, " "1, " "1, " "1, " "1, " "1, " "1, " "1, " "1, " "1, " "1, " "1, " "1, " "1, " "1, " "1, " "1, " "1, " "1, " "1, " "1, " "1, " "1, " "1, " "1, " "1, " "1, " "1, " "1, " "1, " "1, " "1, " "1, " "1, " "1, " "1, "206
 "Nei76, 0.119, " "-0.092, " "1, " "1, " "1, " "1, " "1, " "1, " "1, " "1, " "1, " "1, " "1, " "1, " "1, " "1, " "1, " "1, " "1, " "1, " "1, " "1, " "1, " "1, " "1, " "1, " "1, " "1, " "1, " "1, " "1, " "1, " "1, " "1, " "1, " "1, " "1, " "1, " "1, " "1, " "1, " "1, " "1, " "1, " "1, " "1, " "1, " "1, " "1, " "1, " "1, " "1, " "1, " "1, " "1, " "1, " "1, " "1, " "1, " "1, " "1, " "1, " "1, " "1, " "1, " "1, " "1, " "1, " "1, " "1, " "1, " "1, " "1, " "1, " "1, " "1, " "1, " "1, " "0, " "1, " "1, " "1, " "1, " "1, " "1, " "1, " "1, " "1, " "1, " "1, " "1, " "1, " "1, " "1, " "1, " "1, " "1, " "1, " "1, " "1, " "1, " "1, " "1, " "1, " "1, " "1, " "1, " "1, " "1, " "1, " "1, " "1, " "1, " "1, " "1, " "1, " "1, " "1, " "1, " "1, " "1, " "1, " "1, " "1, " "1, " "1, " "1, " "1, " "1, " "1, " "1, "206
 "Nei77, 0.176, " "-0.092, " "1, " "1, " "1, " "1, " "1, " "1, " "1, " "1, " "1, " "1, " "1, " "1, " "1, " "1, " "1, " "1, " "1, " "1, " "1, " "1, " "1, " "1, " "1, " "1, " "1, " "1, " "1, " "1, " "1, " "1, " "1, " "1, " "1, " "1, " "1, " "1, " "1, " "1, " "1, " "1, " "1, " "1, " "1, " "1, " "1, " "1, " "1, " "1, " "1, " "1, " "1, " "1, " "1, " "1, " "1, " "1, " "1, " "1, " "1, " "1, " "1, " "1, " "1, " "1, " "1, " "1, " "1, " "1, " "1, " "1, " "1, " "1, " "1, " "1, " "1, " "1, " "1, " "0, " "1, " "1, " "1, " "1, " "1, " "1, " "1, " "1, " "1, " "1, " "1, " "1, " "1, " "1, " "1, " "1, " "1, " "1, " "1, " "1, " "1, " "1, " "1, " "1, " "1, " "1, " "1, " "1, " "1, " "1, " "1, " "1, " "1, " "1, " "1, " "1, " "1, " "1, " "1, " "1, " "1, " "1, " "1, " "1, " "1, " "1, " "1, " "1, " "1, " "1, " "1, "206
 "Nei78, 0.154, " "-0.092, " "1, " "1, " "1, " "1, " "1, " "1, " "1, " "1, " "1, " "1, " "1, " "1, " "1, " "1, " "1, " "1, " "1, " "1, " "1, " "1, " "1, " "1, " "1, " "1, " "1, " "1, " "1, " "1, " "1, " "1, " "1, " "1, " "1, " "1, " "1, " "1, " "1, " "1, " "1, " "1, " "1, " "1, " "1, " "1, " "1, " "1, " "1, " "1, " "1, " "1, " "1, " "1, " "1, " "1, " "1, " "1, " "1, " "1, " "1, " "1, " "1, " "1, " "1, " "1, " "1, " "1, " "1, " "1, " "1, " "1, " "1, " "1, " "1, " "1, " "1, " "1, " "1, " "1, " "0, " "1, " "1, " "1, " "1, " "1, " "1, " "1, " "1, " "1, " "1, " "1, " "1, " "1, " "1, " "1, " "1, " "1, " "1, " "1, " "1, " "1, " "1, " "1, " "1, " "1, " "1, " "1, " "1, " "1, " "1, " "1, " "1, " "1, " "1, " "1, " "1, " "1, " "1, " "1, " "1, " "1, " "1, " "1, " "1, " "1, " "1, " "1, " "1, " "1, " "1, "206
 "Nei79, 0.166, " "-0.092, " "1, " "1, " "1, " "1, " "1, " "1, " "1, " "1, " "1, " "1, " "1, " "1, " "1, " "1, " "1, " "1, " "1, " "1, " "1, " "1, " "1, " "1, " "1, " "1, " "1, " "1, " "1, " "1, " "1, " "1, " "1, " "1, " "1, " "1, " "1, " "1, " "1, " "1, " "1, " "1, " "1, " "1, " "1, " "1, " "1, " "1, " "1, " "1, " "1, " "1, " "1, " "1, " "1, " "1, " "1, " "1, " "1, " "1, " "1, " "1, " "1, " "1, " "1, " "1, " "1, " "1, " "1, " "1, " "1, " "1, " "1, " "1, " "1, " "1, " "1, " "1, " "1, " "1, " "1, " "0, " "1, " "1, " "1, " "1, " "1, " "1, " "1, " "1, " "1, " "1, " "1, " "1, " "1, " "1, " "1, " "1, " "1, " "1, " "1, " "1, " "1, " "1, " "1, " "1, " "1, " "1, " "1, " "1, " "1, " "1, " "1, " "1, " "1, " "1, " "1, " "1, " "1, " "1, " "1, " "1, " "1, " "1, " "1, " "1, " "1, " "1, " "1, " "1, " "1, "206
 "Nei80, 0.168, " "-0.092, " "1, " "1, " "1, " "1, " "1, " "1, " "1, " "1, " "1, " "1, " "1, " "1, " "1, " "1, " "1, " "1, " "1, " "1, " "1, " "1, " "1, " "1, " "1, " "1, " "1, " "1, " "1, " "1, " "1, " "1, " "1, " "1, " "1, " "1, " "1, " "1, " "1, " "1, " "1, " "1, " "1, " "1, " "1, " "1, " "1, " "1, " "1, " "1, " "1, " "1, " "1, " "1, " "1, " "1, " "1, " "1, " "1, " "1, " "1, " "1, " "1, " "1, " "1, " "1, " "1, " "1, " "1, " "1, " "1, " "1, " "1, " "1, " "1, " "1, " "1, " "1, " "1, " "1, " "1, " "1, " "0, " "1, " "1, " "1, " "1, " "1, " "1, " "1, " "1, " "1, " "1, " "1, " "1, " "1, " "1, " "1, " "1, " "1, " "1, " "1, " "1, " "1, " "1, " "1, " "1, " "1, " "1, " "1, " "1, " "1, " "1, " "1, " "1, " "1, " "1, " "1, " "1, " "1, " "1, " "1, " "1, " "1, " "1, " "1, " "1, " "1, " "1, " "1, " "1, "206
 "Nei81, 0.049, " "-0.092, " "1, " "1, " "1, " "1, " "1, " "1, " "1, " "1, " "1, " "1, " "1, " "1, " "1, " "1, " "1, " "1, " "1, " "1, " "1, " "1, " "1, " "1, " "1, " "1, " "1, " "1, " "1, " "1, " "1, " "1, " "1, " "1, " "1, " "1, " "1, " "1, " "1, " "1, " "1, " "1, " "1, " "1, " "1, " "1, " "1, " "1, " "1, " "1, " "1, " "1, " "1, " "1, " "1, " "1, " "1, " "1, " "1, " "1, " "1, " "1, " "1, " "1, " "1, " "1, " "1, " "1, " "1, " "1, " "1, " "1, " "1, " "1, " "1, " "1, " "1, " "1, " "1, " "1, " "1, " "1, " "1, " "0, " "1, " "1, " "1, " "1, " "1, " "1, " "1, " "1, " "1, " "1, " "1, " "1, " "1, " "1, " "1, " "1, " "1, " "1, " "1, " "1, " "1, " "1, " "1, " "1, " "1, " "1, " "1, " "1, " "1, " "1, " "1, " "1, " "1, " "1, " "1, " "1, " "1, " "1, " "1, " "1, " "1, " "1, " "1, " "1, " "1, " "1, " "1, "206
 "Nei82, 0.11, " "-0.092, " "1, " "1, " "1, " "1, " "1, " "1, " "1, " "1, " "1, " "1, " "1, " "1, " "1, " "1, " "1, " "1, " "1, " "1, " "1, " "1, " "1, " "1, " "1, " "1, " "1, " "1, " "1, " "1, " "1, " "1, " "1, " "1, " "1, " "1, " "1, " "1, " "1, " "1, " "1, " "1, " "1, " "1, " "1, " "1, " "1, " "1, " "1, " "1, " "1, " "1, " "1, " "1, " "1, " "1, " "1, " "1, " "1, " "1, " "1, " "1, " "1, " "1, " "1, " "1, " "1, " "1, " "1, " "1, " "1, " "1, " "1, " "1, " "1, " "1, " "1, " "1, " "1, " "1, " "1, " "1, " "1, " "1, " "0, " "1, " "1, " "1, " "1, " "1, " "1, " "1, " "1, " "1, " "1, " "1, " "1, " "1, " "1, " "1, " "1, " "1, " "1, " "1, " "1, " "1, " "1, " "1, " "1, " "1, " "1, " "1, " "1, " "1, " "1, " "1, " "1, " "1, " "1, " "1, " "1, " "1, " "1, " "1, " "1, " "1, " "1, " "1, " "1, " "1, " "1, "206
 "Nei83, 0.351, " "-0.092, " "1, " "1, " "1, " "1, " "1, " "1, " "1, " "1, " "1, " "1, " "1, " "1, " "1, " "1, " "1, " "1, " "1, " "1, " "1, " "1, " "1, " "1, " "1, " "1, " "1, " "1, " "1, " "1, " "1, " "1, " "1, " "1, " "1, " "1, " "1, " "1, " "1, " "1, " "1, " "1, " "1, " "1, " "1, " "1, " "1, " "1, " "1, " "1, " "1, " "1, " "1, " "1, " "1, " "1, " "1, " "1, " "1, " "1, " "1, " "1, " "1, " "1, " "1, " "1, " "1, " "1, " "1, " "1, " "1, " "1, " "1, " "1, " "1, " "1, " "1, " "1, " "1, " "1, " "1, " "1, " "1, " "1, " "1, " "0, " "1, " "1, " "1, " "1, " "1, " "1, " "1, " "1, " "1, " "1, " "1, " "1, " "1, " "1, " "1, " "1, " "1, " "1, " "1, " "1, " "1, " "1, " "1, " "1, " "1, " "1, " "1, " "1, " "1, " "1, " "1, " "1, " "1, " "1, " "1, " "1, " "1, " "1, " "1, " "1, " "1, " "1, " "1, " "1, " "1, "206
 "Nei84, 0.387, " "-0.092, " "1, " "1, " "1, " "1, " "1, " "1, " "1, " "1, " "1, " "1, " "1, " "1, " "1, " "1, " "1, " "1, " "1, " "1, " "1, " "1, " "1, " "1, " "1, " "1, " "1, " "1, " "1, " "1, " "1, " "1, " "1, " "1, " "1, " "1, " "1, " "1, " "1, " "1, " "1, " "1, " "1, " "1, " "1, " "1, " "1, " "1, " "1, " "1, " "1, " "1, " "1, " "1, " "1, " "1, " "1, " "1, " "1, " "1, " "1, " "1, " "1, " "1, " "1, " "1, " "1, " "1, " "1, " "1, " "1, " "1, " "1, " "1, " "1, " "1, " "1, " "1, " "1, " "1, " "1, " "1, " "1, " "1, " "1, " "1, " "0, " "1, " "1, " "1, " "1, " "1, " "1, " "1, " "1, " "1, " "1, " "1, " "1, " "1, " "1, " "1, " "1, " "1, " "1, " "1, " "1, " "1, " "1, " "1, " "1, " "1, " "1, " "1, " "1, " "1, " "1, " "1, " "1, " "1, " "1, " "1, " "1, " "1, " "1, " "1, " "1, " "1, " "1, " "1, " "1, "206
 "Nei85, 0.355, " "-0.092, " "1, " "1, " "1, " "1, " "1, " "1, " "1, " "1, " "1, " "1, " "1, " "1, " "1, " "1, " "1, " "1, " "1, " "1, " "1, " "1, " "1, " "1, " "1, " "1, " "1, " "1, " "1, " "1, " "1, " "1, " "1, " "1, " "1, " "1, " "1, " "1, " "1, " "1, " "1, " "1, " "1, " "1, " "1, " "1, " "1, " "1, " "1, " "1, " "1, " "1, " "1, " "1, " "1, " "1, " "1, " "1, " "1, " "1, " "1, " "1, " "1, " "1, " "1, " "1, " "1, " "1, " "1, " "1, " "1, " "1, " "1, " "1, " "1, " "1, " "1, " "1, " "1, " "1, " "1, " "1, " "1, " "1, " "1, " "1, " "1, " "0, " "1, " "1, " "1, " "1, " "1, " "1, " "1, " "1, " "1, " "1, " "1, " "1, " "1, " "1, " "1, " "1, " "1, " "1, " "1, " "1, " "1, " "1, " "1, " "1, " "1, " "1, " "1, " "1, " "1, " "1, " "1, " "1, " "1, " "1, " "1, " "1, " "1, " "1, " "1, " "1, " "1, " "1, " "1, "206
 "Nei86, 0.225, " "-0.092, " "1, " "1, " "1, " "1, " "1, " "1, " "1, " "1, " "1, " "1, " "1, " "1, " "1, " "1, " "1, " "1, " "1, " "1, " "1, " "1, " "1, " "1, " "1, " "1, " "1, " "1, " "1, " "1, " "1, " "1, " "1, " "1, " "1, " "1, " "1, " "1, " "1, " "1, " "1, " "1, " "1, " "1, " "1, " "1, " "1, " "1, " "1, " "1, " "1, " "1, " "1, " "1, " "1, " "1, " "1, " "1, " "1, " "1, " "1, " "1, " "1, " "1, " "1, " "1, " "1, " "1, " "1, " "1, " "1, " "1, " "1, " "1, " "1, " "1, " "1, " "1, " "1, " "1, " "1, " "1, " "1, " "1, " "1, " "1, " "1, " "1, " "0, " "1, " "1, " "1, " "1, " "1, " "1, " "1, " "1, " "1, " "1, " "1, " "1, " "1, " "1, " "1, " "1, " "1, " "1, " "1, " "1, " "1, " "1, " "1, " "1, " "1, " "1, " "1, " "1, " "1, " "1, " "1, " "1, " "1, " "1, " "1, " "1, " "1, " "1, " "1, " "1, " "1, " "1, "206
 "Nei87, 0.101, " "-0.092, " "1, " "1, " "1, " "1, " "1, " "1, " "1, " "1, " "1, " "1, " "1, " "1, " "1, " "1, " "1, " "1, " "1, " "1, " "1, " "1, " "1, " "1, " "1, " "1, " "1, " "1, " "1, " "1, " "1, " "1, " "1, " "1, " "1, " "1, " "1, " "1, " "1, " "1, " "1, " "1, " "1, " "1, " "1, " "1, " "1, " "1, " "1, " "1, " "1, " "1, " "1, " "1, " "1, " "1, " "1, " "1, " "1, " "1, " "1, " "1, " "1, " "1, " "1, " "1, " "1, " "1, " "1, " "1, " "1, " "1, " "1, " "1, " "1, " "1, " "1, " "1, " "1, " "1, " "1, " "1, " "1, " "1, " "1, " "1, " "1, " "1, " "1, " "0, " "1, " "1, " "1, " "1, " "1, " "1, " "1, " "1, " "1, " "1, " "1, " "1, " "1, " "1, " "1, " "1, " "1, " "1, " "1, " "1, " "1, " "1, " "1, " "1, " "1, " "1, " "1, " "1, " "1, " "1, " "1, " "1, " "1, " "1, " "1, " "1, " "1, " "1, " "1, " "1, " "1, "206
 "Nei88, 0.1, " "-0.092, " "1, " "1, " "1, " "1, " "1, " "1, " "1, " "1, " "1, " "1, " "1, " "1, " "1, " "1, " "1, " "1, " "1, " "1, " "1, " "1, " "1, " "1, " "1, " "1, " "1, " "1, " "1, " "1, " "1, " "1, " "1, " "1, " "1, " "1, " "1, " "1, " "1, " "1, " "1, " "1, " "1, " "1, " "1, " "1, " "1, " "1, " "1, " "1, " "1, " "1, " "1, " "1, " "1, " "1, " "1, " "1, " "1, " "1, " "1, " "1, " "1, " "1, " "1, " "1, " "1, " "1, " "1, " "1, " "1, " "1, " "1, " "1, " "1, " "1, " "1, " "1, " "1, " "1, " "1, " "1, " "1, " "1, " "1, " "1, " "1, " "1, " "1, " "1, " "0, " "1, " "1, " "1, " "1, " "1, " "1, " "1, " "1, " "1, " "1, " "1, " "1, " "1, " "1, " "1, " "1, " "1, " "1, " "1, " "1, " "1, " "1, " "1, " "1, " "1, " "1, " "1, " "1, " "1, " "1, " "1, " "1, " "1, " "1, " "1, " "1, " "1, " "1, " "1, " "1, "206
 "Nei89, 0.268, " "-0.092, " "1, " "1, " "1, " "1, " "1, " "1, " "1, " "1, " "1, " "1, " "1, " "1, " "1, " "1, " "1, " "1, " "1, " "1, " "1, " "1, " "1, " "1, " "1, " "1, " "1, " "1, " "1, " "1, " "1, " "1, " "1, " "1, " "1, " "1, " "1, " "1, " "1, " "1, " "1, " "1, " "1, " "1, " "1, " "1, " "1, " "1, " "1, " "1, " "1, " "1, " "1, " "1, " "1, " "1, " "1, " "1, " "1, " "1, " "1, " "1, " "1, " "1, " "1, " "1, " "1, " "1, " "1, " "1, " "1, " "1, " "1, " "1, " "1, " "1, " "1, " "1, " "1, " "1, " "1, " "1, " "1, " "1, " "1, " "1, " "1, " "1, " "1, " "1, " "1, " "0, " "1, " "1, " "1, " "1, " "1, " "1, " "1, " "1, " "1, " "1, " "1, " "1, " "1, " "1, " "1, " "1, " "1, " "1, " "1, " "1, " "1, " "1, " "1, " "1, " "1, " "1, " "1, " "1, " "1, " "1, " "1, " "1, " "1, " "1, " "1, " "1, " "1, " "1, " "1, "206
 "Nei90, 0.074, " "-0.092, " "1, " "1, " "1, " "1, " "1, " "1, " "1, " "1, " "1, " "1, " "1, " "1, " "1, " "1, " "1, " "1, " "1, " "1, " "1, " "1, " "1, " "1, " "1, " "1, " "1, " "1, " "1, " "1, " "1, " "1, " "1, " "1, " "1, " "1, " "1, " "1, " "1, " "1, " "1, " "1, " "1, " "1, " "1, " "1, " "1, " "1, " "1, " "1, " "1, " "1, " "1, " "1, " "1, " "1, " "1, " "1, " "1, " "1, " "1, " "1, " "1, " "1, " "1, " "1, " "1, " "1, " "1, " "1, " "1, " "1, " "1, " "1, " "1, " "1, " "1, " "1, " "1, " "1, " "1, " "1, " "1, " "1, " "1, " "1, " "1, " "1, " "1, " "1, " "1, " "1, " "0, " "1, " "1, " "1, " "1, " "1, " "1, " "1, " "1, " "1, " "1, " "1, " "1, " "1, " "1, " "1, " "1, " "1, " "1, " "1, " "1, " "1, " "1, " "1, " "1, " "1, " "1, " "1, " "1, " "1, " "1, " "1, " "1, " "1, " "1, " "1, " "1, " "1, " "1, "206
 "Nei91, 0.211, " "-0.092, " "1, " "1, " "1, " "1, " "1, " "1, " "1, " "1, " "1, " "1, " "1, " "1, " "1, " "1, " "1, " "1, " "1, " "1, " "1, " "1, " "1, " "1, " "1, " "1, " "1, " "1, " "1, " "1, " "1, " "1, " "1, " "1, " "1, " "1, " "1, " "1, " "1, " "1, " "1, " "1, " "1, " "1, " "1, " "1, " "1, " "1, " "1, " "1, " "1, " "1, " "1, " "1, " "1, " "1, " "1, " "1, " "1, " "1, " "1, " "1, " "1, " "1, " "1, " "1, " "1, " "1, " "1, " "1, " "1, " "1, " "1, " "1, " "1, " "1, " "1, " "1, " "1, " "1, " "1, " "1, " "1, " "1, " "1, " "1, " "1, " "1, " "1, " "1, " "1, " "1, " "1, " "0, " "1, " "1, " "1, " "1, " "1, " "1, " "1, " "1, " "1, " "1, " "1, " "1, " "1, " "1, " "1, " "1, " "1, " "1, " "1, " "1, " "1, " "1, " "1, " "1, " "1, " "1, " "1, " "1, " "1, " "1, " "1, " "1, " "1, " "1, " "1, " "1, " "1, "206
 "Nei92, 0.253, " "-0.092, " "1, " "1, " "1, " "1, " "1, " "1, " "1, " "1, " "1, " "1, " "1, " "1, " "1, " "1, " "1, " "1, " "1, " "1, " "1, " "1, " "1, " "1, " "1, " "1, " "1, " "1, " "1, " "1, " "1, " "1, " "1, " "1, " "1, " "1, " "1, " "1, " "1, " "1, " "1, " "1, " "1, " "1, " "1, " "1, " "1, " "1, " "1, " "1, " "1, " "1, " "1, " "1, " "1, " "1, " "1, " "1, " "1, " "1, " "1, " "1, " "1, " "1, " "1, " "1, " "1, " "1, " "1, " "1, " "1, " "1, " "1, " "1, " "1, " "1, " "1, " "1, " "1, " "1, " "1, " "1, " "1, " "1, " "1, " "1, " "1, " "1, " "1, " "1, " "1, " "1, " "1, " "1, " "0, " "1, " "1, " "1, " "1, " "1, " "1, " "1, " "1, " "1, " "1, " "1, " "1, " "1, " "1, " "1, " "1, " "1, " "1, " "1, " "1, " "1, " "1, " "1, " "1, " "1, " "1, " "1, " "1, " "1, " "1, " "1, " "1, " "1, " "1, " "1, " "1, "206
 "Nei93, 0.263, " "-0.092, " "1, " "1, " "1, " "1, " "1, " "1, " "1, " "1, " "1, " "1, " "1, " "1, " "1, " "1, " "1, " "1, " "1, " "1, " "1, " "1, " "1, " "1, " "1, " "1, " "1, " "1, " "1, " "1, " "1, " "1, " "1, " "1, " "1, " "1, " "1, " "1, " "1, " "1, " "1, " "1, " "1, " "1, " "1, " "1, " "1, " "1, " "1, " "1, " "1, " "1, " "1, " "1, " "1, " "1, " "1, " "1, " "1, " "1, " "1, " "1, " "1, " "1, " "1, " "1, " "1, " "1, " "1, " "1, " "1, " "1, " "1, " "1, " "1, " "1, " "1, " "1, " "1, " "1, " "1, " "1, " "1, " "1, " "1, " "1, " "1, " "1, " "1, " "1, " "1, " "1, " "1, " "1, " "1, " "0, " "1, " "1, " "1, " "1, " "1, " "1, " "1, " "1, " "1, " "1, " "1, " "1, " "1, " "1, " "1, " "1, " "1, " "1, " "1, " "1, " "1, " "1, " "1, " "1, " "1, " "1, " "1, " "1, " "1, " "1, " "1, " "1, " "1, " "1, " "1, "206
 "Nei94, 0.281, " "-0.092, " "1, " "1, " "1, " "1, " "1, " "1, " "1, " "1, " "1, " "1, " "1, " "1, " "1, " "1, " "1, " "1, " "1, " "1, " "1, " "1, " "1, " "1, " "1, " "1, " "1, " "1, " "1, " "1, " "1, " "1, " "1, " "1, " "1, " "1, " "1, " "1, " "1, " "1, " "1, " "1, " "1, " "1, " "1, " "1, " "1, " "1, " "1, " "1, " "1, " "1, " "1, " "1, " "1, " "1, " "1, " "1, " "1, " "1, " "1, " "1, " "1, " "1, " "1, " "1, " "1, " "1, " "1, " "1, " "1, " "1, " "1, " "1, " "1, " "1, " "1, " "1, " "1, " "1, " "1, " "1, " "1, " "1, " "1, " "1, " "1, " "1, " "1, " "1, " "1, " "1, " "1, " "1, " "1, " "1, " "0, " "1, " "1, " "1, " "1, " "1, " "1, " "1, " "1, " "1, " "1, " "1, " "1, " "1, " "1, " "1, " "1, " "1, " "1, " "1, " "1, " "1, " "1, " "1, " "1, " "1, " "1, " "1, " "1, " "1, " "1, " "1, " "1, " "1, " "1, "206
 "Nei95, 0.041, " "-0.092, " "1, " "1, " "1, " "1, " "1, " "1, " "1, " "1, " "1, " "1, " "1, " "1, " "1, " "1, " "1, " "1, " "1, " "1, " "1, " "1, " "1, " "1, " "1, " "1, " "1, " "1, " "1, " "1, " "1, " "1, " "1, " "1, " "1, " "1, " "1, " "1, " "1, " "1, " "1, " "1, " "1, " "1, " "1, " "1, " "1, " "1, " "1, " "1, " "1, " "1, " "1, " "1, " "1, " "1, " "1, " "1, " "1, " "1, " "1, " "1, " "1, " "1, " "1, " "1, " "1, " "1, " "1, " "1, " "1, " "1, " "1, " "1, " "1, " "1, " "1, " "1, " "1, " "1, " "1, " "1, " "1, " "1, " "1, " "1, " "1, " "1, " "1, " "1, " "1, " "1, " "1, " "1, " "1, " "1, " "1, " "0, " "1, " "1, " "1, " "1, " "1, " "1, " "1, " "1, " "1, " "1, " "1, " "1, " "1, " "1, " "1, " "1, " "1, " "1, " "1, " "1, " "1, " "1, " "1, " "1, " "1, " "1, " "1, " "1, " "1, " "1, " "1, " "1, " "1, "206
 "Nei96, 0.305, " "-0.092, " "1, " "1, " "1, " "1, " "1, " "1, " "1, " "1, " "1, " "1, " "1, " "1, " "1, " "1, " "1, " "1, " "1, " "1, " "1, " "1, " "1, " "1, " "1, " "1, " "1, " "1, " "1, " "1, " "1, " "1, " "1, " "1, " "1, " "1, " "1, " "1, " "1, " "1, " "1, " "1, " "1, " "1, " "1, " "1, " "1, " "1, " "1, " "1, " "1, " "1, " "1, " "1, " "1, " "1, " "1, " "1, " "1, " "1, " "1, " "1, " "1, " "1, " "1, " "1, " "1, " "1, " "1, " "1, " "1, " "1, " "1, " "1, " "1, " "1, " "1, " "1, " "1, " "1, " "1, " "1, " "1, " "1, " "1, " "1, " "1, " "1, " "1, " "1, " "1, " "1, " "1, " "1, " "1, " "1, " "1, " "1, " "0, " "1, " "1, " "1, " "1, " "1, " "1, " "1, " "1, " "1, " "1, " "1, " "1, " "1, " "1, " "1, " "1, " "1, " "1, " "1, " "1, " "1, " "1, " "1, " "1, " "1, " "1, " "1, " "1, " "1, " "1, " "1, " "1, "206
 "Nei97, 0.153, " "-0.092, " "1, " "1, " "1, " "1, " "1, " "1, " "1, " "1, " "1, " "1, " "1, " "1, " "1, " "1, " "1, " "1, " "1, " "1, " "1, " "1, " "1, " "1, " "1, " "1, " "1, " "1, " "1, " "1, " "1, " "1, " "1, " "1, " "1, " "1, " "1, " "1, " "1, " "1, " "1, " "1, " "1, " "1, " "1, " "1, " "1, " "1, " "1, " "1, " "1, " "1, " "1, " "1, " "1, " "1, " "1, " "1, " "1, " "1, " "1, " "1, " "1, " "1, " "1, " "1, " "1, " "1, " "1, " "1, " "1, " "1, " "1, " "1, " "1, " "1, " "1, " "1, " "1, " "1, " "1, " "1, " "1, " "1, " "1, " "1, " "1, " "1, " "1, " "1, " "1, " "1, " "1, " "1, " "1, " "1, " "1, " "1, " "1, " "0, " "1, " "1, " "1, " "1, " "1, " "1, " "1, " "1, " "1, " "1, " "1, " "1, " "1, " "1, " "1, " "1, " "1, " "1, " "1, " "1, " "1, " "1, " "1, " "1, " "1, " "1, " "1, " "1, " "1, " "1, " "1, "206
 "Nei98, 0.182, " "-0.092, " "1, " "1, " "1, " "1, " "1, " "1, " "1, " "1, " "1, " "1, " "1, " "1, " "1, " "1, " "1, " "1, " "1, " "1, " "1, " "1, " "1, " "1, " "1, " "1, " "1, " "1, " "1, " "1, " "1, " "1, " "1, " "1, " "1, " "1, " "1, " "1, " "1, " "1, " "1, " "1, " "1, " "1, " "1, " "1, " "1, " "1, " "1, " "1, " "1, " "1, " "1, " "1, " "1, " "1, " "1, " "1, " "1, " "1, " "1, " "1, " "1, " "1, " "1, " "1, " "1, " "1, " "1, " "1, " "1, " "1, " "1, " "1, " "1, " "1, " "1, " "1, " "1, " "1, " "1, " "1, " "1, " "1, " "1, " "1, " "1, " "1, " "1, " "1, " "1, " "1, " "1, " "1, " "1, " "1, " "1, " "1, " "1, " "1, " "0, " "1, " "1, " "1, " "1, " "1, " "1, " "1, " "1, " "1, " "1, " "1, " "1, " "1, " "1, " "1, " "1, " "1, " "1, " "1, " "1, " "1, " "1, " "1, " "1, " "1, " "1, " "1, " "1, " "1, " "1, "206
 "Nei99, 0.295, " "-0.092, " "1, " "1, " "1, " "1, " "1, " "1, " "1, " "1, " "1, " "1, " "1, " "1, " "1, " "1, " "1, " "1, " "1, " "1, " "1, " "1, " "1, " "1, " "1, " "1, " "1, " "1, " "1, " "1, " "1, " "1, " "1, " "1, " "1, " "1, " "1, " "1, " "1, " "1, " "1, " "1, " "1, " "1, " "1, " "1, " "1, " "1, " "1, " "1, " "1, " "1, " "1, " "1, " "1, " "1, " "1, " "1, " "1, " "1, " "1, " "1, " "1, " "1, " "1, " "1, " "1, " "1, " "1, " "1, " "1, " "1, " "1, " "1, " "1, " "1, " "1, " "1, " "1, " "1, " "1, " "1, " "1, " "1, " "1, " "1, " "1, " "1, " "1, " "1, " "1, " "1, " "1, " "1, " "1, " "1, " "1, " "1, " "1, " "1, " "1, " "0, " "1, " "1, " "1, " "1, " "1, " "1, " "1, " "1, " "1, " "1, " "1, " "1, " "1, " "1, " "1, " "1, " "1, " "1, " "1, " "1, " "1, " "1, " "1, " "1, " "1, " "1, " "1, " "1, " "1, "206
 "Nei100, 0.017, " "-0.092, " "1, " "1, " "1, " "1, " "1, " "1, " "1, " "1, " "1, " "1, " "1, " "1, " "1, " "1, " "1, " "1, " "1, " "1, " "1, " "1, " "1, " "1, " "1, " "1, " "1, " "1, " "1, " "1, " "1, " "1, " "1, " "1, " "1, " "1, " "1, " "1, " "1, " "1, " "1, " "1, " "1, " "1, " "1, " "1, " "1, " "1, " "1, " "1, " "1, " "1, " "1, " "1, " "1, " "1, " "1, " "1, " "1, " "1, " "1, " "1, " "1, " "1, " "1, " "1, " "1, " "1, " "1, " "1, " "1, " "1, " "1, " "1, " "1, " "1, " "1, " "1, " "1, " "1, " "1, " "1, " "1, " "1, " "1, " "1, " "1, " "1, " "1, " "1, " "1, " "1, " "1, " "1, " "1, " "1, " "1, " "1, " "1, " "1, " "1, " "1, " "0, " "1, " "1, " "1, " "1, " "1, " "1, " "1, " "1, " "1, " "1, " "1, " "1, " "1, " "1, " "1, " "1, " "1, " "1, " "1, " "1, " "1, " "1, " "1, " "1, " "1, " "1, " "1, " "1, "206
 "Nei101, 0.213, " "-0.092, " "1, " "1, " "1, " "1, " "1, " "1, " "1, " "1, " "1, " "1, " "1, " "1, " "1, " "1, " "1, " "1, " "1, " "1, " "1, " "1, " "1, " "1, " "1, " "1, " "1, " "1, " "1, " "1, " "1, " "1, " "1, " "1, " "1, " "1, " "1, " "1, " "1, " "1, " "1, " "1, " "1, " "1, " "1, " "1, " "1, " "1, " "1, " "1, " "1, " "1, " "1, " "1, " "1, " "1, " "1, " "1, " "1, " "1, " "1, " "1, " "1, " "1, " "1, " "1, " "1, " "1, " "1, " "1, " "1, " "1, " "1, " "1, " "1, " "1, " "1, " "1, " "1, " "1, " "1, " "1, " "1, " "1, " "1, " "1, " "1, " "1, " "1, " "1, " "1, " "1, " "1, " "1, " "1, " "1, " "1, " "1, " "1, " "1, " "1, " "1, " "1, " "0, " "1, " "1, " "1, " "1, " "1, " "1, " "1, " "1, " "1, " "1, " "1, " "1, " "1, " "1, " "1, " "1, " "1, " "1, " "1, " "1, " "1, " "1, " "1, " "1, " "1, " "1, " "1, "206
 "Nei102, 0.057, " "-0.092, " "1, " "1, " "1, " "1, " "1, " "1, " "1, " "1, " "1, " "1, " "1, " "1, " "1, " "1, " "1, " "1, " "1, " "1, " "1, " "1, " "1, " "1, " "1, " "1, " "1, " "1, " "1, " "1, " "1, " "1, " "1, " "1, " "1, " "1, " "1, " "1, " "1, " "1, " "1, " "1, " "1, " "1, " "1, " "1, " "1, " "1, " "1, " "1, " "1, " "1, " "1, " "1, " "1, " "1, " "1, " "1, " "1, " "1, " "1, " "1, " "1, " "1, " "1, " "1, " "1, " "1, " "1, " "1, " "1, " "1, " "1, " "1, " "1, " "1, " "1, " "1, " "1, " "1, " "1, " "1, " "1, " "1, " "1, " "1, " "1, " "1, " "1, " "1, " "1, " "1, " "1, " "1, " "1, " "1, " "1, " "1, " "1, " "1, " "1, " "1, " "1, " "1, " "0, " "1, " "1, " "1, " "1, " "1, " "1, " "1, " "1, " "1, " "1, " "1, " "1, " "1, " "1, " "1, " "1, " "1, " "1, " "1, " "1, " "1, " "1, " "1, " "1, " "1, " "1, "206
 "Nei103, 0.393, " "-0.092, " "1, " "1, " "1, " "1, " "1, " "1, " "1, " "1, " "1, " "1, " "1, " "1, " "1, " "1, " "1, " "1, " "1, " "1, " "1, " "1, " "1, " "1, " "1, " "1, " "1, " "1, " "1, " "1, " "1, " "1, " "1, " "1, " "1, " "1, " "1, " "1, " "1, " "1, " "1, " "1, " "1, " "1, " "1, " "1, " "1, " "1, " "1, " "1, " "1, " "1, " "1, " "1, " "1, " "1, " "1, " "1, " "1, " "1, " "1, " "1, " "1, " "1, " "1, " "1, " "1, " "1, " "1, " "1, " "1, " "1, " "1, " "1, " "1, " "1, " "1, " "1, " "1, " "1, " "1, " "1, " "1, " "1, " "1, " "1, " "1, " "1, " "1, " "1, " "1, " "1, " "1, " "1, " "1, " "1, " "1, " "1, " "1, " "1, " "1, " "1, " "1, " "1, " "1, " "0, " "1, " "1, " "1, " "1, " "1, " "1, " "1, " "1, " "1, " "1, " "1, " "1, " "1, " "1, " "1, " "1, " "1, " "1, " "1, " "1, " "1, " "1, " "1, " "1, " "1, "206
 "Nei104, 0.235, " "-0.092, " "1, " "1, " "1, " "1, " "1, " "1, " "1, " "1, " "1, " "1, " "1, " "1, " "1, " "1, " "1, " "1, " "1, " "1, " "1, " "1, " "1, " "1, " "1, " "1, " "1, " "1, " "1, " "1, " "1, " "1, " "1, " "1, " "1, " "1, " "1, " "1, " "1, " "1, " "1, " "1, " "1, " "1, " "1, " "1, " "1, " "1, " "1, " "1, " "1, " "1, " "1, " "1, " "1, " "1, " "1, " "1, " "1, " "1, " "1, " "1, " "1, " "1, " "1, " "1, " "1, " "1, " "1, " "1, " "1, " "1, " "1, " "1, " "1, " "1, " "1, " "1, " "1, " "1, " "1, " "1, " "1, " "1, " "1, " "1, " "1, " "1, " "1, " "1, " "1, " "1, " "1, " "1, " "1, " "1, " "1, " "1, " "1, " "1, " "1, " "1, " "1, " "1, " "1, " "1, " "0, " "1, " "1, " "1, " "1, " "1, " "1, " "1, " "1, " "1, " "1, " "1, " "1, " "1, " "1, " "1, " "1, " "1, " "1, " "1, " "1, " "1, " "1, " "1, " "1, "206
 "Nei105, 0.254, " "-0.092, " "1, " "1, " "1, " "1, " "1, " "1, " "1, " "1, " "1, " "1, " "1, " "1, " "1, " "1, " "1, " "1, " "1, " "1, " "1, " "1, " "1, " "1, " "1, " "1, " "1, " "1, " "1, " "1, " "1, " "1, " "1, " "1, " "1, " "1, " "1, " "1, " "1, " "1, " "1, " "1, " "1, " "1, " "1, " "1, " "1, " "1, " "1, " "1, " "1, " "1, " "1, " "1, " "1, " "1, " "1, " "1, " "1, " "1, " "1, " "1, " "1, " "1, " "1, " "1, " "1, " "1, " "1, " "1, " "1, " "1, " "1, " "1, " "1, " "1, " "1, " "1, " "1, " "1, " "1, " "1, " "1, " "1, " "1, " "1, " "1, " "1, " "1, " "1, " "1, " "1, " "1, " "1, " "1, " "1, " "1, " "1, " "1, " "1, " "1, " "1, " "1, " "1, " "1, " "1, " "1, " "0, " "1, " "1, " "1, " "1, " "1, " "1, " "1, " "1, " "1, " "1, " "1, " "1, " "1, " "1, " "1, " "1, " "1, " "1, " "1, " "1, " "1, " "1, " "1, "206
 "Nei106, 0.065, " "-0.092, " "1, " "1, " "1, " "1, " "1, " "1, " "1, " "1, " "1, " "1, " "1, " "1, " "1, " "1, " "1, " "1, " "1, " "1, " "1, " "1, " "1, " "1, " "1, " "1, " "1, " "1, " "1, " "1, " "1, " "1, " "1, " "1, " "1, " "1, " "1, " "1, " "1, " "1, " "1, " "1, " "1, " "1, " "1, " "1, " "1, " "1, " "1, " "1, " "1, " "1, " "1, " "1, " "1, " "1, " "1, " "1, " "1, " "1, " "1, " "1, " "1, " "1, " "1, " "1, " "1, " "1, " "1, " "1, " "1, " "1, " "1, " "1, " "1, " "1, " "1, " "1, " "1, " "1, " "1, " "1, " "1, " "1, " "1, " "1, " "1, " "1, " "1, " "1, " "1, " "1, " "1, " "1, " "1, " "1, " "1, " "1, " "1, " "1, " "1, " "1, " "1, " "1, " "1, " "1, " "1, " "1, " "0, " "1, " "1, " "1, " "1, " "1, " "1, " "1, " "1, " "1, " "1, " "1, " "1, " "1, " "1, " "1, " "1, " "1, " "1, " "1, " "1, " "1, " "1, "206
 "Nei107, 0.068, " "-0.092, " "1, " "1, " "1, " "1, " "1, " "1, " "1, " "1, " "1, " "1, " "1, " "1, " "1, " "1, " "1, " "1, " "1, " "1, " "1, " "1, " "1, " "1, " "1, " "1, " "1, " "1, " "1, " "1, " "1, " "1, " "1, " "1, " "1, " "1, " "1, " "1, " "1, " "1, " "1, " "1, " "1, " "1, " "1, " "1, " "1, " "1, " "1, " "1, " "1, " "1, " "1, " "1, " "1, " "1, " "1, " "1, " "1, " "1, " "1, " "1, " "1, " "1, " "1, " "1, " "1, " "1, " "1, " "1, " "1, " "1, " "1, " "1, " "1, " "1, " "1, " "1, " "1, " "1, " "1, " "1, " "1, " "1, " "1, " "1, " "1, " "1, " "1, " "1, " "1, " "1, " "1, " "1, " "1, " "1, " "1, " "1, " "1, " "1, " "1, " "1, " "1, " "1, " "1, " "1, " "1, " "1, " "1, " "0, " "1, " "1, " "1, " "1, " "1, " "1, " "1, " "1, " "1, " "1, " "1, " "1, " "1, " "1, " "1, " "1, " "1, " "1, " "1, " "1, " "1, "206
 "Nei108, 0.371, " "-0.092, " "1, " "1, " "1, " "1, " "1, " "1, " "1, " "1, " "1, " "1, " "1, " "1, " "1, " "1, " "1, " "1, " "1, " "1, " "1, " "1, " "1, " "1, " "1, " "1, " "1, " "1, " "1, " "1, " "1, " "1, " "1, " "1, " "1, " "1, " "1, " "1, " "1, " "1, " "1, " "1, " "1, " "1, " "1, " "1, " "1, " "1, " "1, " "1, " "1, " "1, " "1, " "1, " "1, " "1, " "1, " "1, " "1, " "1, " "1, " "1, " "1, " "1, " "1, " "1, " "1, " "1, " "1, " "1, " "1, " "1, " "1, " "1, " "1, " "1, " "1, " "1, " "1, " "1, " "1, " "1, " "1, " "1, " "1, " "1, " "1, " "1, " "1, " "1, " "1, " "1, " "1, " "1, " "1, " "1, " "1, " "1, " "1, " "1, " "1, " "1, " "1, " "1, " "1, " "1, " "1, " "1, " "1, " "1, " "0, " "1, " "1, " "1, " "1, " "1, " "1, " "1, " "1, " "1, " "1, " "1, " "1, " "1, " "1, " "1, " "1, " "1, " "1, " "1, " "1, "206
 "Nei109, 0.346, " "-0.092, " "1, " "1, " "1, " "1, " "1, " "1, " "1, " "1, " "1, " "1, " "1, " "1, " "1, " "1, " "1, " "1, " "1, " "1, " "1, " "1, " "1, " "1, " "1, " "1, " "1, " "1, " "1, " "1, " "1, " "1, " "1, " "1, " "1, " "1, " "1, " "1, " "1, " "1, " "1, " "1, " "1, " "1, " "1, " "1, " "1, " "1, " "1, " "1, " "1, " "1, " "1, " "1, " "1, " "1, " "1, " "1, " "1, " "1, " "1, " "1, " "1, " "1, " "1, " "1, " "1, " "1, " "1, " "1, " "1, " "1, " "1, " "1, " "1, " "1, " "1, " "1, " "1, " "1, " "1, " "1, " "1, " "1, " "1, " "1, " "1, " "1, " "1, " "1, " "1, " "1, " "1, " "1, " "1, " "1, " "1, " "1, " "1, " "1, " "1, " "1, " "1, " "1, " "1, " "1, " "1, " "1, " "1, " "1, " "1, " "0, " "1, " "1, " "1, " "1, " "1, " "1, " "1, " "1, " "1, " "1, " "1, " "1, " "1, " "1, " "1, " "1, " "1, " "1, " "1, "206
 "Nei110, 0.081, " "-0.092, " "1, " "1, " "1, " "1, " "1, " "1, " "1, " "1, " "1, " "1, " "1, " "1, " "1, " "1, " "1, " "1, " "1, " "1, " "1, " "1, " "1, " "1, " "1, " "1, " "1, " "1, " "1, " "1, " "1, " "1, " "1, " "1, " "1, " "1, " "1, " "1, " "1, " "1, " "1, " "1, " "1, " "1, " "1, " "1, " "1, " "1, " "1, " "1, " "1, " "1, " "1, " "1, " "1, " "1, " "1, " "1, " "1, " "1, " "1, " "1, " "1, " "1, " "1, " "1, " "1, " "1, " "1, " "1, " "1, " "1, " "1, " "1, " "1, " "1, " "1, " "1, " "1, " "1, " "1, " "1, " "1, " "1, " "1, " "1, " "1, " "1, " "1, " "1, " "1, " "1, " "1, " "1, " "1, " "1, " "1, " "1, " "1, " "1, " "1, " "1, " "1, " "1, " "1, " "1, " "1, " "1, " "1, " "1, " "1, " "1, " "0, " "1, " "1, " "1, " "1, " "1, " "1, " "1, " "1, " "1, " "1, " "1, " "1, " "1, " "1, " "1, " "1, " "1, " "1, "206
 "Nei111, 0.329, " "-0.092, " "1, " "1, " "1, " "1, " "1, " "1, " "1, " "1, " "1, " "1, " "1, " "1, " "1, " "1, " "1, " "1, " "1, " "1, " "1, " "1, " "1, " "1, " "1, " "1, " "1, " "1, " "1, " "1, " "1, " "1, " "1, " "1, " "1, " "1, " "1, " "1, " "1, " "1, " "1, " "1, " "1, " "1, " "1, " "1, " "1, " "1, " "1, " "1, " "1, " "1, " "1, " "1, " "1, " "1, " "1, " "1, " "1, " "1, " "1, " "1, " "1, " "1, " "1, " "1, " "1, " "1, " "1, " "1, " "1, " "1, " "1, " "1, " "1, " "1, " "1, " "1, " "1, " "1, " "1, " "1, " "1, " "1, " "1, " "1, " "1, " "1, " "1, " "1, " "1, " "1, " "1, " "1, " "1, " "1, " "1, " "1, " "1, " "1, " "1, " "1, " "1, " "1, " "1, " "1, " "1, " "1, " "1, " "1, " "1, " "1, " "1, " "0, " "1, " "1, " "1, " "1, " "1, " "1, " "1, " "1, " "1, " "1, " "1, " "1, " "1, " "1, " "1, " "1, " "1, "206
 "Nei112, 0.168, " "-0.092, " "1, " "1, " "1, " "1, " "1, " "1, " "1, " "1, " "1, " "1, " "1, " "1, " "1, " "1, " "1, " "1, " "1, " "1, " "1, " "1, " "1, " "1, " "1, " "1, " "1, " "1, " "1, " "1, " "1, " "1, " "1, " "1, " "1, " "1, " "1, " "1, " "1, " "1, " "1, " "1, " "1, " "1, " "1, " "1, " "1, " "1, " "1, " "1, " "1, " "1, " "1, " "1, " "1, " "1, " "1, " "1, " "1, " "1, " "1, " "1, " "1, " "1, " "1, " "1, " "1, " "1, " "1, " "1, " "1, " "1, " "1, " "1, " "1, " "1, " "1, " "1, " "1, " "1, " "1, " "1, " "1, " "1, " "1, " "1, " "1, " "1, " "1, " "1, " "1, " "1, " "1, " "1, " "1, " "1, " "1, " "1, " "1, " "1, " "1, " "1, " "1, " "1, " "1, " "1, " "1, " "1, " "1, " "1, " "1, " "1, " "1, " "1, " "0, " "1, " "1, " "1, " "1, " "1, " "1, " "1, " "1, " "1, " "1, " "1, " "1, " "1, " "1, " "1, " "1, "206
 "Nei113, 0.324, " "-0.092, " "1, " "1, " "1, " "1, " "1, " "1, " "1, " "1, " "1, " "1, " "1, " "1, " "1, " "1, " "1, " "1, " "1, " "1, " "1, " "1, " "1, " "1, " "1, " "1, " "1, " "1, " "1, " "1, " "1, " "1, " "1, " "1, " "1, " "1, " "1, " "1, " "1, " "1, " "1, " "1, " "1, " "1, " "1, " "1, " "1, " "1, " "1, " "1, " "1, " "1, " "1, " "1, " "1, " "1, " "1, " "1, " "1, " "1, " "1, " "1, " "1, " "1, " "1, " "1, " "1, " "1, " "1, " "1, " "1, " "1, " "1, " "1, " "1, " "1, " "1, " "1, " "1, " "1, " "1, " "1, " "1, " "1, " "1, " "1, " "1, " "1, " "1, " "1, " "1, " "1, " "1, " "1, " "1, " "1, " "1, " "1, " "1, " "1, " "1, " "1, " "1, " "1, " "1, " "1, " "1, " "1, " "1, " "1, " "1, " "1, " "1, " "1, " "1, " "0, " "1, " "1, " "1, " "1, " "1, " "1, " "1, " "1, " "1, " "1, " "1, " "1, " "1, " "1, " "1, "206
 "Nei114, 0.219, " "-0.092, " "1, " "1, " "1, " "1, " "1, " "1, " "1, " "1, " "1, " "1, " "1, " "1, " "1, " "1, " "1, " "1, " "1, " "1, " "1, " "1, " "1, " "1, " "1, " "1, " "1, " "1, " "1, " "1, " "1, " "1, " "1, " "1, " "1, " "1, " "1, " "1, " "1, " "1, " "1, " "1, " "1, " "1, " "1, " "1, " "1, " "1, " "1, " "1, " "1, " "1, " "1, " "1, " "1, " "1, " "1, " "1, " "1, " "1, " "1, " "1, " "1, " "1, " "1, " "1, " "1, " "1, " "1, " "1, " "1, " "1, " "1, " "1, " "1, " "1, " "1, " "1, " "1, " "1, " "1, " "1, " "1, " "1, " "1, " "1, " "1, " "1, " "1, " "1, " "1, " "1, " "1, " "1, " "1, " "1, " "1, " "1, " "1, " "1, " "1, " "1, " "1, " "1, " "1, " "1, " "1, " "1, " "1, " "1, " "1, " "1, " "1, " "1, " "1, " "1, " "0, " "1, " "1, " "1, " "1, " "1, " "1, " "1, " "1, " "1, " "1, " "1, " "1, " "1, " "1, "206
 "Nei115, 0.27, " "-0.092, " "1, " "1, " "1, " "1, " "1, " "1, " "1, " "1, " "1, " "1, " "1, " "1, " "1, " "1, " "1, " "1, " "1, " "1, " "1, " "1, " "1, " "1, " "1, " "1, " "1, " "1, " "1, " "1, " "1, " "1, " "1, " "1, " "1, " "1, " "1, " "1, " "1, " "1, " "1, " "1, " "1, " "1, " "1, " "1, " "1, " "1, " "1, " "1, " "1, " "1, " "1, " "1, " "1, " "1, " "1, " "1, " "1, " "1, " "1, " "1, " "1, " "1, " "1, " "1, " "1, " "1, " "1, " "1, " "1, " "1, " "1, " "1, " "1, " "1, " "1, " "1, " "1, " "1, " "1, " "1, " "1, " "1, " "1, " "1, " "1, " "1, " "1, " "1, " "1, " "1, " "1, " "1, " "1, " "1, " "1, " "1, " "1, " "1, " "1, " "1, " "1, " "1, " "1, " "1, " "1, " "1, " "1, " "1, " "1, " "1, " "1, " "1, " "1, " "1, " "1, " "0, " "1, " "1, " "1, " "1, " "1, " "1, " "1, " "1, " "1, " "1, " "1, " "1, " "1, "206
 "Nei116, 0.372, " "-0.092, " "1, " "1, " "1, " "1, " "1, " "1, " "1, " "1, " "1, " "1, " "1, " "1, " "1, " "1, " "1, " "1, " "1, " "1, " "1, " "1, " "1, " "1, " "1, " "1, " "1, " "1, " "1, " "1, " "1, " "1, " "1, " "1, " "1, " "1, " "1, " "1, " "1, " "1, " "1, " "1, " "1, " "1, " "1, " "1, " "1, " "1, " "1, " "1, " "1, " "1, " "1, " "1, " "1, " "1, " "1, " "1, " "1, " "1, " "1, " "1, " "1, " "1, " "1, " "1, " "1, " "1, " "1, " "1, " "1, " "1, " "1, " "1, " "1, " "1, " "1, " "1, " "1, " "1, " "1, " "1, " "1, " "1, " "1, " "1, " "1, " "1, " "1, " "1, " "1, " "1, " "1, " "1, " "1, " "1, " "1, " "1, " "1, " "1, " "1, " "1, " "1, " "1, " "1, " "1, " "1, " "1, " "1, " "1, " "1, " "1, " "1, " "1, " "1, " "1, " "1, " "1, " "0, " "1, " "1, " "1, " "1, " "1, " "1, " "1, " "1, " "1, " "1, " "1, " "1, "206
 "Nei117, 0.269, " "-0.092, " "1, " "1, " "1, " "1, " "1, " "1, " "1, " "1, " "1, " "1, " "1, " "1, " "1, " "1, " "1, " "1, " "1, " "1, " "1, " "1, " "1, " "1, " "1, " "1, " "1, " "1, " "1, " "1, " "1, " "1, " "1, " "1, " "1, " "1, " "1, " "1, " "1, " "1, " "1, " "1, " "1, " "1, " "1, " "1, " "1, " "1, " "1, " "1, " "1, " "1, " "1, " "1, " "1, " "1, " "1, " "1, " "1, " "1, " "1, " "1, " "1, " "1, " "1, " "1, " "1, " "1, " "1, " "1, " "1, " "1, " "1, " "1, " "1, " "1, " "1, " "1, " "1, " "1, " "1, " "1, " "1, " "1, " "1, " "1, " "1, " "1, " "1, " "1, " "1, " "1, " "1, " "1, " "1, " "1, " "1, " "1, " "1, " "1, " "1, " "1, " "1, " "1, " "1, " "1, " "1, " "1, " "1, " "1, " "1, " "1, " "1, " "1, " "1, " "1, " "1, " "1, " "1, " "0, " "1, " "1, " "1, " "1, " "1, " "1, " "1, " "1, " "1, " "1, " "1, "206
 "Nei118, 0.076, " "-0.092, " "1, " "1, " "1, " "1, " "1, " "1, " "1, " "1, " "1, " "1, " "1, " "1, " "1, " "1, " "1, " "1, " "1, " "1, " "1, " "1, " "1, " "1, " "1, " "1, " "1, " "1, " "1, " "1, " "1, " "1, " "1, " "1, " "1, " "1, " "1, " "1, " "1, " "1, " "1, " "1, " "1, " "1, " "1, " "1, " "1, " "1, " "1, " "1, " "1, " "1, " "1, " "1, " "1, " "1, " "1, " "1, " "1, " "1, " "1, " "1, " "1, " "1, " "1, " "1, " "1, " "1, " "1, " "1, " "1, " "1, " "1, " "1, " "1, " "1, " "1, " "1, " "1, " "1, " "1, " "1, " "1, " "1, " "1, " "1, " "1, " "1, " "1, " "1, " "1, " "1, " "1, " "1, " "1, " "1, " "1, " "1, " "1, " "1, " "1, " "1, " "1, " "1, " "1, " "1, " "1, " "1, " "1, " "1, " "1, " "1, " "1, " "1, " "1, " "1, " "1, " "1, " "1, " "1, " "0, " "1, " "1, " "1, " "1, " "1, " "1, " "1, " "1, " "1, " "1, "206
 "Nei119, 0.308, " "-0.092, " "1, " "1, " "1, " "1, " "1, " "1, " "1, " "1, " "1, " "1, " "1, " "1, " "1, " "1, " "1, " "1, " "1, " "1, " "1, " "1, " "1, " "1, " "1, " "1, " "1, " "1, " "1, " "1, " "1, " "1, " "1, " "1, " "1, " "1, " "1, " "1, " "1, " "1, " "1, " "1, " "1, " "1, " "1, " "1, " "1, " "1, " "1, " "1, " "1, " "1, " "1, " "1, " "1, " "1, " "1, " "1, " "1, " "1, " "1, " "1, " "1, " "1, " "1, " "1, " "1, " "1, " "1, " "1, " "1, " "1, " "1, " "1, " "1, " "1, " "1, " "1, " "1, " "1, " "1, " "1, " "1, " "1, " "1, " "1, " "1, " "1, " "1, " "1, " "1, " "1, " "1, " "1, " "1, " "1, " "1, " "1, " "1, " "1, " "1, " "1, " "1, " "1, " "1, " "1, " "1, " "1, " "1, " "1, " "1, " "1, " "1, " "1, " "1, " "1, " "1, " "1, " "1, " "1, " "1, " "0, " "1, " "1, " "1, " "1, " "1, " "1, " "1, " "1, " "1, "206
 "Nei120, 0.197, " "-0.092, " "1, " "1, " "1, " "1, " "1, " "1, " "1, " "1, " "1, " "1, " "1, " "1, " "1, " "1, " "1, " "1, " "1, " "1, " "1, " "1, " "1, " "1, " "1, " "1, " "1, " "1, " "1, " "1, " "1, " "1, " "1, " "1, " "1, " "1, " "1, " "1, " "1, " "1, " "1, " "1, " "1, " "1, " "1, " "1, " "1, " "1, " "1, " "1, " "1, " "1, " "1, " "1, " "1, " "1, " "1, " "1, " "1, " "1, " "1, " "1, " "1, " "1, " "1, " "1, " "1, " "1, " "1, " "1, " "1, " "1, " "1, " "1, " "1, " "1, " "1, " "1, " "1, " "1, " "1, " "1, " "1, " "1, " "1, " "1, " "1, " "1, " "1, " "1, " "1, " "1, " "1, " "1, " "1, " "1, " "1, " "1, " "1, " "1, " "1, " "1, " "1, " "1, " "1, " "1, " "1, " "1, " "1, " "1, " "1, " "1, " "1, " "1, " "1, " "1, " "1, " "1, " "1, " "1, " "1, " "1, " "0, " "1, " "1, " "1, " "1, " "1, " "1, " "1, " "1, "206
 "Nei121, 0.393, " "-0.092, " "1, " "1, " "1, " "1, " "1, " "1, " "1, " "1, " "1, " "1, " "1, " "1, " "1, " "1, " "1, " "1, " "1, " "1, " "1, " "1, " "1, " "1, " "1, " "1, " "1, " "1, " "1, " "1, " "1, " "1, " "1, " "1, " "1, " "1, " "1, " "1, " "1, " "1, " "1, " "1, " "1, " "1, " "1, " "1, " "1, " "1, " "1, " "1, " "1, " "1, " "1, " "1, " "1, " "1, " "1, " "1, " "1, " "1, " "1, " "1, " "1, " "1, " "1, " "1, " "1, " "1, " "1, " "1, " "1, " "1, " "1, " "1, " "1, " "1, " "1, " "1, " "1, " "1, " "1, " "1, " "1, " "1, " "1, " "1, " "1, " "1, " "1, " "1, " "1, " "1, " "1, " "1, " "1, " "1, " "1, " "1, " "1, " "1, " "1, " "1, " "1, " "1, " "1, " "1, " "1, " "1, " "1, " "1, " "1, " "1, " "1, " "1, " "1, " "1, " "1, " "1, " "1, " "1, " "1, " "1, " "1, " "0, " "1, " "1, " "1, " "1, " "1, " "1, " "1, "206
 "Nei122, 0.167, " "-0.092, " "1, " "1, " "1, " "1, " "1, " "1, " "1, " "1, " "1, " "1, " "1, " "1, " "1, " "1, " "1, " "1, " "1, " "1, " "1, " "1, " "1, " "1, " "1, " "1, " "1, " "1, " "1, " "1, " "1, " "1, " "1, " "1, " "1, " "1, " "1, " "1, " "1, " "1, " "1, " "1, " "1, " "1, " "1, " "1, " "1, " "1, " "1, " "1, " "1, " "1, " "1, " "1, " "1, " "1, " "1, " "1, " "1, " "1, " "1, " "1, " "1, " "1, " "1, " "1, " "1, " "1, " "1, " "1, " "1, " "1, " "1, " "1, " "1, " "1, " "1, " "1, " "1, " "1, " "1, " "1, " "1, " "1, " "1, " "1, " "1, " "1, " "1, " "1, " "1, " "1, " "1, " "1, " "1, " "1, " "1, " "1, " "1, " "1, " "1, " "1, " "1, " "1, " "1, " "1, " "1, " "1, " "1, " "1, " "1, " "1, " "1, " "1, " "1, " "1, " "1, " "1, " "1, " "1, " "1, " "1, " "1, " "1, " "0, " "1, " "1, " "1, " "1, " "1, " "1, "206
 "Nei123, 0.2, " "-0.092, " "1, " "1, " "1, " "1, " "1, " "1, " "1, " "1, " "1, " "1, " "1, " "1, " "1, " "1, " "1, " "1, " "1, " "1, " "1, " "1, " "1, " "1, " "1, " "1, " "1, " "1, " "1, " "1, " "1, " "1, " "1, " "1, " "1, " "1, " "1, " "1, " "1, " "1, " "1, " "1, " "1, " "1, " "1, " "1, " "1, " "1, " "1, " "1, " "1, " "1, " "1, " "1, " "1, " "1, " "1, " "1, " "1, " "1, " "1, " "1, " "1, " "1, " "1, " "1, " "1, " "1, " "1, " "1, " "1, " "1, " "1, " "1, " "1, " "1, " "1, " "1, " "1, " "1, " "1, " "1, " "1, " "1, " "1, " "1, " "1, " "1, " "1, " "1, " "1, " "1, " "1, " "1, " "1, " "1, " "1, " "1, " "1, " "1, " "1, " "1, " "1, " "1, " "1, " "1, " "1, " "1, " "1, " "1, " "1, " "1, " "1, " "1, " "1, " "1, " "1, " "1, " "1, " "1, " "1, " "1, " "1, " "1, " "1, " "0, " "1, " "1, " "1, " "1, " "1, "206
 "Nei124, 0.321, " "-0.092, " "1, " "1, " "1, " "1, " "1, " "1, " "1, " "1, " "1, " "1, " "1, " "1, " "1, " "1, " "1, " "1, " "1, " "1, " "1, " "1, " "1, " "1, " "1, " "1, " "1, " "1, " "1, " "1, " "1, " "1, " "1, " "1, " "1, " "1, " "1, " "1, " "1, " "1, " "1, " "1, " "1, " "1, " "1, " "1, " "1, " "1, " "1, " "1, " "1, " "1, " "1, " "1, " "1, " "1, " "1, " "1, " "1, " "1, " "1, " "1, " "1, " "1, " "1, " "1, " "1, " "1, " "1, " "1, " "1, " "1, " "1, " "1, " "1, " "1, " "1, " "1, " "1, " "1, " "1, " "1, " "1, " "1, " "1, " "1, " "1, " "1, " "1, " "1, " "1, " "1, " "1, " "1, " "1, " "1, " "1, " "1, " "1, " "1, " "1, " "1, " "1, " "1, " "1, " "1, " "1, " "1, " "1, " "1, " "1, " "1, " "1, " "1, " "1, " "1, " "1, " "1, " "1, " "1, " "1, " "1, " "1, " "1, " "1, " "1, " "0, " "1, " "1, " "1, " "1, "206
 "Nei125, 0.198, " "-0.092, " "1, " "1, " "1, " "1, " "1, " "1, " "1, " "1, " "1, " "1, " "1, " "1, " "1, " "1, " "1, " "1, " "1, " "1, " "1, " "1, " "1, " "1, " "1, " "1, " "1, " "1, " "1, " "1, " "1, " "1, " "1, " "1, " "1, " "1, " "1, " "1, " "1, " "1, " "1, " "1, " "1, " "1, " "1, " "1, " "1, " "1, " "1, " "1, " "1, " "1, " "1, " "1, " "1, " "1, " "1, " "1, " "1, " "1, " "1, " "1, " "1, " "1, " "1, " "1, " "1, " "1, " "1, " "1, " "1, " "1, " "1, " "1, " "1, " "1, " "1, " "1, " "1, " "1, " "1, " "1, " "1, " "1, " "1, " "1, " "1, " "1, " "1, " "1, " "1, " "1, " "1, " "1, " "1, " "1, " "1, " "1, " "1, " "1, " "1, " "1, " "1, " "1, " "1, " "1, " "1, " "1, " "1, " "1, " "1, " "1, " "1, " "1, " "1, " "1, " "1, " "1, " "1, " "1, " "1, " "1, " "1, " "1, " "1, " "1, " "1, " "0, " "1, " "1, " "1, "206
 "Nei126, 0.044, " "-0.092, " "1, " "1, " "1, " "1, " "1, " "1, " "1, " "1, " "1, " "1, " "1, " "1, " "1, " "1, " "1, " "1, " "1, " "1, " "1, " "1, " "1, " "1, " "1, " "1, " "1, " "1, " "1, " "1, " "1, " "1, " "1, " "1, " "1, " "1, " "1, " "1, " "1, " "1, " "1, " "1, " "1, " "1, " "1, " "1, " "1, " "1, " "1, " "1, " "1, " "1, " "1, " "1, " "1, " "1, " "1, " "1, " "1, " "1, " "1, " "1, " "1, " "1, " "1, " "1, " "1, " "1, " "1, " "1, " "1, " "1, " "1, " "1, " "1, " "1, " "1, " "1, " "1, " "1, " "1, " "1, " "1, " "1, " "1, " "1, " "1, " "1, " "1, " "1, " "1, " "1, " "1, " "1, " "1, " "1, " "1, " "1, " "1, " "1, " "1, " "1, " "1, " "1, " "1, " "1, " "1, " "1, " "1, " "1, " "1, " "1, " "1, " "1, " "1, " "1, " "1, " "1, " "1, " "1, " "1, " "1, " "1, " "1, " "1, " "1, " "1, " "1, " "0, " "1, " "1, "206
 "Nei127, 0.137, " "-0.092, " "1, " "1, " "1, " "1, " "1, " "1, " "1, " "1, " "1, " "1, " "1, " "1, " "1, " "1, " "1, " "1, " "1, " "1, " "1, " "1, " "1, " "1, " "1, " "1, " "1, " "1, " "1, " "1, " "1, " "1, " "1, " "1, " "1, " "1, " "1, " "1, " "1, " "1, " "1, " "1, " "1, " "1, " "1, " "1, " "1, " "1, " "1, " "1, " "1, " "1, " "1, " "1, " "1, " "1, " "1, " "1, " "1, " "1, " "1, " "1, " "1, " "1, " "1, " "1, " "1, " "1, " "1, " "1, " "1, " "1, " "1, " "1, " "1, " "1, " "1, " "1, " "1, " "1, " "1, " "1, " "1, " "1, " "1, " "1, " "1, " "1, " "1, " "1, " "1, " "1, " "1, " "1, " "1, " "1, " "1, " "1, " "1, " "1, " "1, " "1, " "1, " "1, " "1, " "1, " "1, " "1, " "1, " "1, " "1, " "1, " "1, " "1, " "1, " "1, " "1, " "1, " "1, " "1, " "1, " "1, " "1, " "1, " "1, " "1, " "1, " "1, " "1, " "0, " "1, "206
 "Nei128, 0.34, " "-0.092, " "1, " "1, " "1, " "1, " "1, " "1, " "1, " "1, " "1, " "1, " "1, " "1, " "1, " "1, " "1, " "1, " "1, " "1, " "1, " "1, " "1, " "1, " "1, " "1, " "1, " "1, " "1, " "1, " "1, " "1, " "1, " "1, " "1, " "1, " "1, " "1, " "1, " "1, " "1, " "1, " "1, " "1, " "1, " "1, " "1, " "1, " "1, " "1, " "1, " "1, " "1, " "1, " "1, " "1, " "1, " "1, " "1, " "1, " "1, " "1, " "1, " "1, " "1, " "1, " "1, " "1, " "1, " "1, " "1, " "1, " "1, " "1, " "1, " "1, " "1, " "1, " "1, " "1, " "1, " "1, " "1, " "1, " "1, " "1, " "1, " "1, " "1, " "1, " "1, " "1, " "1, " "1, " "1, " "1, " "1, " "1, " "1, " "1, " "1, " "1, " "1, " "1, " "1, " "1, " "1, " "1, " "1, " "1, " "1, " "1, " "1, " "1, " "1, " "1, " "1, " "1, " "1, " "1, " "1, " "1, " "1, " "1, " "1, " "1, " "1, " "1, " "1, " "1, " "0, "206
