 "ID, Uncertainty, " "Opinion1, " "Nei0, " "Nei1, " "Nei2, " "Nei3, " "Nei4, " "Nei5, " "Nei6, " "Nei7, " "Nei8, " "Nei9, " "Nei10, " "Nei11, " "Nei12, " "Nei13, " "Nei14, " "Nei15, " "Nei16, " "Nei17, " "Nei18, " "Nei19, " "Nei20, " "Nei21, " "Nei22, " "Nei23, " "Nei24, " "Nei25, " "Nei26, " "Nei27, " "Nei28, " "Nei29, " "Nei30, " "Nei31, " "Nei32, " "Nei33, " "Nei34, " "Nei35, " "Nei36, " "Nei37, " "Nei38, " "Nei39, " "Nei40, " "Nei41, " "Nei42, " "Nei43, " "Nei44, " "Nei45, " "Nei46, " "Nei47, " "Nei48, " "Nei49, " "Nei50, " "Nei51, " "Nei52, " "Nei53, " "Nei54, " "Nei55, " "Nei56, " "Nei57, " "Nei58, " "Nei59, " "Nei60, " "Nei61, " "Nei62, " "Nei63, " "Nei64, " "Nei65, " "Nei66, " "Nei67, " "Nei68, " "Nei69, " "Nei70, " "Nei71, " "Nei72, " "Nei73, " "Nei74, " "Nei75, " "Nei76, " "Nei77, " "Nei78, " "Nei79, " "Nei80, " "Nei81, " "Nei82, " "Nei83, " "Nei84, " "Nei85, " "Nei86, " "Nei87, " "Nei88, " "Nei89, " "Nei90, " "Nei91, " "Nei92, " "Nei93, " "Nei94, " "Nei95, " "Nei96, " "Nei97, " "Nei98, " "Nei99, " "Nei100, " "Nei101, " "Nei102, " "Nei103, " "Nei104, " "Nei105, " "Nei106, " "Nei107, " "Nei108, " "Nei109, " "Nei110, " "Nei111, " "Nei112, " "Nei113, " "Nei114, " "Nei115, " "Nei116, " "Nei117, " "Nei118, " "Nei119, " "Nei120, " "Nei121, " "Nei122, " "Nei123, " "Nei124, " "Nei125, " "Nei126, " "Nei127, " "Nei128, "Step
 "Nei0, 0.165, " "0.642, " "0, " "1, " "1, " "1, " "1, " "1, " "1, " "1, " "1, " "1, " "1, " "1, " "1, " "1, " "1, " "1, " "1, " "1, " "1, " "1, " "1, " "1, " "1, " "1, " "1, " "1, " "1, " "1, " "1, " "1, " "1, " "1, " "1, " "1, " "1, " "1, " "1, " "1, " "1, " "1, " "1, " "1, " "1, " "1, " "1, " "1, " "1, " "1, " "1, " "1, " "1, " "1, " "1, " "1, " "1, " "1, " "1, " "1, " "1, " "1, " "1, " "1, " "1, " "1, " "1, " "1, " "1, " "1, " "1, " "1, " "1, " "1, " "1, " "1, " "1, " "1, " "1, " "1, " "1, " "1, " "1, " "1, " "1, " "1, " "1, " "1, " "1, " "1, " "1, " "1, " "1, " "1, " "1, " "1, " "1, " "1, " "1, " "1, " "1, " "1, " "1, " "1, " "1, " "1, " "1, " "1, " "1, " "1, " "1, " "1, " "1, " "1, " "1, " "1, " "1, " "1, " "1, " "1, " "1, " "1, " "1, " "1, " "1, " "1, " "1, " "1, " "1, " "1, " "1, "0
 "Nei1, 0.447, " "0.842, " "1, " "0, " "1, " "1, " "1, " "1, " "1, " "1, " "1, " "1, " "1, " "1, " "1, " "1, " "1, " "1, " "1, " "1, " "1, " "1, " "1, " "1, " "1, " "1, " "1, " "1, " "1, " "1, " "1, " "1, " "1, " "1, " "1, " "1, " "1, " "1, " "1, " "1, " "1, " "1, " "1, " "1, " "1, " "1, " "1, " "1, " "1, " "1, " "1, " "1, " "1, " "1, " "1, " "1, " "1, " "1, " "1, " "1, " "1, " "1, " "1, " "1, " "1, " "1, " "1, " "1, " "1, " "1, " "1, " "1, " "1, " "1, " "1, " "1, " "1, " "1, " "1, " "1, " "1, " "1, " "1, " "1, " "1, " "1, " "1, " "1, " "1, " "1, " "1, " "1, " "1, " "1, " "1, " "1, " "1, " "1, " "1, " "1, " "1, " "1, " "1, " "1, " "1, " "1, " "1, " "1, " "1, " "1, " "1, " "1, " "1, " "1, " "1, " "1, " "1, " "1, " "1, " "1, " "1, " "1, " "1, " "1, " "1, " "1, " "1, " "1, " "1, " "1, " "1, "0
 "Nei2, 0.048, " "0.194, " "1, " "1, " "0, " "1, " "1, " "1, " "1, " "1, " "1, " "1, " "1, " "1, " "1, " "1, " "1, " "1, " "1, " "1, " "1, " "1, " "1, " "1, " "1, " "1, " "1, " "1, " "1, " "1, " "1, " "1, " "1, " "1, " "1, " "1, " "1, " "1, " "1, " "1, " "1, " "1, " "1, " "1, " "1, " "1, " "1, " "1, " "1, " "1, " "1, " "1, " "1, " "1, " "1, " "1, " "1, " "1, " "1, " "1, " "1, " "1, " "1, " "1, " "1, " "1, " "1, " "1, " "1, " "1, " "1, " "1, " "1, " "1, " "1, " "1, " "1, " "1, " "1, " "1, " "1, " "1, " "1, " "1, " "1, " "1, " "1, " "1, " "1, " "1, " "1, " "1, " "1, " "1, " "1, " "1, " "1, " "1, " "1, " "1, " "1, " "1, " "1, " "1, " "1, " "1, " "1, " "1, " "1, " "1, " "1, " "1, " "1, " "1, " "1, " "1, " "1, " "1, " "1, " "1, " "1, " "1, " "1, " "1, " "1, " "1, " "1, " "1, " "1, " "1, " "1, "0
 "Nei3, 0.112, " "0.446, " "1, " "1, " "1, " "0, " "1, " "1, " "1, " "1, " "1, " "1, " "1, " "1, " "1, " "1, " "1, " "1, " "1, " "1, " "1, " "1, " "1, " "1, " "1, " "1, " "1, " "1, " "1, " "1, " "1, " "1, " "1, " "1, " "1, " "1, " "1, " "1, " "1, " "1, " "1, " "1, " "1, " "1, " "1, " "1, " "1, " "1, " "1, " "1, " "1, " "1, " "1, " "1, " "1, " "1, " "1, " "1, " "1, " "1, " "1, " "1, " "1, " "1, " "1, " "1, " "1, " "1, " "1, " "1, " "1, " "1, " "1, " "1, " "1, " "1, " "1, " "1, " "1, " "1, " "1, " "1, " "1, " "1, " "1, " "1, " "1, " "1, " "1, " "1, " "1, " "1, " "1, " "1, " "1, " "1, " "1, " "1, " "1, " "1, " "1, " "1, " "1, " "1, " "1, " "1, " "1, " "1, " "1, " "1, " "1, " "1, " "1, " "1, " "1, " "1, " "1, " "1, " "1, " "1, " "1, " "1, " "1, " "1, " "1, " "1, " "1, " "1, " "1, " "1, " "1, "0
 "Nei4, 0.443, " "0.111, " "1, " "1, " "1, " "1, " "0, " "1, " "1, " "1, " "1, " "1, " "1, " "1, " "1, " "1, " "1, " "1, " "1, " "1, " "1, " "1, " "1, " "1, " "1, " "1, " "1, " "1, " "1, " "1, " "1, " "1, " "1, " "1, " "1, " "1, " "1, " "1, " "1, " "1, " "1, " "1, " "1, " "1, " "1, " "1, " "1, " "1, " "1, " "1, " "1, " "1, " "1, " "1, " "1, " "1, " "1, " "1, " "1, " "1, " "1, " "1, " "1, " "1, " "1, " "1, " "1, " "1, " "1, " "1, " "1, " "1, " "1, " "1, " "1, " "1, " "1, " "1, " "1, " "1, " "1, " "1, " "1, " "1, " "1, " "1, " "1, " "1, " "1, " "1, " "1, " "1, " "1, " "1, " "1, " "1, " "1, " "1, " "1, " "1, " "1, " "1, " "1, " "1, " "1, " "1, " "1, " "1, " "1, " "1, " "1, " "1, " "1, " "1, " "1, " "1, " "1, " "1, " "1, " "1, " "1, " "1, " "1, " "1, " "1, " "1, " "1, " "1, " "1, " "1, " "1, "0
 "Nei5, 0.222, " "-0.944, " "1, " "1, " "1, " "1, " "1, " "0, " "1, " "1, " "1, " "1, " "1, " "1, " "1, " "1, " "1, " "1, " "1, " "1, " "1, " "1, " "1, " "1, " "1, " "1, " "1, " "1, " "1, " "1, " "1, " "1, " "1, " "1, " "1, " "1, " "1, " "1, " "1, " "1, " "1, " "1, " "1, " "1, " "1, " "1, " "1, " "1, " "1, " "1, " "1, " "1, " "1, " "1, " "1, " "1, " "1, " "1, " "1, " "1, " "1, " "1, " "1, " "1, " "1, " "1, " "1, " "1, " "1, " "1, " "1, " "1, " "1, " "1, " "1, " "1, " "1, " "1, " "1, " "1, " "1, " "1, " "1, " "1, " "1, " "1, " "1, " "1, " "1, " "1, " "1, " "1, " "1, " "1, " "1, " "1, " "1, " "1, " "1, " "1, " "1, " "1, " "1, " "1, " "1, " "1, " "1, " "1, " "1, " "1, " "1, " "1, " "1, " "1, " "1, " "1, " "1, " "1, " "1, " "1, " "1, " "1, " "1, " "1, " "1, " "1, " "1, " "1, " "1, " "1, " "1, "0
 "Nei6, 0.557, " "0.651, " "1, " "1, " "1, " "1, " "1, " "1, " "0, " "1, " "1, " "1, " "1, " "1, " "1, " "1, " "1, " "1, " "1, " "1, " "1, " "1, " "1, " "1, " "1, " "1, " "1, " "1, " "1, " "1, " "1, " "1, " "1, " "1, " "1, " "1, " "1, " "1, " "1, " "1, " "1, " "1, " "1, " "1, " "1, " "1, " "1, " "1, " "1, " "1, " "1, " "1, " "1, " "1, " "1, " "1, " "1, " "1, " "1, " "1, " "1, " "1, " "1, " "1, " "1, " "1, " "1, " "1, " "1, " "1, " "1, " "1, " "1, " "1, " "1, " "1, " "1, " "1, " "1, " "1, " "1, " "1, " "1, " "1, " "1, " "1, " "1, " "1, " "1, " "1, " "1, " "1, " "1, " "1, " "1, " "1, " "1, " "1, " "1, " "1, " "1, " "1, " "1, " "1, " "1, " "1, " "1, " "1, " "1, " "1, " "1, " "1, " "1, " "1, " "1, " "1, " "1, " "1, " "1, " "1, " "1, " "1, " "1, " "1, " "1, " "1, " "1, " "1, " "1, " "1, " "1, "0
 "Nei7, 0.369, " "-0.943, " "1, " "1, " "1, " "1, " "1, " "1, " "1, " "0, " "1, " "1, " "1, " "1, " "1, " "1, " "1, " "1, " "1, " "1, " "1, " "1, " "1, " "1, " "1, " "1, " "1, " "1, " "1, " "1, " "1, " "1, " "1, " "1, " "1, " "1, " "1, " "1, " "1, " "1, " "1, " "1, " "1, " "1, " "1, " "1, " "1, " "1, " "1, " "1, " "1, " "1, " "1, " "1, " "1, " "1, " "1, " "1, " "1, " "1, " "1, " "1, " "1, " "1, " "1, " "1, " "1, " "1, " "1, " "1, " "1, " "1, " "1, " "1, " "1, " "1, " "1, " "1, " "1, " "1, " "1, " "1, " "1, " "1, " "1, " "1, " "1, " "1, " "1, " "1, " "1, " "1, " "1, " "1, " "1, " "1, " "1, " "1, " "1, " "1, " "1, " "1, " "1, " "1, " "1, " "1, " "1, " "1, " "1, " "1, " "1, " "1, " "1, " "1, " "1, " "1, " "1, " "1, " "1, " "1, " "1, " "1, " "1, " "1, " "1, " "1, " "1, " "1, " "1, " "1, " "1, "0
 "Nei8, 0.417, " "-0.577, " "1, " "1, " "1, " "1, " "1, " "1, " "1, " "1, " "0, " "1, " "1, " "1, " "1, " "1, " "1, " "1, " "1, " "1, " "1, " "1, " "1, " "1, " "1, " "1, " "1, " "1, " "1, " "1, " "1, " "1, " "1, " "1, " "1, " "1, " "1, " "1, " "1, " "1, " "1, " "1, " "1, " "1, " "1, " "1, " "1, " "1, " "1, " "1, " "1, " "1, " "1, " "1, " "1, " "1, " "1, " "1, " "1, " "1, " "1, " "1, " "1, " "1, " "1, " "1, " "1, " "1, " "1, " "1, " "1, " "1, " "1, " "1, " "1, " "1, " "1, " "1, " "1, " "1, " "1, " "1, " "1, " "1, " "1, " "1, " "1, " "1, " "1, " "1, " "1, " "1, " "1, " "1, " "1, " "1, " "1, " "1, " "1, " "1, " "1, " "1, " "1, " "1, " "1, " "1, " "1, " "1, " "1, " "1, " "1, " "1, " "1, " "1, " "1, " "1, " "1, " "1, " "1, " "1, " "1, " "1, " "1, " "1, " "1, " "1, " "1, " "1, " "1, " "1, " "1, "0
 "Nei9, 0.155, " "-0.639, " "1, " "1, " "1, " "1, " "1, " "1, " "1, " "1, " "1, " "0, " "1, " "1, " "1, " "1, " "1, " "1, " "1, " "1, " "1, " "1, " "1, " "1, " "1, " "1, " "1, " "1, " "1, " "1, " "1, " "1, " "1, " "1, " "1, " "1, " "1, " "1, " "1, " "1, " "1, " "1, " "1, " "1, " "1, " "1, " "1, " "1, " "1, " "1, " "1, " "1, " "1, " "1, " "1, " "1, " "1, " "1, " "1, " "1, " "1, " "1, " "1, " "1, " "1, " "1, " "1, " "1, " "1, " "1, " "1, " "1, " "1, " "1, " "1, " "1, " "1, " "1, " "1, " "1, " "1, " "1, " "1, " "1, " "1, " "1, " "1, " "1, " "1, " "1, " "1, " "1, " "1, " "1, " "1, " "1, " "1, " "1, " "1, " "1, " "1, " "1, " "1, " "1, " "1, " "1, " "1, " "1, " "1, " "1, " "1, " "1, " "1, " "1, " "1, " "1, " "1, " "1, " "1, " "1, " "1, " "1, " "1, " "1, " "1, " "1, " "1, " "1, " "1, " "1, " "1, "0
 "Nei10, 0.106, " "0.04, " "1, " "1, " "1, " "1, " "1, " "1, " "1, " "1, " "1, " "1, " "0, " "1, " "1, " "1, " "1, " "1, " "1, " "1, " "1, " "1, " "1, " "1, " "1, " "1, " "1, " "1, " "1, " "1, " "1, " "1, " "1, " "1, " "1, " "1, " "1, " "1, " "1, " "1, " "1, " "1, " "1, " "1, " "1, " "1, " "1, " "1, " "1, " "1, " "1, " "1, " "1, " "1, " "1, " "1, " "1, " "1, " "1, " "1, " "1, " "1, " "1, " "1, " "1, " "1, " "1, " "1, " "1, " "1, " "1, " "1, " "1, " "1, " "1, " "1, " "1, " "1, " "1, " "1, " "1, " "1, " "1, " "1, " "1, " "1, " "1, " "1, " "1, " "1, " "1, " "1, " "1, " "1, " "1, " "1, " "1, " "1, " "1, " "1, " "1, " "1, " "1, " "1, " "1, " "1, " "1, " "1, " "1, " "1, " "1, " "1, " "1, " "1, " "1, " "1, " "1, " "1, " "1, " "1, " "1, " "1, " "1, " "1, " "1, " "1, " "1, " "1, " "1, " "1, " "1, "0
 "Nei11, 0.309, " "-0.271, " "1, " "1, " "1, " "1, " "1, " "1, " "1, " "1, " "1, " "1, " "1, " "0, " "1, " "1, " "1, " "1, " "1, " "1, " "1, " "1, " "1, " "1, " "1, " "1, " "1, " "1, " "1, " "1, " "1, " "1, " "1, " "1, " "1, " "1, " "1, " "1, " "1, " "1, " "1, " "1, " "1, " "1, " "1, " "1, " "1, " "1, " "1, " "1, " "1, " "1, " "1, " "1, " "1, " "1, " "1, " "1, " "1, " "1, " "1, " "1, " "1, " "1, " "1, " "1, " "1, " "1, " "1, " "1, " "1, " "1, " "1, " "1, " "1, " "1, " "1, " "1, " "1, " "1, " "1, " "1, " "1, " "1, " "1, " "1, " "1, " "1, " "1, " "1, " "1, " "1, " "1, " "1, " "1, " "1, " "1, " "1, " "1, " "1, " "1, " "1, " "1, " "1, " "1, " "1, " "1, " "1, " "1, " "1, " "1, " "1, " "1, " "1, " "1, " "1, " "1, " "1, " "1, " "1, " "1, " "1, " "1, " "1, " "1, " "1, " "1, " "1, " "1, " "1, " "1, "0
 "Nei12, 0.355, " "-0.62, " "1, " "1, " "1, " "1, " "1, " "1, " "1, " "1, " "1, " "1, " "1, " "1, " "0, " "1, " "1, " "1, " "1, " "1, " "1, " "1, " "1, " "1, " "1, " "1, " "1, " "1, " "1, " "1, " "1, " "1, " "1, " "1, " "1, " "1, " "1, " "1, " "1, " "1, " "1, " "1, " "1, " "1, " "1, " "1, " "1, " "1, " "1, " "1, " "1, " "1, " "1, " "1, " "1, " "1, " "1, " "1, " "1, " "1, " "1, " "1, " "1, " "1, " "1, " "1, " "1, " "1, " "1, " "1, " "1, " "1, " "1, " "1, " "1, " "1, " "1, " "1, " "1, " "1, " "1, " "1, " "1, " "1, " "1, " "1, " "1, " "1, " "1, " "1, " "1, " "1, " "1, " "1, " "1, " "1, " "1, " "1, " "1, " "1, " "1, " "1, " "1, " "1, " "1, " "1, " "1, " "1, " "1, " "1, " "1, " "1, " "1, " "1, " "1, " "1, " "1, " "1, " "1, " "1, " "1, " "1, " "1, " "1, " "1, " "1, " "1, " "1, " "1, " "1, " "1, "0
 "Nei13, 0.348, " "0.726, " "1, " "1, " "1, " "1, " "1, " "1, " "1, " "1, " "1, " "1, " "1, " "1, " "1, " "0, " "1, " "1, " "1, " "1, " "1, " "1, " "1, " "1, " "1, " "1, " "1, " "1, " "1, " "1, " "1, " "1, " "1, " "1, " "1, " "1, " "1, " "1, " "1, " "1, " "1, " "1, " "1, " "1, " "1, " "1, " "1, " "1, " "1, " "1, " "1, " "1, " "1, " "1, " "1, " "1, " "1, " "1, " "1, " "1, " "1, " "1, " "1, " "1, " "1, " "1, " "1, " "1, " "1, " "1, " "1, " "1, " "1, " "1, " "1, " "1, " "1, " "1, " "1, " "1, " "1, " "1, " "1, " "1, " "1, " "1, " "1, " "1, " "1, " "1, " "1, " "1, " "1, " "1, " "1, " "1, " "1, " "1, " "1, " "1, " "1, " "1, " "1, " "1, " "1, " "1, " "1, " "1, " "1, " "1, " "1, " "1, " "1, " "1, " "1, " "1, " "1, " "1, " "1, " "1, " "1, " "1, " "1, " "1, " "1, " "1, " "1, " "1, " "1, " "1, " "1, "0
 "Nei14, 0.432, " "-0.873, " "1, " "1, " "1, " "1, " "1, " "1, " "1, " "1, " "1, " "1, " "1, " "1, " "1, " "1, " "0, " "1, " "1, " "1, " "1, " "1, " "1, " "1, " "1, " "1, " "1, " "1, " "1, " "1, " "1, " "1, " "1, " "1, " "1, " "1, " "1, " "1, " "1, " "1, " "1, " "1, " "1, " "1, " "1, " "1, " "1, " "1, " "1, " "1, " "1, " "1, " "1, " "1, " "1, " "1, " "1, " "1, " "1, " "1, " "1, " "1, " "1, " "1, " "1, " "1, " "1, " "1, " "1, " "1, " "1, " "1, " "1, " "1, " "1, " "1, " "1, " "1, " "1, " "1, " "1, " "1, " "1, " "1, " "1, " "1, " "1, " "1, " "1, " "1, " "1, " "1, " "1, " "1, " "1, " "1, " "1, " "1, " "1, " "1, " "1, " "1, " "1, " "1, " "1, " "1, " "1, " "1, " "1, " "1, " "1, " "1, " "1, " "1, " "1, " "1, " "1, " "1, " "1, " "1, " "1, " "1, " "1, " "1, " "1, " "1, " "1, " "1, " "1, " "1, " "1, "0
 "Nei15, 0.468, " "-0.758, " "1, " "1, " "1, " "1, " "1, " "1, " "1, " "1, " "1, " "1, " "1, " "1, " "1, " "1, " "1, " "0, " "1, " "1, " "1, " "1, " "1, " "1, " "1, " "1, " "1, " "1, " "1, " "1, " "1, " "1, " "1, " "1, " "1, " "1, " "1, " "1, " "1, " "1, " "1, " "1, " "1, " "1, " "1, " "1, " "1, " "1, " "1, " "1, " "1, " "1, " "1, " "1, " "1, " "1, " "1, " "1, " "1, " "1, " "1, " "1, " "1, " "1, " "1, " "1, " "1, " "1, " "1, " "1, " "1, " "1, " "1, " "1, " "1, " "1, " "1, " "1, " "1, " "1, " "1, " "1, " "1, " "1, " "1, " "1, " "1, " "1, " "1, " "1, " "1, " "1, " "1, " "1, " "1, " "1, " "1, " "1, " "1, " "1, " "1, " "1, " "1, " "1, " "1, " "1, " "1, " "1, " "1, " "1, " "1, " "1, " "1, " "1, " "1, " "1, " "1, " "1, " "1, " "1, " "1, " "1, " "1, " "1, " "1, " "1, " "1, " "1, " "1, " "1, " "1, "0
 "Nei16, 0.026, " "-0.885, " "1, " "1, " "1, " "1, " "1, " "1, " "1, " "1, " "1, " "1, " "1, " "1, " "1, " "1, " "1, " "1, " "0, " "1, " "1, " "1, " "1, " "1, " "1, " "1, " "1, " "1, " "1, " "1, " "1, " "1, " "1, " "1, " "1, " "1, " "1, " "1, " "1, " "1, " "1, " "1, " "1, " "1, " "1, " "1, " "1, " "1, " "1, " "1, " "1, " "1, " "1, " "1, " "1, " "1, " "1, " "1, " "1, " "1, " "1, " "1, " "1, " "1, " "1, " "1, " "1, " "1, " "1, " "1, " "1, " "1, " "1, " "1, " "1, " "1, " "1, " "1, " "1, " "1, " "1, " "1, " "1, " "1, " "1, " "1, " "1, " "1, " "1, " "1, " "1, " "1, " "1, " "1, " "1, " "1, " "1, " "1, " "1, " "1, " "1, " "1, " "1, " "1, " "1, " "1, " "1, " "1, " "1, " "1, " "1, " "1, " "1, " "1, " "1, " "1, " "1, " "1, " "1, " "1, " "1, " "1, " "1, " "1, " "1, " "1, " "1, " "1, " "1, " "1, " "1, "0
 "Nei17, 0.354, " "-0.625, " "1, " "1, " "1, " "1, " "1, " "1, " "1, " "1, " "1, " "1, " "1, " "1, " "1, " "1, " "1, " "1, " "1, " "0, " "1, " "1, " "1, " "1, " "1, " "1, " "1, " "1, " "1, " "1, " "1, " "1, " "1, " "1, " "1, " "1, " "1, " "1, " "1, " "1, " "1, " "1, " "1, " "1, " "1, " "1, " "1, " "1, " "1, " "1, " "1, " "1, " "1, " "1, " "1, " "1, " "1, " "1, " "1, " "1, " "1, " "1, " "1, " "1, " "1, " "1, " "1, " "1, " "1, " "1, " "1, " "1, " "1, " "1, " "1, " "1, " "1, " "1, " "1, " "1, " "1, " "1, " "1, " "1, " "1, " "1, " "1, " "1, " "1, " "1, " "1, " "1, " "1, " "1, " "1, " "1, " "1, " "1, " "1, " "1, " "1, " "1, " "1, " "1, " "1, " "1, " "1, " "1, " "1, " "1, " "1, " "1, " "1, " "1, " "1, " "1, " "1, " "1, " "1, " "1, " "1, " "1, " "1, " "1, " "1, " "1, " "1, " "1, " "1, " "1, " "1, "0
 "Nei18, 0.089, " "-0.21, " "1, " "1, " "1, " "1, " "1, " "1, " "1, " "1, " "1, " "1, " "1, " "1, " "1, " "1, " "1, " "1, " "1, " "1, " "0, " "1, " "1, " "1, " "1, " "1, " "1, " "1, " "1, " "1, " "1, " "1, " "1, " "1, " "1, " "1, " "1, " "1, " "1, " "1, " "1, " "1, " "1, " "1, " "1, " "1, " "1, " "1, " "1, " "1, " "1, " "1, " "1, " "1, " "1, " "1, " "1, " "1, " "1, " "1, " "1, " "1, " "1, " "1, " "1, " "1, " "1, " "1, " "1, " "1, " "1, " "1, " "1, " "1, " "1, " "1, " "1, " "1, " "1, " "1, " "1, " "1, " "1, " "1, " "1, " "1, " "1, " "1, " "1, " "1, " "1, " "1, " "1, " "1, " "1, " "1, " "1, " "1, " "1, " "1, " "1, " "1, " "1, " "1, " "1, " "1, " "1, " "1, " "1, " "1, " "1, " "1, " "1, " "1, " "1, " "1, " "1, " "1, " "1, " "1, " "1, " "1, " "1, " "1, " "1, " "1, " "1, " "1, " "1, " "1, " "1, "0
 "Nei19, 0.161, " "-0.542, " "1, " "1, " "1, " "1, " "1, " "1, " "1, " "1, " "1, " "1, " "1, " "1, " "1, " "1, " "1, " "1, " "1, " "1, " "1, " "0, " "1, " "1, " "1, " "1, " "1, " "1, " "1, " "1, " "1, " "1, " "1, " "1, " "1, " "1, " "1, " "1, " "1, " "1, " "1, " "1, " "1, " "1, " "1, " "1, " "1, " "1, " "1, " "1, " "1, " "1, " "1, " "1, " "1, " "1, " "1, " "1, " "1, " "1, " "1, " "1, " "1, " "1, " "1, " "1, " "1, " "1, " "1, " "1, " "1, " "1, " "1, " "1, " "1, " "1, " "1, " "1, " "1, " "1, " "1, " "1, " "1, " "1, " "1, " "1, " "1, " "1, " "1, " "1, " "1, " "1, " "1, " "1, " "1, " "1, " "1, " "1, " "1, " "1, " "1, " "1, " "1, " "1, " "1, " "1, " "1, " "1, " "1, " "1, " "1, " "1, " "1, " "1, " "1, " "1, " "1, " "1, " "1, " "1, " "1, " "1, " "1, " "1, " "1, " "1, " "1, " "1, " "1, " "1, " "1, "0
 "Nei20, 0.081, " "0.052, " "1, " "1, " "1, " "1, " "1, " "1, " "1, " "1, " "1, " "1, " "1, " "1, " "1, " "1, " "1, " "1, " "1, " "1, " "1, " "1, " "0, " "1, " "1, " "1, " "1, " "1, " "1, " "1, " "1, " "1, " "1, " "1, " "1, " "1, " "1, " "1, " "1, " "1, " "1, " "1, " "1, " "1, " "1, " "1, " "1, " "1, " "1, " "1, " "1, " "1, " "1, " "1, " "1, " "1, " "1, " "1, " "1, " "1, " "1, " "1, " "1, " "1, " "1, " "1, " "1, " "1, " "1, " "1, " "1, " "1, " "1, " "1, " "1, " "1, " "1, " "1, " "1, " "1, " "1, " "1, " "1, " "1, " "1, " "1, " "1, " "1, " "1, " "1, " "1, " "1, " "1, " "1, " "1, " "1, " "1, " "1, " "1, " "1, " "1, " "1, " "1, " "1, " "1, " "1, " "1, " "1, " "1, " "1, " "1, " "1, " "1, " "1, " "1, " "1, " "1, " "1, " "1, " "1, " "1, " "1, " "1, " "1, " "1, " "1, " "1, " "1, " "1, " "1, " "1, "0
 "Nei21, 0.433, " "0.498, " "1, " "1, " "1, " "1, " "1, " "1, " "1, " "1, " "1, " "1, " "1, " "1, " "1, " "1, " "1, " "1, " "1, " "1, " "1, " "1, " "1, " "0, " "1, " "1, " "1, " "1, " "1, " "1, " "1, " "1, " "1, " "1, " "1, " "1, " "1, " "1, " "1, " "1, " "1, " "1, " "1, " "1, " "1, " "1, " "1, " "1, " "1, " "1, " "1, " "1, " "1, " "1, " "1, " "1, " "1, " "1, " "1, " "1, " "1, " "1, " "1, " "1, " "1, " "1, " "1, " "1, " "1, " "1, " "1, " "1, " "1, " "1, " "1, " "1, " "1, " "1, " "1, " "1, " "1, " "1, " "1, " "1, " "1, " "1, " "1, " "1, " "1, " "1, " "1, " "1, " "1, " "1, " "1, " "1, " "1, " "1, " "1, " "1, " "1, " "1, " "1, " "1, " "1, " "1, " "1, " "1, " "1, " "1, " "1, " "1, " "1, " "1, " "1, " "1, " "1, " "1, " "1, " "1, " "1, " "1, " "1, " "1, " "1, " "1, " "1, " "1, " "1, " "1, " "1, "0
 "Nei22, 0.468, " "0.75, " "1, " "1, " "1, " "1, " "1, " "1, " "1, " "1, " "1, " "1, " "1, " "1, " "1, " "1, " "1, " "1, " "1, " "1, " "1, " "1, " "1, " "1, " "0, " "1, " "1, " "1, " "1, " "1, " "1, " "1, " "1, " "1, " "1, " "1, " "1, " "1, " "1, " "1, " "1, " "1, " "1, " "1, " "1, " "1, " "1, " "1, " "1, " "1, " "1, " "1, " "1, " "1, " "1, " "1, " "1, " "1, " "1, " "1, " "1, " "1, " "1, " "1, " "1, " "1, " "1, " "1, " "1, " "1, " "1, " "1, " "1, " "1, " "1, " "1, " "1, " "1, " "1, " "1, " "1, " "1, " "1, " "1, " "1, " "1, " "1, " "1, " "1, " "1, " "1, " "1, " "1, " "1, " "1, " "1, " "1, " "1, " "1, " "1, " "1, " "1, " "1, " "1, " "1, " "1, " "1, " "1, " "1, " "1, " "1, " "1, " "1, " "1, " "1, " "1, " "1, " "1, " "1, " "1, " "1, " "1, " "1, " "1, " "1, " "1, " "1, " "1, " "1, " "1, " "1, "0
 "Nei23, 0.007, " "-0.052, " "1, " "1, " "1, " "1, " "1, " "1, " "1, " "1, " "1, " "1, " "1, " "1, " "1, " "1, " "1, " "1, " "1, " "1, " "1, " "1, " "1, " "1, " "1, " "0, " "1, " "1, " "1, " "1, " "1, " "1, " "1, " "1, " "1, " "1, " "1, " "1, " "1, " "1, " "1, " "1, " "1, " "1, " "1, " "1, " "1, " "1, " "1, " "1, " "1, " "1, " "1, " "1, " "1, " "1, " "1, " "1, " "1, " "1, " "1, " "1, " "1, " "1, " "1, " "1, " "1, " "1, " "1, " "1, " "1, " "1, " "1, " "1, " "1, " "1, " "1, " "1, " "1, " "1, " "1, " "1, " "1, " "1, " "1, " "1, " "1, " "1, " "1, " "1, " "1, " "1, " "1, " "1, " "1, " "1, " "1, " "1, " "1, " "1, " "1, " "1, " "1, " "1, " "1, " "1, " "1, " "1, " "1, " "1, " "1, " "1, " "1, " "1, " "1, " "1, " "1, " "1, " "1, " "1, " "1, " "1, " "1, " "1, " "1, " "1, " "1, " "1, " "1, " "1, " "1, "0
 "Nei24, 0.352, " "-0.433, " "1, " "1, " "1, " "1, " "1, " "1, " "1, " "1, " "1, " "1, " "1, " "1, " "1, " "1, " "1, " "1, " "1, " "1, " "1, " "1, " "1, " "1, " "1, " "1, " "0, " "1, " "1, " "1, " "1, " "1, " "1, " "1, " "1, " "1, " "1, " "1, " "1, " "1, " "1, " "1, " "1, " "1, " "1, " "1, " "1, " "1, " "1, " "1, " "1, " "1, " "1, " "1, " "1, " "1, " "1, " "1, " "1, " "1, " "1, " "1, " "1, " "1, " "1, " "1, " "1, " "1, " "1, " "1, " "1, " "1, " "1, " "1, " "1, " "1, " "1, " "1, " "1, " "1, " "1, " "1, " "1, " "1, " "1, " "1, " "1, " "1, " "1, " "1, " "1, " "1, " "1, " "1, " "1, " "1, " "1, " "1, " "1, " "1, " "1, " "1, " "1, " "1, " "1, " "1, " "1, " "1, " "1, " "1, " "1, " "1, " "1, " "1, " "1, " "1, " "1, " "1, " "1, " "1, " "1, " "1, " "1, " "1, " "1, " "1, " "1, " "1, " "1, " "1, " "1, "0
 "Nei25, 0.111, " "-0.696, " "1, " "1, " "1, " "1, " "1, " "1, " "1, " "1, " "1, " "1, " "1, " "1, " "1, " "1, " "1, " "1, " "1, " "1, " "1, " "1, " "1, " "1, " "1, " "1, " "1, " "0, " "1, " "1, " "1, " "1, " "1, " "1, " "1, " "1, " "1, " "1, " "1, " "1, " "1, " "1, " "1, " "1, " "1, " "1, " "1, " "1, " "1, " "1, " "1, " "1, " "1, " "1, " "1, " "1, " "1, " "1, " "1, " "1, " "1, " "1, " "1, " "1, " "1, " "1, " "1, " "1, " "1, " "1, " "1, " "1, " "1, " "1, " "1, " "1, " "1, " "1, " "1, " "1, " "1, " "1, " "1, " "1, " "1, " "1, " "1, " "1, " "1, " "1, " "1, " "1, " "1, " "1, " "1, " "1, " "1, " "1, " "1, " "1, " "1, " "1, " "1, " "1, " "1, " "1, " "1, " "1, " "1, " "1, " "1, " "1, " "1, " "1, " "1, " "1, " "1, " "1, " "1, " "1, " "1, " "1, " "1, " "1, " "1, " "1, " "1, " "1, " "1, " "1, " "1, "0
 "Nei26, 0.374, " "-0.624, " "1, " "1, " "1, " "1, " "1, " "1, " "1, " "1, " "1, " "1, " "1, " "1, " "1, " "1, " "1, " "1, " "1, " "1, " "1, " "1, " "1, " "1, " "1, " "1, " "1, " "1, " "0, " "1, " "1, " "1, " "1, " "1, " "1, " "1, " "1, " "1, " "1, " "1, " "1, " "1, " "1, " "1, " "1, " "1, " "1, " "1, " "1, " "1, " "1, " "1, " "1, " "1, " "1, " "1, " "1, " "1, " "1, " "1, " "1, " "1, " "1, " "1, " "1, " "1, " "1, " "1, " "1, " "1, " "1, " "1, " "1, " "1, " "1, " "1, " "1, " "1, " "1, " "1, " "1, " "1, " "1, " "1, " "1, " "1, " "1, " "1, " "1, " "1, " "1, " "1, " "1, " "1, " "1, " "1, " "1, " "1, " "1, " "1, " "1, " "1, " "1, " "1, " "1, " "1, " "1, " "1, " "1, " "1, " "1, " "1, " "1, " "1, " "1, " "1, " "1, " "1, " "1, " "1, " "1, " "1, " "1, " "1, " "1, " "1, " "1, " "1, " "1, " "1, " "1, "0
 "Nei27, 0.303, " "-0.265, " "1, " "1, " "1, " "1, " "1, " "1, " "1, " "1, " "1, " "1, " "1, " "1, " "1, " "1, " "1, " "1, " "1, " "1, " "1, " "1, " "1, " "1, " "1, " "1, " "1, " "1, " "1, " "0, " "1, " "1, " "1, " "1, " "1, " "1, " "1, " "1, " "1, " "1, " "1, " "1, " "1, " "1, " "1, " "1, " "1, " "1, " "1, " "1, " "1, " "1, " "1, " "1, " "1, " "1, " "1, " "1, " "1, " "1, " "1, " "1, " "1, " "1, " "1, " "1, " "1, " "1, " "1, " "1, " "1, " "1, " "1, " "1, " "1, " "1, " "1, " "1, " "1, " "1, " "1, " "1, " "1, " "1, " "1, " "1, " "1, " "1, " "1, " "1, " "1, " "1, " "1, " "1, " "1, " "1, " "1, " "1, " "1, " "1, " "1, " "1, " "1, " "1, " "1, " "1, " "1, " "1, " "1, " "1, " "1, " "1, " "1, " "1, " "1, " "1, " "1, " "1, " "1, " "1, " "1, " "1, " "1, " "1, " "1, " "1, " "1, " "1, " "1, " "1, " "1, "0
 "Nei28, 0.408, " "0.516, " "1, " "1, " "1, " "1, " "1, " "1, " "1, " "1, " "1, " "1, " "1, " "1, " "1, " "1, " "1, " "1, " "1, " "1, " "1, " "1, " "1, " "1, " "1, " "1, " "1, " "1, " "1, " "1, " "0, " "1, " "1, " "1, " "1, " "1, " "1, " "1, " "1, " "1, " "1, " "1, " "1, " "1, " "1, " "1, " "1, " "1, " "1, " "1, " "1, " "1, " "1, " "1, " "1, " "1, " "1, " "1, " "1, " "1, " "1, " "1, " "1, " "1, " "1, " "1, " "1, " "1, " "1, " "1, " "1, " "1, " "1, " "1, " "1, " "1, " "1, " "1, " "1, " "1, " "1, " "1, " "1, " "1, " "1, " "1, " "1, " "1, " "1, " "1, " "1, " "1, " "1, " "1, " "1, " "1, " "1, " "1, " "1, " "1, " "1, " "1, " "1, " "1, " "1, " "1, " "1, " "1, " "1, " "1, " "1, " "1, " "1, " "1, " "1, " "1, " "1, " "1, " "1, " "1, " "1, " "1, " "1, " "1, " "1, " "1, " "1, " "1, " "1, " "1, " "1, "0
 "Nei29, 0.334, " "0.674, " "1, " "1, " "1, " "1, " "1, " "1, " "1, " "1, " "1, " "1, " "1, " "1, " "1, " "1, " "1, " "1, " "1, " "1, " "1, " "1, " "1, " "1, " "1, " "1, " "1, " "1, " "1, " "1, " "1, " "0, " "1, " "1, " "1, " "1, " "1, " "1, " "1, " "1, " "1, " "1, " "1, " "1, " "1, " "1, " "1, " "1, " "1, " "1, " "1, " "1, " "1, " "1, " "1, " "1, " "1, " "1, " "1, " "1, " "1, " "1, " "1, " "1, " "1, " "1, " "1, " "1, " "1, " "1, " "1, " "1, " "1, " "1, " "1, " "1, " "1, " "1, " "1, " "1, " "1, " "1, " "1, " "1, " "1, " "1, " "1, " "1, " "1, " "1, " "1, " "1, " "1, " "1, " "1, " "1, " "1, " "1, " "1, " "1, " "1, " "1, " "1, " "1, " "1, " "1, " "1, " "1, " "1, " "1, " "1, " "1, " "1, " "1, " "1, " "1, " "1, " "1, " "1, " "1, " "1, " "1, " "1, " "1, " "1, " "1, " "1, " "1, " "1, " "1, " "1, "0
 "Nei30, 0.015, " "0.999, " "1, " "1, " "1, " "1, " "1, " "1, " "1, " "1, " "1, " "1, " "1, " "1, " "1, " "1, " "1, " "1, " "1, " "1, " "1, " "1, " "1, " "1, " "1, " "1, " "1, " "1, " "1, " "1, " "1, " "1, " "0, " "1, " "1, " "1, " "1, " "1, " "1, " "1, " "1, " "1, " "1, " "1, " "1, " "1, " "1, " "1, " "1, " "1, " "1, " "1, " "1, " "1, " "1, " "1, " "1, " "1, " "1, " "1, " "1, " "1, " "1, " "1, " "1, " "1, " "1, " "1, " "1, " "1, " "1, " "1, " "1, " "1, " "1, " "1, " "1, " "1, " "1, " "1, " "1, " "1, " "1, " "1, " "1, " "1, " "1, " "1, " "1, " "1, " "1, " "1, " "1, " "1, " "1, " "1, " "1, " "1, " "1, " "1, " "1, " "1, " "1, " "1, " "1, " "1, " "1, " "1, " "1, " "1, " "1, " "1, " "1, " "1, " "1, " "1, " "1, " "1, " "1, " "1, " "1, " "1, " "1, " "1, " "1, " "1, " "1, " "1, " "1, " "1, " "1, "0
 "Nei31, 0.568, " "-0.922, " "1, " "1, " "1, " "1, " "1, " "1, " "1, " "1, " "1, " "1, " "1, " "1, " "1, " "1, " "1, " "1, " "1, " "1, " "1, " "1, " "1, " "1, " "1, " "1, " "1, " "1, " "1, " "1, " "1, " "1, " "1, " "0, " "1, " "1, " "1, " "1, " "1, " "1, " "1, " "1, " "1, " "1, " "1, " "1, " "1, " "1, " "1, " "1, " "1, " "1, " "1, " "1, " "1, " "1, " "1, " "1, " "1, " "1, " "1, " "1, " "1, " "1, " "1, " "1, " "1, " "1, " "1, " "1, " "1, " "1, " "1, " "1, " "1, " "1, " "1, " "1, " "1, " "1, " "1, " "1, " "1, " "1, " "1, " "1, " "1, " "1, " "1, " "1, " "1, " "1, " "1, " "1, " "1, " "1, " "1, " "1, " "1, " "1, " "1, " "1, " "1, " "1, " "1, " "1, " "1, " "1, " "1, " "1, " "1, " "1, " "1, " "1, " "1, " "1, " "1, " "1, " "1, " "1, " "1, " "1, " "1, " "1, " "1, " "1, " "1, " "1, " "1, " "1, " "1, "0
 "Nei32, 0.073, " "-0.093, " "1, " "1, " "1, " "1, " "1, " "1, " "1, " "1, " "1, " "1, " "1, " "1, " "1, " "1, " "1, " "1, " "1, " "1, " "1, " "1, " "1, " "1, " "1, " "1, " "1, " "1, " "1, " "1, " "1, " "1, " "1, " "1, " "0, " "1, " "1, " "1, " "1, " "1, " "1, " "1, " "1, " "1, " "1, " "1, " "1, " "1, " "1, " "1, " "1, " "1, " "1, " "1, " "1, " "1, " "1, " "1, " "1, " "1, " "1, " "1, " "1, " "1, " "1, " "1, " "1, " "1, " "1, " "1, " "1, " "1, " "1, " "1, " "1, " "1, " "1, " "1, " "1, " "1, " "1, " "1, " "1, " "1, " "1, " "1, " "1, " "1, " "1, " "1, " "1, " "1, " "1, " "1, " "1, " "1, " "1, " "1, " "1, " "1, " "1, " "1, " "1, " "1, " "1, " "1, " "1, " "1, " "1, " "1, " "1, " "1, " "1, " "1, " "1, " "1, " "1, " "1, " "1, " "1, " "1, " "1, " "1, " "1, " "1, " "1, " "1, " "1, " "1, " "1, " "1, "0
 "Nei33, 0.141, " "-0.762, " "1, " "1, " "1, " "1, " "1, " "1, " "1, " "1, " "1, " "1, " "1, " "1, " "1, " "1, " "1, " "1, " "1, " "1, " "1, " "1, " "1, " "1, " "1, " "1, " "1, " "1, " "1, " "1, " "1, " "1, " "1, " "1, " "1, " "0, " "1, " "1, " "1, " "1, " "1, " "1, " "1, " "1, " "1, " "1, " "1, " "1, " "1, " "1, " "1, " "1, " "1, " "1, " "1, " "1, " "1, " "1, " "1, " "1, " "1, " "1, " "1, " "1, " "1, " "1, " "1, " "1, " "1, " "1, " "1, " "1, " "1, " "1, " "1, " "1, " "1, " "1, " "1, " "1, " "1, " "1, " "1, " "1, " "1, " "1, " "1, " "1, " "1, " "1, " "1, " "1, " "1, " "1, " "1, " "1, " "1, " "1, " "1, " "1, " "1, " "1, " "1, " "1, " "1, " "1, " "1, " "1, " "1, " "1, " "1, " "1, " "1, " "1, " "1, " "1, " "1, " "1, " "1, " "1, " "1, " "1, " "1, " "1, " "1, " "1, " "1, " "1, " "1, " "1, " "1, "0
 "Nei34, 0.226, " "-0.283, " "1, " "1, " "1, " "1, " "1, " "1, " "1, " "1, " "1, " "1, " "1, " "1, " "1, " "1, " "1, " "1, " "1, " "1, " "1, " "1, " "1, " "1, " "1, " "1, " "1, " "1, " "1, " "1, " "1, " "1, " "1, " "1, " "1, " "1, " "0, " "1, " "1, " "1, " "1, " "1, " "1, " "1, " "1, " "1, " "1, " "1, " "1, " "1, " "1, " "1, " "1, " "1, " "1, " "1, " "1, " "1, " "1, " "1, " "1, " "1, " "1, " "1, " "1, " "1, " "1, " "1, " "1, " "1, " "1, " "1, " "1, " "1, " "1, " "1, " "1, " "1, " "1, " "1, " "1, " "1, " "1, " "1, " "1, " "1, " "1, " "1, " "1, " "1, " "1, " "1, " "1, " "1, " "1, " "1, " "1, " "1, " "1, " "1, " "1, " "1, " "1, " "1, " "1, " "1, " "1, " "1, " "1, " "1, " "1, " "1, " "1, " "1, " "1, " "1, " "1, " "1, " "1, " "1, " "1, " "1, " "1, " "1, " "1, " "1, " "1, " "1, " "1, " "1, " "1, "0
 "Nei35, 0.132, " "0.976, " "1, " "1, " "1, " "1, " "1, " "1, " "1, " "1, " "1, " "1, " "1, " "1, " "1, " "1, " "1, " "1, " "1, " "1, " "1, " "1, " "1, " "1, " "1, " "1, " "1, " "1, " "1, " "1, " "1, " "1, " "1, " "1, " "1, " "1, " "1, " "0, " "1, " "1, " "1, " "1, " "1, " "1, " "1, " "1, " "1, " "1, " "1, " "1, " "1, " "1, " "1, " "1, " "1, " "1, " "1, " "1, " "1, " "1, " "1, " "1, " "1, " "1, " "1, " "1, " "1, " "1, " "1, " "1, " "1, " "1, " "1, " "1, " "1, " "1, " "1, " "1, " "1, " "1, " "1, " "1, " "1, " "1, " "1, " "1, " "1, " "1, " "1, " "1, " "1, " "1, " "1, " "1, " "1, " "1, " "1, " "1, " "1, " "1, " "1, " "1, " "1, " "1, " "1, " "1, " "1, " "1, " "1, " "1, " "1, " "1, " "1, " "1, " "1, " "1, " "1, " "1, " "1, " "1, " "1, " "1, " "1, " "1, " "1, " "1, " "1, " "1, " "1, " "1, " "1, "0
 "Nei36, 0.049, " "0.285, " "1, " "1, " "1, " "1, " "1, " "1, " "1, " "1, " "1, " "1, " "1, " "1, " "1, " "1, " "1, " "1, " "1, " "1, " "1, " "1, " "1, " "1, " "1, " "1, " "1, " "1, " "1, " "1, " "1, " "1, " "1, " "1, " "1, " "1, " "1, " "1, " "0, " "1, " "1, " "1, " "1, " "1, " "1, " "1, " "1, " "1, " "1, " "1, " "1, " "1, " "1, " "1, " "1, " "1, " "1, " "1, " "1, " "1, " "1, " "1, " "1, " "1, " "1, " "1, " "1, " "1, " "1, " "1, " "1, " "1, " "1, " "1, " "1, " "1, " "1, " "1, " "1, " "1, " "1, " "1, " "1, " "1, " "1, " "1, " "1, " "1, " "1, " "1, " "1, " "1, " "1, " "1, " "1, " "1, " "1, " "1, " "1, " "1, " "1, " "1, " "1, " "1, " "1, " "1, " "1, " "1, " "1, " "1, " "1, " "1, " "1, " "1, " "1, " "1, " "1, " "1, " "1, " "1, " "1, " "1, " "1, " "1, " "1, " "1, " "1, " "1, " "1, " "1, " "1, "0
 "Nei37, 0.355, " "-0.068, " "1, " "1, " "1, " "1, " "1, " "1, " "1, " "1, " "1, " "1, " "1, " "1, " "1, " "1, " "1, " "1, " "1, " "1, " "1, " "1, " "1, " "1, " "1, " "1, " "1, " "1, " "1, " "1, " "1, " "1, " "1, " "1, " "1, " "1, " "1, " "1, " "1, " "0, " "1, " "1, " "1, " "1, " "1, " "1, " "1, " "1, " "1, " "1, " "1, " "1, " "1, " "1, " "1, " "1, " "1, " "1, " "1, " "1, " "1, " "1, " "1, " "1, " "1, " "1, " "1, " "1, " "1, " "1, " "1, " "1, " "1, " "1, " "1, " "1, " "1, " "1, " "1, " "1, " "1, " "1, " "1, " "1, " "1, " "1, " "1, " "1, " "1, " "1, " "1, " "1, " "1, " "1, " "1, " "1, " "1, " "1, " "1, " "1, " "1, " "1, " "1, " "1, " "1, " "1, " "1, " "1, " "1, " "1, " "1, " "1, " "1, " "1, " "1, " "1, " "1, " "1, " "1, " "1, " "1, " "1, " "1, " "1, " "1, " "1, " "1, " "1, " "1, " "1, " "1, "0
 "Nei38, 0.496, " "0.9, " "1, " "1, " "1, " "1, " "1, " "1, " "1, " "1, " "1, " "1, " "1, " "1, " "1, " "1, " "1, " "1, " "1, " "1, " "1, " "1, " "1, " "1, " "1, " "1, " "1, " "1, " "1, " "1, " "1, " "1, " "1, " "1, " "1, " "1, " "1, " "1, " "1, " "1, " "0, " "1, " "1, " "1, " "1, " "1, " "1, " "1, " "1, " "1, " "1, " "1, " "1, " "1, " "1, " "1, " "1, " "1, " "1, " "1, " "1, " "1, " "1, " "1, " "1, " "1, " "1, " "1, " "1, " "1, " "1, " "1, " "1, " "1, " "1, " "1, " "1, " "1, " "1, " "1, " "1, " "1, " "1, " "1, " "1, " "1, " "1, " "1, " "1, " "1, " "1, " "1, " "1, " "1, " "1, " "1, " "1, " "1, " "1, " "1, " "1, " "1, " "1, " "1, " "1, " "1, " "1, " "1, " "1, " "1, " "1, " "1, " "1, " "1, " "1, " "1, " "1, " "1, " "1, " "1, " "1, " "1, " "1, " "1, " "1, " "1, " "1, " "1, " "1, " "1, " "1, "0
 "Nei39, 0.378, " "0.428, " "1, " "1, " "1, " "1, " "1, " "1, " "1, " "1, " "1, " "1, " "1, " "1, " "1, " "1, " "1, " "1, " "1, " "1, " "1, " "1, " "1, " "1, " "1, " "1, " "1, " "1, " "1, " "1, " "1, " "1, " "1, " "1, " "1, " "1, " "1, " "1, " "1, " "1, " "1, " "0, " "1, " "1, " "1, " "1, " "1, " "1, " "1, " "1, " "1, " "1, " "1, " "1, " "1, " "1, " "1, " "1, " "1, " "1, " "1, " "1, " "1, " "1, " "1, " "1, " "1, " "1, " "1, " "1, " "1, " "1, " "1, " "1, " "1, " "1, " "1, " "1, " "1, " "1, " "1, " "1, " "1, " "1, " "1, " "1, " "1, " "1, " "1, " "1, " "1, " "1, " "1, " "1, " "1, " "1, " "1, " "1, " "1, " "1, " "1, " "1, " "1, " "1, " "1, " "1, " "1, " "1, " "1, " "1, " "1, " "1, " "1, " "1, " "1, " "1, " "1, " "1, " "1, " "1, " "1, " "1, " "1, " "1, " "1, " "1, " "1, " "1, " "1, " "1, " "1, "0
 "Nei40, 0.035, " "0.426, " "1, " "1, " "1, " "1, " "1, " "1, " "1, " "1, " "1, " "1, " "1, " "1, " "1, " "1, " "1, " "1, " "1, " "1, " "1, " "1, " "1, " "1, " "1, " "1, " "1, " "1, " "1, " "1, " "1, " "1, " "1, " "1, " "1, " "1, " "1, " "1, " "1, " "1, " "1, " "1, " "0, " "1, " "1, " "1, " "1, " "1, " "1, " "1, " "1, " "1, " "1, " "1, " "1, " "1, " "1, " "1, " "1, " "1, " "1, " "1, " "1, " "1, " "1, " "1, " "1, " "1, " "1, " "1, " "1, " "1, " "1, " "1, " "1, " "1, " "1, " "1, " "1, " "1, " "1, " "1, " "1, " "1, " "1, " "1, " "1, " "1, " "1, " "1, " "1, " "1, " "1, " "1, " "1, " "1, " "1, " "1, " "1, " "1, " "1, " "1, " "1, " "1, " "1, " "1, " "1, " "1, " "1, " "1, " "1, " "1, " "1, " "1, " "1, " "1, " "1, " "1, " "1, " "1, " "1, " "1, " "1, " "1, " "1, " "1, " "1, " "1, " "1, " "1, " "1, "0
 "Nei41, 0.55, " "0.758, " "1, " "1, " "1, " "1, " "1, " "1, " "1, " "1, " "1, " "1, " "1, " "1, " "1, " "1, " "1, " "1, " "1, " "1, " "1, " "1, " "1, " "1, " "1, " "1, " "1, " "1, " "1, " "1, " "1, " "1, " "1, " "1, " "1, " "1, " "1, " "1, " "1, " "1, " "1, " "1, " "1, " "0, " "1, " "1, " "1, " "1, " "1, " "1, " "1, " "1, " "1, " "1, " "1, " "1, " "1, " "1, " "1, " "1, " "1, " "1, " "1, " "1, " "1, " "1, " "1, " "1, " "1, " "1, " "1, " "1, " "1, " "1, " "1, " "1, " "1, " "1, " "1, " "1, " "1, " "1, " "1, " "1, " "1, " "1, " "1, " "1, " "1, " "1, " "1, " "1, " "1, " "1, " "1, " "1, " "1, " "1, " "1, " "1, " "1, " "1, " "1, " "1, " "1, " "1, " "1, " "1, " "1, " "1, " "1, " "1, " "1, " "1, " "1, " "1, " "1, " "1, " "1, " "1, " "1, " "1, " "1, " "1, " "1, " "1, " "1, " "1, " "1, " "1, " "1, "0
 "Nei42, 0.056, " "0.855, " "1, " "1, " "1, " "1, " "1, " "1, " "1, " "1, " "1, " "1, " "1, " "1, " "1, " "1, " "1, " "1, " "1, " "1, " "1, " "1, " "1, " "1, " "1, " "1, " "1, " "1, " "1, " "1, " "1, " "1, " "1, " "1, " "1, " "1, " "1, " "1, " "1, " "1, " "1, " "1, " "1, " "1, " "0, " "1, " "1, " "1, " "1, " "1, " "1, " "1, " "1, " "1, " "1, " "1, " "1, " "1, " "1, " "1, " "1, " "1, " "1, " "1, " "1, " "1, " "1, " "1, " "1, " "1, " "1, " "1, " "1, " "1, " "1, " "1, " "1, " "1, " "1, " "1, " "1, " "1, " "1, " "1, " "1, " "1, " "1, " "1, " "1, " "1, " "1, " "1, " "1, " "1, " "1, " "1, " "1, " "1, " "1, " "1, " "1, " "1, " "1, " "1, " "1, " "1, " "1, " "1, " "1, " "1, " "1, " "1, " "1, " "1, " "1, " "1, " "1, " "1, " "1, " "1, " "1, " "1, " "1, " "1, " "1, " "1, " "1, " "1, " "1, " "1, " "1, "0
 "Nei43, 0.068, " "0.992, " "1, " "1, " "1, " "1, " "1, " "1, " "1, " "1, " "1, " "1, " "1, " "1, " "1, " "1, " "1, " "1, " "1, " "1, " "1, " "1, " "1, " "1, " "1, " "1, " "1, " "1, " "1, " "1, " "1, " "1, " "1, " "1, " "1, " "1, " "1, " "1, " "1, " "1, " "1, " "1, " "1, " "1, " "1, " "0, " "1, " "1, " "1, " "1, " "1, " "1, " "1, " "1, " "1, " "1, " "1, " "1, " "1, " "1, " "1, " "1, " "1, " "1, " "1, " "1, " "1, " "1, " "1, " "1, " "1, " "1, " "1, " "1, " "1, " "1, " "1, " "1, " "1, " "1, " "1, " "1, " "1, " "1, " "1, " "1, " "1, " "1, " "1, " "1, " "1, " "1, " "1, " "1, " "1, " "1, " "1, " "1, " "1, " "1, " "1, " "1, " "1, " "1, " "1, " "1, " "1, " "1, " "1, " "1, " "1, " "1, " "1, " "1, " "1, " "1, " "1, " "1, " "1, " "1, " "1, " "1, " "1, " "1, " "1, " "1, " "1, " "1, " "1, " "1, " "1, "0
 "Nei44, 0.413, " "0.407, " "1, " "1, " "1, " "1, " "1, " "1, " "1, " "1, " "1, " "1, " "1, " "1, " "1, " "1, " "1, " "1, " "1, " "1, " "1, " "1, " "1, " "1, " "1, " "1, " "1, " "1, " "1, " "1, " "1, " "1, " "1, " "1, " "1, " "1, " "1, " "1, " "1, " "1, " "1, " "1, " "1, " "1, " "1, " "1, " "0, " "1, " "1, " "1, " "1, " "1, " "1, " "1, " "1, " "1, " "1, " "1, " "1, " "1, " "1, " "1, " "1, " "1, " "1, " "1, " "1, " "1, " "1, " "1, " "1, " "1, " "1, " "1, " "1, " "1, " "1, " "1, " "1, " "1, " "1, " "1, " "1, " "1, " "1, " "1, " "1, " "1, " "1, " "1, " "1, " "1, " "1, " "1, " "1, " "1, " "1, " "1, " "1, " "1, " "1, " "1, " "1, " "1, " "1, " "1, " "1, " "1, " "1, " "1, " "1, " "1, " "1, " "1, " "1, " "1, " "1, " "1, " "1, " "1, " "1, " "1, " "1, " "1, " "1, " "1, " "1, " "1, " "1, " "1, " "1, "0
 "Nei45, 0.206, " "-0.939, " "1, " "1, " "1, " "1, " "1, " "1, " "1, " "1, " "1, " "1, " "1, " "1, " "1, " "1, " "1, " "1, " "1, " "1, " "1, " "1, " "1, " "1, " "1, " "1, " "1, " "1, " "1, " "1, " "1, " "1, " "1, " "1, " "1, " "1, " "1, " "1, " "1, " "1, " "1, " "1, " "1, " "1, " "1, " "1, " "1, " "0, " "1, " "1, " "1, " "1, " "1, " "1, " "1, " "1, " "1, " "1, " "1, " "1, " "1, " "1, " "1, " "1, " "1, " "1, " "1, " "1, " "1, " "1, " "1, " "1, " "1, " "1, " "1, " "1, " "1, " "1, " "1, " "1, " "1, " "1, " "1, " "1, " "1, " "1, " "1, " "1, " "1, " "1, " "1, " "1, " "1, " "1, " "1, " "1, " "1, " "1, " "1, " "1, " "1, " "1, " "1, " "1, " "1, " "1, " "1, " "1, " "1, " "1, " "1, " "1, " "1, " "1, " "1, " "1, " "1, " "1, " "1, " "1, " "1, " "1, " "1, " "1, " "1, " "1, " "1, " "1, " "1, " "1, " "1, "0
 "Nei46, 0.479, " "-0.399, " "1, " "1, " "1, " "1, " "1, " "1, " "1, " "1, " "1, " "1, " "1, " "1, " "1, " "1, " "1, " "1, " "1, " "1, " "1, " "1, " "1, " "1, " "1, " "1, " "1, " "1, " "1, " "1, " "1, " "1, " "1, " "1, " "1, " "1, " "1, " "1, " "1, " "1, " "1, " "1, " "1, " "1, " "1, " "1, " "1, " "1, " "0, " "1, " "1, " "1, " "1, " "1, " "1, " "1, " "1, " "1, " "1, " "1, " "1, " "1, " "1, " "1, " "1, " "1, " "1, " "1, " "1, " "1, " "1, " "1, " "1, " "1, " "1, " "1, " "1, " "1, " "1, " "1, " "1, " "1, " "1, " "1, " "1, " "1, " "1, " "1, " "1, " "1, " "1, " "1, " "1, " "1, " "1, " "1, " "1, " "1, " "1, " "1, " "1, " "1, " "1, " "1, " "1, " "1, " "1, " "1, " "1, " "1, " "1, " "1, " "1, " "1, " "1, " "1, " "1, " "1, " "1, " "1, " "1, " "1, " "1, " "1, " "1, " "1, " "1, " "1, " "1, " "1, " "1, "0
 "Nei47, 0.161, " "-0.844, " "1, " "1, " "1, " "1, " "1, " "1, " "1, " "1, " "1, " "1, " "1, " "1, " "1, " "1, " "1, " "1, " "1, " "1, " "1, " "1, " "1, " "1, " "1, " "1, " "1, " "1, " "1, " "1, " "1, " "1, " "1, " "1, " "1, " "1, " "1, " "1, " "1, " "1, " "1, " "1, " "1, " "1, " "1, " "1, " "1, " "1, " "1, " "0, " "1, " "1, " "1, " "1, " "1, " "1, " "1, " "1, " "1, " "1, " "1, " "1, " "1, " "1, " "1, " "1, " "1, " "1, " "1, " "1, " "1, " "1, " "1, " "1, " "1, " "1, " "1, " "1, " "1, " "1, " "1, " "1, " "1, " "1, " "1, " "1, " "1, " "1, " "1, " "1, " "1, " "1, " "1, " "1, " "1, " "1, " "1, " "1, " "1, " "1, " "1, " "1, " "1, " "1, " "1, " "1, " "1, " "1, " "1, " "1, " "1, " "1, " "1, " "1, " "1, " "1, " "1, " "1, " "1, " "1, " "1, " "1, " "1, " "1, " "1, " "1, " "1, " "1, " "1, " "1, " "1, "0
 "Nei48, 0.39, " "0.893, " "1, " "1, " "1, " "1, " "1, " "1, " "1, " "1, " "1, " "1, " "1, " "1, " "1, " "1, " "1, " "1, " "1, " "1, " "1, " "1, " "1, " "1, " "1, " "1, " "1, " "1, " "1, " "1, " "1, " "1, " "1, " "1, " "1, " "1, " "1, " "1, " "1, " "1, " "1, " "1, " "1, " "1, " "1, " "1, " "1, " "1, " "1, " "1, " "0, " "1, " "1, " "1, " "1, " "1, " "1, " "1, " "1, " "1, " "1, " "1, " "1, " "1, " "1, " "1, " "1, " "1, " "1, " "1, " "1, " "1, " "1, " "1, " "1, " "1, " "1, " "1, " "1, " "1, " "1, " "1, " "1, " "1, " "1, " "1, " "1, " "1, " "1, " "1, " "1, " "1, " "1, " "1, " "1, " "1, " "1, " "1, " "1, " "1, " "1, " "1, " "1, " "1, " "1, " "1, " "1, " "1, " "1, " "1, " "1, " "1, " "1, " "1, " "1, " "1, " "1, " "1, " "1, " "1, " "1, " "1, " "1, " "1, " "1, " "1, " "1, " "1, " "1, " "1, " "1, "0
 "Nei49, 0.236, " "-0.931, " "1, " "1, " "1, " "1, " "1, " "1, " "1, " "1, " "1, " "1, " "1, " "1, " "1, " "1, " "1, " "1, " "1, " "1, " "1, " "1, " "1, " "1, " "1, " "1, " "1, " "1, " "1, " "1, " "1, " "1, " "1, " "1, " "1, " "1, " "1, " "1, " "1, " "1, " "1, " "1, " "1, " "1, " "1, " "1, " "1, " "1, " "1, " "1, " "1, " "0, " "1, " "1, " "1, " "1, " "1, " "1, " "1, " "1, " "1, " "1, " "1, " "1, " "1, " "1, " "1, " "1, " "1, " "1, " "1, " "1, " "1, " "1, " "1, " "1, " "1, " "1, " "1, " "1, " "1, " "1, " "1, " "1, " "1, " "1, " "1, " "1, " "1, " "1, " "1, " "1, " "1, " "1, " "1, " "1, " "1, " "1, " "1, " "1, " "1, " "1, " "1, " "1, " "1, " "1, " "1, " "1, " "1, " "1, " "1, " "1, " "1, " "1, " "1, " "1, " "1, " "1, " "1, " "1, " "1, " "1, " "1, " "1, " "1, " "1, " "1, " "1, " "1, " "1, " "1, "0
 "Nei50, 0.151, " "0.4, " "1, " "1, " "1, " "1, " "1, " "1, " "1, " "1, " "1, " "1, " "1, " "1, " "1, " "1, " "1, " "1, " "1, " "1, " "1, " "1, " "1, " "1, " "1, " "1, " "1, " "1, " "1, " "1, " "1, " "1, " "1, " "1, " "1, " "1, " "1, " "1, " "1, " "1, " "1, " "1, " "1, " "1, " "1, " "1, " "1, " "1, " "1, " "1, " "1, " "1, " "0, " "1, " "1, " "1, " "1, " "1, " "1, " "1, " "1, " "1, " "1, " "1, " "1, " "1, " "1, " "1, " "1, " "1, " "1, " "1, " "1, " "1, " "1, " "1, " "1, " "1, " "1, " "1, " "1, " "1, " "1, " "1, " "1, " "1, " "1, " "1, " "1, " "1, " "1, " "1, " "1, " "1, " "1, " "1, " "1, " "1, " "1, " "1, " "1, " "1, " "1, " "1, " "1, " "1, " "1, " "1, " "1, " "1, " "1, " "1, " "1, " "1, " "1, " "1, " "1, " "1, " "1, " "1, " "1, " "1, " "1, " "1, " "1, " "1, " "1, " "1, " "1, " "1, " "1, "0
 "Nei51, 0.305, " "-0.356, " "1, " "1, " "1, " "1, " "1, " "1, " "1, " "1, " "1, " "1, " "1, " "1, " "1, " "1, " "1, " "1, " "1, " "1, " "1, " "1, " "1, " "1, " "1, " "1, " "1, " "1, " "1, " "1, " "1, " "1, " "1, " "1, " "1, " "1, " "1, " "1, " "1, " "1, " "1, " "1, " "1, " "1, " "1, " "1, " "1, " "1, " "1, " "1, " "1, " "1, " "1, " "0, " "1, " "1, " "1, " "1, " "1, " "1, " "1, " "1, " "1, " "1, " "1, " "1, " "1, " "1, " "1, " "1, " "1, " "1, " "1, " "1, " "1, " "1, " "1, " "1, " "1, " "1, " "1, " "1, " "1, " "1, " "1, " "1, " "1, " "1, " "1, " "1, " "1, " "1, " "1, " "1, " "1, " "1, " "1, " "1, " "1, " "1, " "1, " "1, " "1, " "1, " "1, " "1, " "1, " "1, " "1, " "1, " "1, " "1, " "1, " "1, " "1, " "1, " "1, " "1, " "1, " "1, " "1, " "1, " "1, " "1, " "1, " "1, " "1, " "1, " "1, " "1, " "1, "0
 "Nei52, 0.15, " "-0.718, " "1, " "1, " "1, " "1, " "1, " "1, " "1, " "1, " "1, " "1, " "1, " "1, " "1, " "1, " "1, " "1, " "1, " "1, " "1, " "1, " "1, " "1, " "1, " "1, " "1, " "1, " "1, " "1, " "1, " "1, " "1, " "1, " "1, " "1, " "1, " "1, " "1, " "1, " "1, " "1, " "1, " "1, " "1, " "1, " "1, " "1, " "1, " "1, " "1, " "1, " "1, " "1, " "0, " "1, " "1, " "1, " "1, " "1, " "1, " "1, " "1, " "1, " "1, " "1, " "1, " "1, " "1, " "1, " "1, " "1, " "1, " "1, " "1, " "1, " "1, " "1, " "1, " "1, " "1, " "1, " "1, " "1, " "1, " "1, " "1, " "1, " "1, " "1, " "1, " "1, " "1, " "1, " "1, " "1, " "1, " "1, " "1, " "1, " "1, " "1, " "1, " "1, " "1, " "1, " "1, " "1, " "1, " "1, " "1, " "1, " "1, " "1, " "1, " "1, " "1, " "1, " "1, " "1, " "1, " "1, " "1, " "1, " "1, " "1, " "1, " "1, " "1, " "1, " "1, "0
 "Nei53, 0.132, " "-0.09, " "1, " "1, " "1, " "1, " "1, " "1, " "1, " "1, " "1, " "1, " "1, " "1, " "1, " "1, " "1, " "1, " "1, " "1, " "1, " "1, " "1, " "1, " "1, " "1, " "1, " "1, " "1, " "1, " "1, " "1, " "1, " "1, " "1, " "1, " "1, " "1, " "1, " "1, " "1, " "1, " "1, " "1, " "1, " "1, " "1, " "1, " "1, " "1, " "1, " "1, " "1, " "1, " "1, " "0, " "1, " "1, " "1, " "1, " "1, " "1, " "1, " "1, " "1, " "1, " "1, " "1, " "1, " "1, " "1, " "1, " "1, " "1, " "1, " "1, " "1, " "1, " "1, " "1, " "1, " "1, " "1, " "1, " "1, " "1, " "1, " "1, " "1, " "1, " "1, " "1, " "1, " "1, " "1, " "1, " "1, " "1, " "1, " "1, " "1, " "1, " "1, " "1, " "1, " "1, " "1, " "1, " "1, " "1, " "1, " "1, " "1, " "1, " "1, " "1, " "1, " "1, " "1, " "1, " "1, " "1, " "1, " "1, " "1, " "1, " "1, " "1, " "1, " "1, " "1, "0
 "Nei54, 0.496, " "-0.642, " "1, " "1, " "1, " "1, " "1, " "1, " "1, " "1, " "1, " "1, " "1, " "1, " "1, " "1, " "1, " "1, " "1, " "1, " "1, " "1, " "1, " "1, " "1, " "1, " "1, " "1, " "1, " "1, " "1, " "1, " "1, " "1, " "1, " "1, " "1, " "1, " "1, " "1, " "1, " "1, " "1, " "1, " "1, " "1, " "1, " "1, " "1, " "1, " "1, " "1, " "1, " "1, " "1, " "1, " "0, " "1, " "1, " "1, " "1, " "1, " "1, " "1, " "1, " "1, " "1, " "1, " "1, " "1, " "1, " "1, " "1, " "1, " "1, " "1, " "1, " "1, " "1, " "1, " "1, " "1, " "1, " "1, " "1, " "1, " "1, " "1, " "1, " "1, " "1, " "1, " "1, " "1, " "1, " "1, " "1, " "1, " "1, " "1, " "1, " "1, " "1, " "1, " "1, " "1, " "1, " "1, " "1, " "1, " "1, " "1, " "1, " "1, " "1, " "1, " "1, " "1, " "1, " "1, " "1, " "1, " "1, " "1, " "1, " "1, " "1, " "1, " "1, " "1, " "1, "0
 "Nei55, 0.194, " "-0.815, " "1, " "1, " "1, " "1, " "1, " "1, " "1, " "1, " "1, " "1, " "1, " "1, " "1, " "1, " "1, " "1, " "1, " "1, " "1, " "1, " "1, " "1, " "1, " "1, " "1, " "1, " "1, " "1, " "1, " "1, " "1, " "1, " "1, " "1, " "1, " "1, " "1, " "1, " "1, " "1, " "1, " "1, " "1, " "1, " "1, " "1, " "1, " "1, " "1, " "1, " "1, " "1, " "1, " "1, " "1, " "0, " "1, " "1, " "1, " "1, " "1, " "1, " "1, " "1, " "1, " "1, " "1, " "1, " "1, " "1, " "1, " "1, " "1, " "1, " "1, " "1, " "1, " "1, " "1, " "1, " "1, " "1, " "1, " "1, " "1, " "1, " "1, " "1, " "1, " "1, " "1, " "1, " "1, " "1, " "1, " "1, " "1, " "1, " "1, " "1, " "1, " "1, " "1, " "1, " "1, " "1, " "1, " "1, " "1, " "1, " "1, " "1, " "1, " "1, " "1, " "1, " "1, " "1, " "1, " "1, " "1, " "1, " "1, " "1, " "1, " "1, " "1, " "1, " "1, "0
 "Nei56, 0.302, " "-0.895, " "1, " "1, " "1, " "1, " "1, " "1, " "1, " "1, " "1, " "1, " "1, " "1, " "1, " "1, " "1, " "1, " "1, " "1, " "1, " "1, " "1, " "1, " "1, " "1, " "1, " "1, " "1, " "1, " "1, " "1, " "1, " "1, " "1, " "1, " "1, " "1, " "1, " "1, " "1, " "1, " "1, " "1, " "1, " "1, " "1, " "1, " "1, " "1, " "1, " "1, " "1, " "1, " "1, " "1, " "1, " "1, " "0, " "1, " "1, " "1, " "1, " "1, " "1, " "1, " "1, " "1, " "1, " "1, " "1, " "1, " "1, " "1, " "1, " "1, " "1, " "1, " "1, " "1, " "1, " "1, " "1, " "1, " "1, " "1, " "1, " "1, " "1, " "1, " "1, " "1, " "1, " "1, " "1, " "1, " "1, " "1, " "1, " "1, " "1, " "1, " "1, " "1, " "1, " "1, " "1, " "1, " "1, " "1, " "1, " "1, " "1, " "1, " "1, " "1, " "1, " "1, " "1, " "1, " "1, " "1, " "1, " "1, " "1, " "1, " "1, " "1, " "1, " "1, " "1, "0
 "Nei57, 0.198, " "0.409, " "1, " "1, " "1, " "1, " "1, " "1, " "1, " "1, " "1, " "1, " "1, " "1, " "1, " "1, " "1, " "1, " "1, " "1, " "1, " "1, " "1, " "1, " "1, " "1, " "1, " "1, " "1, " "1, " "1, " "1, " "1, " "1, " "1, " "1, " "1, " "1, " "1, " "1, " "1, " "1, " "1, " "1, " "1, " "1, " "1, " "1, " "1, " "1, " "1, " "1, " "1, " "1, " "1, " "1, " "1, " "1, " "1, " "0, " "1, " "1, " "1, " "1, " "1, " "1, " "1, " "1, " "1, " "1, " "1, " "1, " "1, " "1, " "1, " "1, " "1, " "1, " "1, " "1, " "1, " "1, " "1, " "1, " "1, " "1, " "1, " "1, " "1, " "1, " "1, " "1, " "1, " "1, " "1, " "1, " "1, " "1, " "1, " "1, " "1, " "1, " "1, " "1, " "1, " "1, " "1, " "1, " "1, " "1, " "1, " "1, " "1, " "1, " "1, " "1, " "1, " "1, " "1, " "1, " "1, " "1, " "1, " "1, " "1, " "1, " "1, " "1, " "1, " "1, " "1, "0
 "Nei58, 0.573, " "-0.399, " "1, " "1, " "1, " "1, " "1, " "1, " "1, " "1, " "1, " "1, " "1, " "1, " "1, " "1, " "1, " "1, " "1, " "1, " "1, " "1, " "1, " "1, " "1, " "1, " "1, " "1, " "1, " "1, " "1, " "1, " "1, " "1, " "1, " "1, " "1, " "1, " "1, " "1, " "1, " "1, " "1, " "1, " "1, " "1, " "1, " "1, " "1, " "1, " "1, " "1, " "1, " "1, " "1, " "1, " "1, " "1, " "1, " "1, " "0, " "1, " "1, " "1, " "1, " "1, " "1, " "1, " "1, " "1, " "1, " "1, " "1, " "1, " "1, " "1, " "1, " "1, " "1, " "1, " "1, " "1, " "1, " "1, " "1, " "1, " "1, " "1, " "1, " "1, " "1, " "1, " "1, " "1, " "1, " "1, " "1, " "1, " "1, " "1, " "1, " "1, " "1, " "1, " "1, " "1, " "1, " "1, " "1, " "1, " "1, " "1, " "1, " "1, " "1, " "1, " "1, " "1, " "1, " "1, " "1, " "1, " "1, " "1, " "1, " "1, " "1, " "1, " "1, " "1, " "1, "0
 "Nei59, 0.141, " "0.921, " "1, " "1, " "1, " "1, " "1, " "1, " "1, " "1, " "1, " "1, " "1, " "1, " "1, " "1, " "1, " "1, " "1, " "1, " "1, " "1, " "1, " "1, " "1, " "1, " "1, " "1, " "1, " "1, " "1, " "1, " "1, " "1, " "1, " "1, " "1, " "1, " "1, " "1, " "1, " "1, " "1, " "1, " "1, " "1, " "1, " "1, " "1, " "1, " "1, " "1, " "1, " "1, " "1, " "1, " "1, " "1, " "1, " "1, " "1, " "0, " "1, " "1, " "1, " "1, " "1, " "1, " "1, " "1, " "1, " "1, " "1, " "1, " "1, " "1, " "1, " "1, " "1, " "1, " "1, " "1, " "1, " "1, " "1, " "1, " "1, " "1, " "1, " "1, " "1, " "1, " "1, " "1, " "1, " "1, " "1, " "1, " "1, " "1, " "1, " "1, " "1, " "1, " "1, " "1, " "1, " "1, " "1, " "1, " "1, " "1, " "1, " "1, " "1, " "1, " "1, " "1, " "1, " "1, " "1, " "1, " "1, " "1, " "1, " "1, " "1, " "1, " "1, " "1, " "1, "0
 "Nei60, 0.268, " "0.735, " "1, " "1, " "1, " "1, " "1, " "1, " "1, " "1, " "1, " "1, " "1, " "1, " "1, " "1, " "1, " "1, " "1, " "1, " "1, " "1, " "1, " "1, " "1, " "1, " "1, " "1, " "1, " "1, " "1, " "1, " "1, " "1, " "1, " "1, " "1, " "1, " "1, " "1, " "1, " "1, " "1, " "1, " "1, " "1, " "1, " "1, " "1, " "1, " "1, " "1, " "1, " "1, " "1, " "1, " "1, " "1, " "1, " "1, " "1, " "1, " "0, " "1, " "1, " "1, " "1, " "1, " "1, " "1, " "1, " "1, " "1, " "1, " "1, " "1, " "1, " "1, " "1, " "1, " "1, " "1, " "1, " "1, " "1, " "1, " "1, " "1, " "1, " "1, " "1, " "1, " "1, " "1, " "1, " "1, " "1, " "1, " "1, " "1, " "1, " "1, " "1, " "1, " "1, " "1, " "1, " "1, " "1, " "1, " "1, " "1, " "1, " "1, " "1, " "1, " "1, " "1, " "1, " "1, " "1, " "1, " "1, " "1, " "1, " "1, " "1, " "1, " "1, " "1, " "1, "0
 "Nei61, 0.099, " "0.794, " "1, " "1, " "1, " "1, " "1, " "1, " "1, " "1, " "1, " "1, " "1, " "1, " "1, " "1, " "1, " "1, " "1, " "1, " "1, " "1, " "1, " "1, " "1, " "1, " "1, " "1, " "1, " "1, " "1, " "1, " "1, " "1, " "1, " "1, " "1, " "1, " "1, " "1, " "1, " "1, " "1, " "1, " "1, " "1, " "1, " "1, " "1, " "1, " "1, " "1, " "1, " "1, " "1, " "1, " "1, " "1, " "1, " "1, " "1, " "1, " "1, " "0, " "1, " "1, " "1, " "1, " "1, " "1, " "1, " "1, " "1, " "1, " "1, " "1, " "1, " "1, " "1, " "1, " "1, " "1, " "1, " "1, " "1, " "1, " "1, " "1, " "1, " "1, " "1, " "1, " "1, " "1, " "1, " "1, " "1, " "1, " "1, " "1, " "1, " "1, " "1, " "1, " "1, " "1, " "1, " "1, " "1, " "1, " "1, " "1, " "1, " "1, " "1, " "1, " "1, " "1, " "1, " "1, " "1, " "1, " "1, " "1, " "1, " "1, " "1, " "1, " "1, " "1, " "1, "0
 "Nei62, 0.159, " "-0.11, " "1, " "1, " "1, " "1, " "1, " "1, " "1, " "1, " "1, " "1, " "1, " "1, " "1, " "1, " "1, " "1, " "1, " "1, " "1, " "1, " "1, " "1, " "1, " "1, " "1, " "1, " "1, " "1, " "1, " "1, " "1, " "1, " "1, " "1, " "1, " "1, " "1, " "1, " "1, " "1, " "1, " "1, " "1, " "1, " "1, " "1, " "1, " "1, " "1, " "1, " "1, " "1, " "1, " "1, " "1, " "1, " "1, " "1, " "1, " "1, " "1, " "1, " "0, " "1, " "1, " "1, " "1, " "1, " "1, " "1, " "1, " "1, " "1, " "1, " "1, " "1, " "1, " "1, " "1, " "1, " "1, " "1, " "1, " "1, " "1, " "1, " "1, " "1, " "1, " "1, " "1, " "1, " "1, " "1, " "1, " "1, " "1, " "1, " "1, " "1, " "1, " "1, " "1, " "1, " "1, " "1, " "1, " "1, " "1, " "1, " "1, " "1, " "1, " "1, " "1, " "1, " "1, " "1, " "1, " "1, " "1, " "1, " "1, " "1, " "1, " "1, " "1, " "1, " "1, "0
 "Nei63, 0.351, " "0.596, " "1, " "1, " "1, " "1, " "1, " "1, " "1, " "1, " "1, " "1, " "1, " "1, " "1, " "1, " "1, " "1, " "1, " "1, " "1, " "1, " "1, " "1, " "1, " "1, " "1, " "1, " "1, " "1, " "1, " "1, " "1, " "1, " "1, " "1, " "1, " "1, " "1, " "1, " "1, " "1, " "1, " "1, " "1, " "1, " "1, " "1, " "1, " "1, " "1, " "1, " "1, " "1, " "1, " "1, " "1, " "1, " "1, " "1, " "1, " "1, " "1, " "1, " "1, " "0, " "1, " "1, " "1, " "1, " "1, " "1, " "1, " "1, " "1, " "1, " "1, " "1, " "1, " "1, " "1, " "1, " "1, " "1, " "1, " "1, " "1, " "1, " "1, " "1, " "1, " "1, " "1, " "1, " "1, " "1, " "1, " "1, " "1, " "1, " "1, " "1, " "1, " "1, " "1, " "1, " "1, " "1, " "1, " "1, " "1, " "1, " "1, " "1, " "1, " "1, " "1, " "1, " "1, " "1, " "1, " "1, " "1, " "1, " "1, " "1, " "1, " "1, " "1, " "1, " "1, "0
 "Nei64, 0.029, " "-0.31, " "1, " "1, " "1, " "1, " "1, " "1, " "1, " "1, " "1, " "1, " "1, " "1, " "1, " "1, " "1, " "1, " "1, " "1, " "1, " "1, " "1, " "1, " "1, " "1, " "1, " "1, " "1, " "1, " "1, " "1, " "1, " "1, " "1, " "1, " "1, " "1, " "1, " "1, " "1, " "1, " "1, " "1, " "1, " "1, " "1, " "1, " "1, " "1, " "1, " "1, " "1, " "1, " "1, " "1, " "1, " "1, " "1, " "1, " "1, " "1, " "1, " "1, " "1, " "1, " "0, " "1, " "1, " "1, " "1, " "1, " "1, " "1, " "1, " "1, " "1, " "1, " "1, " "1, " "1, " "1, " "1, " "1, " "1, " "1, " "1, " "1, " "1, " "1, " "1, " "1, " "1, " "1, " "1, " "1, " "1, " "1, " "1, " "1, " "1, " "1, " "1, " "1, " "1, " "1, " "1, " "1, " "1, " "1, " "1, " "1, " "1, " "1, " "1, " "1, " "1, " "1, " "1, " "1, " "1, " "1, " "1, " "1, " "1, " "1, " "1, " "1, " "1, " "1, " "1, "0
 "Nei65, 0.287, " "-0.926, " "1, " "1, " "1, " "1, " "1, " "1, " "1, " "1, " "1, " "1, " "1, " "1, " "1, " "1, " "1, " "1, " "1, " "1, " "1, " "1, " "1, " "1, " "1, " "1, " "1, " "1, " "1, " "1, " "1, " "1, " "1, " "1, " "1, " "1, " "1, " "1, " "1, " "1, " "1, " "1, " "1, " "1, " "1, " "1, " "1, " "1, " "1, " "1, " "1, " "1, " "1, " "1, " "1, " "1, " "1, " "1, " "1, " "1, " "1, " "1, " "1, " "1, " "1, " "1, " "1, " "0, " "1, " "1, " "1, " "1, " "1, " "1, " "1, " "1, " "1, " "1, " "1, " "1, " "1, " "1, " "1, " "1, " "1, " "1, " "1, " "1, " "1, " "1, " "1, " "1, " "1, " "1, " "1, " "1, " "1, " "1, " "1, " "1, " "1, " "1, " "1, " "1, " "1, " "1, " "1, " "1, " "1, " "1, " "1, " "1, " "1, " "1, " "1, " "1, " "1, " "1, " "1, " "1, " "1, " "1, " "1, " "1, " "1, " "1, " "1, " "1, " "1, " "1, " "1, "0
 "Nei66, 0.323, " "0.565, " "1, " "1, " "1, " "1, " "1, " "1, " "1, " "1, " "1, " "1, " "1, " "1, " "1, " "1, " "1, " "1, " "1, " "1, " "1, " "1, " "1, " "1, " "1, " "1, " "1, " "1, " "1, " "1, " "1, " "1, " "1, " "1, " "1, " "1, " "1, " "1, " "1, " "1, " "1, " "1, " "1, " "1, " "1, " "1, " "1, " "1, " "1, " "1, " "1, " "1, " "1, " "1, " "1, " "1, " "1, " "1, " "1, " "1, " "1, " "1, " "1, " "1, " "1, " "1, " "1, " "1, " "0, " "1, " "1, " "1, " "1, " "1, " "1, " "1, " "1, " "1, " "1, " "1, " "1, " "1, " "1, " "1, " "1, " "1, " "1, " "1, " "1, " "1, " "1, " "1, " "1, " "1, " "1, " "1, " "1, " "1, " "1, " "1, " "1, " "1, " "1, " "1, " "1, " "1, " "1, " "1, " "1, " "1, " "1, " "1, " "1, " "1, " "1, " "1, " "1, " "1, " "1, " "1, " "1, " "1, " "1, " "1, " "1, " "1, " "1, " "1, " "1, " "1, " "1, "0
 "Nei67, 0.519, " "-0.835, " "1, " "1, " "1, " "1, " "1, " "1, " "1, " "1, " "1, " "1, " "1, " "1, " "1, " "1, " "1, " "1, " "1, " "1, " "1, " "1, " "1, " "1, " "1, " "1, " "1, " "1, " "1, " "1, " "1, " "1, " "1, " "1, " "1, " "1, " "1, " "1, " "1, " "1, " "1, " "1, " "1, " "1, " "1, " "1, " "1, " "1, " "1, " "1, " "1, " "1, " "1, " "1, " "1, " "1, " "1, " "1, " "1, " "1, " "1, " "1, " "1, " "1, " "1, " "1, " "1, " "1, " "1, " "0, " "1, " "1, " "1, " "1, " "1, " "1, " "1, " "1, " "1, " "1, " "1, " "1, " "1, " "1, " "1, " "1, " "1, " "1, " "1, " "1, " "1, " "1, " "1, " "1, " "1, " "1, " "1, " "1, " "1, " "1, " "1, " "1, " "1, " "1, " "1, " "1, " "1, " "1, " "1, " "1, " "1, " "1, " "1, " "1, " "1, " "1, " "1, " "1, " "1, " "1, " "1, " "1, " "1, " "1, " "1, " "1, " "1, " "1, " "1, " "1, " "1, "0
 "Nei68, 0.437, " "-0.837, " "1, " "1, " "1, " "1, " "1, " "1, " "1, " "1, " "1, " "1, " "1, " "1, " "1, " "1, " "1, " "1, " "1, " "1, " "1, " "1, " "1, " "1, " "1, " "1, " "1, " "1, " "1, " "1, " "1, " "1, " "1, " "1, " "1, " "1, " "1, " "1, " "1, " "1, " "1, " "1, " "1, " "1, " "1, " "1, " "1, " "1, " "1, " "1, " "1, " "1, " "1, " "1, " "1, " "1, " "1, " "1, " "1, " "1, " "1, " "1, " "1, " "1, " "1, " "1, " "1, " "1, " "1, " "1, " "0, " "1, " "1, " "1, " "1, " "1, " "1, " "1, " "1, " "1, " "1, " "1, " "1, " "1, " "1, " "1, " "1, " "1, " "1, " "1, " "1, " "1, " "1, " "1, " "1, " "1, " "1, " "1, " "1, " "1, " "1, " "1, " "1, " "1, " "1, " "1, " "1, " "1, " "1, " "1, " "1, " "1, " "1, " "1, " "1, " "1, " "1, " "1, " "1, " "1, " "1, " "1, " "1, " "1, " "1, " "1, " "1, " "1, " "1, " "1, " "1, "0
 "Nei69, 0.483, " "-0.461, " "1, " "1, " "1, " "1, " "1, " "1, " "1, " "1, " "1, " "1, " "1, " "1, " "1, " "1, " "1, " "1, " "1, " "1, " "1, " "1, " "1, " "1, " "1, " "1, " "1, " "1, " "1, " "1, " "1, " "1, " "1, " "1, " "1, " "1, " "1, " "1, " "1, " "1, " "1, " "1, " "1, " "1, " "1, " "1, " "1, " "1, " "1, " "1, " "1, " "1, " "1, " "1, " "1, " "1, " "1, " "1, " "1, " "1, " "1, " "1, " "1, " "1, " "1, " "1, " "1, " "1, " "1, " "1, " "1, " "0, " "1, " "1, " "1, " "1, " "1, " "1, " "1, " "1, " "1, " "1, " "1, " "1, " "1, " "1, " "1, " "1, " "1, " "1, " "1, " "1, " "1, " "1, " "1, " "1, " "1, " "1, " "1, " "1, " "1, " "1, " "1, " "1, " "1, " "1, " "1, " "1, " "1, " "1, " "1, " "1, " "1, " "1, " "1, " "1, " "1, " "1, " "1, " "1, " "1, " "1, " "1, " "1, " "1, " "1, " "1, " "1, " "1, " "1, " "1, "0
 "Nei70, 0.083, " "-0.233, " "1, " "1, " "1, " "1, " "1, " "1, " "1, " "1, " "1, " "1, " "1, " "1, " "1, " "1, " "1, " "1, " "1, " "1, " "1, " "1, " "1, " "1, " "1, " "1, " "1, " "1, " "1, " "1, " "1, " "1, " "1, " "1, " "1, " "1, " "1, " "1, " "1, " "1, " "1, " "1, " "1, " "1, " "1, " "1, " "1, " "1, " "1, " "1, " "1, " "1, " "1, " "1, " "1, " "1, " "1, " "1, " "1, " "1, " "1, " "1, " "1, " "1, " "1, " "1, " "1, " "1, " "1, " "1, " "1, " "1, " "0, " "1, " "1, " "1, " "1, " "1, " "1, " "1, " "1, " "1, " "1, " "1, " "1, " "1, " "1, " "1, " "1, " "1, " "1, " "1, " "1, " "1, " "1, " "1, " "1, " "1, " "1, " "1, " "1, " "1, " "1, " "1, " "1, " "1, " "1, " "1, " "1, " "1, " "1, " "1, " "1, " "1, " "1, " "1, " "1, " "1, " "1, " "1, " "1, " "1, " "1, " "1, " "1, " "1, " "1, " "1, " "1, " "1, " "1, "0
 "Nei71, 0.22, " "-0.573, " "1, " "1, " "1, " "1, " "1, " "1, " "1, " "1, " "1, " "1, " "1, " "1, " "1, " "1, " "1, " "1, " "1, " "1, " "1, " "1, " "1, " "1, " "1, " "1, " "1, " "1, " "1, " "1, " "1, " "1, " "1, " "1, " "1, " "1, " "1, " "1, " "1, " "1, " "1, " "1, " "1, " "1, " "1, " "1, " "1, " "1, " "1, " "1, " "1, " "1, " "1, " "1, " "1, " "1, " "1, " "1, " "1, " "1, " "1, " "1, " "1, " "1, " "1, " "1, " "1, " "1, " "1, " "1, " "1, " "1, " "1, " "0, " "1, " "1, " "1, " "1, " "1, " "1, " "1, " "1, " "1, " "1, " "1, " "1, " "1, " "1, " "1, " "1, " "1, " "1, " "1, " "1, " "1, " "1, " "1, " "1, " "1, " "1, " "1, " "1, " "1, " "1, " "1, " "1, " "1, " "1, " "1, " "1, " "1, " "1, " "1, " "1, " "1, " "1, " "1, " "1, " "1, " "1, " "1, " "1, " "1, " "1, " "1, " "1, " "1, " "1, " "1, " "1, " "1, "0
 "Nei72, 0.211, " "0.6, " "1, " "1, " "1, " "1, " "1, " "1, " "1, " "1, " "1, " "1, " "1, " "1, " "1, " "1, " "1, " "1, " "1, " "1, " "1, " "1, " "1, " "1, " "1, " "1, " "1, " "1, " "1, " "1, " "1, " "1, " "1, " "1, " "1, " "1, " "1, " "1, " "1, " "1, " "1, " "1, " "1, " "1, " "1, " "1, " "1, " "1, " "1, " "1, " "1, " "1, " "1, " "1, " "1, " "1, " "1, " "1, " "1, " "1, " "1, " "1, " "1, " "1, " "1, " "1, " "1, " "1, " "1, " "1, " "1, " "1, " "1, " "1, " "0, " "1, " "1, " "1, " "1, " "1, " "1, " "1, " "1, " "1, " "1, " "1, " "1, " "1, " "1, " "1, " "1, " "1, " "1, " "1, " "1, " "1, " "1, " "1, " "1, " "1, " "1, " "1, " "1, " "1, " "1, " "1, " "1, " "1, " "1, " "1, " "1, " "1, " "1, " "1, " "1, " "1, " "1, " "1, " "1, " "1, " "1, " "1, " "1, " "1, " "1, " "1, " "1, " "1, " "1, " "1, " "1, "0
 "Nei73, 0.271, " "-0.182, " "1, " "1, " "1, " "1, " "1, " "1, " "1, " "1, " "1, " "1, " "1, " "1, " "1, " "1, " "1, " "1, " "1, " "1, " "1, " "1, " "1, " "1, " "1, " "1, " "1, " "1, " "1, " "1, " "1, " "1, " "1, " "1, " "1, " "1, " "1, " "1, " "1, " "1, " "1, " "1, " "1, " "1, " "1, " "1, " "1, " "1, " "1, " "1, " "1, " "1, " "1, " "1, " "1, " "1, " "1, " "1, " "1, " "1, " "1, " "1, " "1, " "1, " "1, " "1, " "1, " "1, " "1, " "1, " "1, " "1, " "1, " "1, " "1, " "0, " "1, " "1, " "1, " "1, " "1, " "1, " "1, " "1, " "1, " "1, " "1, " "1, " "1, " "1, " "1, " "1, " "1, " "1, " "1, " "1, " "1, " "1, " "1, " "1, " "1, " "1, " "1, " "1, " "1, " "1, " "1, " "1, " "1, " "1, " "1, " "1, " "1, " "1, " "1, " "1, " "1, " "1, " "1, " "1, " "1, " "1, " "1, " "1, " "1, " "1, " "1, " "1, " "1, " "1, " "1, "0
 "Nei74, 0.134, " "0.951, " "1, " "1, " "1, " "1, " "1, " "1, " "1, " "1, " "1, " "1, " "1, " "1, " "1, " "1, " "1, " "1, " "1, " "1, " "1, " "1, " "1, " "1, " "1, " "1, " "1, " "1, " "1, " "1, " "1, " "1, " "1, " "1, " "1, " "1, " "1, " "1, " "1, " "1, " "1, " "1, " "1, " "1, " "1, " "1, " "1, " "1, " "1, " "1, " "1, " "1, " "1, " "1, " "1, " "1, " "1, " "1, " "1, " "1, " "1, " "1, " "1, " "1, " "1, " "1, " "1, " "1, " "1, " "1, " "1, " "1, " "1, " "1, " "1, " "1, " "0, " "1, " "1, " "1, " "1, " "1, " "1, " "1, " "1, " "1, " "1, " "1, " "1, " "1, " "1, " "1, " "1, " "1, " "1, " "1, " "1, " "1, " "1, " "1, " "1, " "1, " "1, " "1, " "1, " "1, " "1, " "1, " "1, " "1, " "1, " "1, " "1, " "1, " "1, " "1, " "1, " "1, " "1, " "1, " "1, " "1, " "1, " "1, " "1, " "1, " "1, " "1, " "1, " "1, " "1, "0
 "Nei75, 0.425, " "-0.544, " "1, " "1, " "1, " "1, " "1, " "1, " "1, " "1, " "1, " "1, " "1, " "1, " "1, " "1, " "1, " "1, " "1, " "1, " "1, " "1, " "1, " "1, " "1, " "1, " "1, " "1, " "1, " "1, " "1, " "1, " "1, " "1, " "1, " "1, " "1, " "1, " "1, " "1, " "1, " "1, " "1, " "1, " "1, " "1, " "1, " "1, " "1, " "1, " "1, " "1, " "1, " "1, " "1, " "1, " "1, " "1, " "1, " "1, " "1, " "1, " "1, " "1, " "1, " "1, " "1, " "1, " "1, " "1, " "1, " "1, " "1, " "1, " "1, " "1, " "1, " "0, " "1, " "1, " "1, " "1, " "1, " "1, " "1, " "1, " "1, " "1, " "1, " "1, " "1, " "1, " "1, " "1, " "1, " "1, " "1, " "1, " "1, " "1, " "1, " "1, " "1, " "1, " "1, " "1, " "1, " "1, " "1, " "1, " "1, " "1, " "1, " "1, " "1, " "1, " "1, " "1, " "1, " "1, " "1, " "1, " "1, " "1, " "1, " "1, " "1, " "1, " "1, " "1, " "1, "0
 "Nei76, 0.465, " "0.155, " "1, " "1, " "1, " "1, " "1, " "1, " "1, " "1, " "1, " "1, " "1, " "1, " "1, " "1, " "1, " "1, " "1, " "1, " "1, " "1, " "1, " "1, " "1, " "1, " "1, " "1, " "1, " "1, " "1, " "1, " "1, " "1, " "1, " "1, " "1, " "1, " "1, " "1, " "1, " "1, " "1, " "1, " "1, " "1, " "1, " "1, " "1, " "1, " "1, " "1, " "1, " "1, " "1, " "1, " "1, " "1, " "1, " "1, " "1, " "1, " "1, " "1, " "1, " "1, " "1, " "1, " "1, " "1, " "1, " "1, " "1, " "1, " "1, " "1, " "1, " "1, " "0, " "1, " "1, " "1, " "1, " "1, " "1, " "1, " "1, " "1, " "1, " "1, " "1, " "1, " "1, " "1, " "1, " "1, " "1, " "1, " "1, " "1, " "1, " "1, " "1, " "1, " "1, " "1, " "1, " "1, " "1, " "1, " "1, " "1, " "1, " "1, " "1, " "1, " "1, " "1, " "1, " "1, " "1, " "1, " "1, " "1, " "1, " "1, " "1, " "1, " "1, " "1, " "1, "0
 "Nei77, 0.069, " "-0.328, " "1, " "1, " "1, " "1, " "1, " "1, " "1, " "1, " "1, " "1, " "1, " "1, " "1, " "1, " "1, " "1, " "1, " "1, " "1, " "1, " "1, " "1, " "1, " "1, " "1, " "1, " "1, " "1, " "1, " "1, " "1, " "1, " "1, " "1, " "1, " "1, " "1, " "1, " "1, " "1, " "1, " "1, " "1, " "1, " "1, " "1, " "1, " "1, " "1, " "1, " "1, " "1, " "1, " "1, " "1, " "1, " "1, " "1, " "1, " "1, " "1, " "1, " "1, " "1, " "1, " "1, " "1, " "1, " "1, " "1, " "1, " "1, " "1, " "1, " "1, " "1, " "1, " "0, " "1, " "1, " "1, " "1, " "1, " "1, " "1, " "1, " "1, " "1, " "1, " "1, " "1, " "1, " "1, " "1, " "1, " "1, " "1, " "1, " "1, " "1, " "1, " "1, " "1, " "1, " "1, " "1, " "1, " "1, " "1, " "1, " "1, " "1, " "1, " "1, " "1, " "1, " "1, " "1, " "1, " "1, " "1, " "1, " "1, " "1, " "1, " "1, " "1, " "1, " "1, "0
 "Nei78, 0.041, " "-0.655, " "1, " "1, " "1, " "1, " "1, " "1, " "1, " "1, " "1, " "1, " "1, " "1, " "1, " "1, " "1, " "1, " "1, " "1, " "1, " "1, " "1, " "1, " "1, " "1, " "1, " "1, " "1, " "1, " "1, " "1, " "1, " "1, " "1, " "1, " "1, " "1, " "1, " "1, " "1, " "1, " "1, " "1, " "1, " "1, " "1, " "1, " "1, " "1, " "1, " "1, " "1, " "1, " "1, " "1, " "1, " "1, " "1, " "1, " "1, " "1, " "1, " "1, " "1, " "1, " "1, " "1, " "1, " "1, " "1, " "1, " "1, " "1, " "1, " "1, " "1, " "1, " "1, " "1, " "0, " "1, " "1, " "1, " "1, " "1, " "1, " "1, " "1, " "1, " "1, " "1, " "1, " "1, " "1, " "1, " "1, " "1, " "1, " "1, " "1, " "1, " "1, " "1, " "1, " "1, " "1, " "1, " "1, " "1, " "1, " "1, " "1, " "1, " "1, " "1, " "1, " "1, " "1, " "1, " "1, " "1, " "1, " "1, " "1, " "1, " "1, " "1, " "1, " "1, " "1, "0
 "Nei79, 0.222, " "0.742, " "1, " "1, " "1, " "1, " "1, " "1, " "1, " "1, " "1, " "1, " "1, " "1, " "1, " "1, " "1, " "1, " "1, " "1, " "1, " "1, " "1, " "1, " "1, " "1, " "1, " "1, " "1, " "1, " "1, " "1, " "1, " "1, " "1, " "1, " "1, " "1, " "1, " "1, " "1, " "1, " "1, " "1, " "1, " "1, " "1, " "1, " "1, " "1, " "1, " "1, " "1, " "1, " "1, " "1, " "1, " "1, " "1, " "1, " "1, " "1, " "1, " "1, " "1, " "1, " "1, " "1, " "1, " "1, " "1, " "1, " "1, " "1, " "1, " "1, " "1, " "1, " "1, " "1, " "1, " "0, " "1, " "1, " "1, " "1, " "1, " "1, " "1, " "1, " "1, " "1, " "1, " "1, " "1, " "1, " "1, " "1, " "1, " "1, " "1, " "1, " "1, " "1, " "1, " "1, " "1, " "1, " "1, " "1, " "1, " "1, " "1, " "1, " "1, " "1, " "1, " "1, " "1, " "1, " "1, " "1, " "1, " "1, " "1, " "1, " "1, " "1, " "1, " "1, " "1, "0
 "Nei80, 0.444, " "-0.676, " "1, " "1, " "1, " "1, " "1, " "1, " "1, " "1, " "1, " "1, " "1, " "1, " "1, " "1, " "1, " "1, " "1, " "1, " "1, " "1, " "1, " "1, " "1, " "1, " "1, " "1, " "1, " "1, " "1, " "1, " "1, " "1, " "1, " "1, " "1, " "1, " "1, " "1, " "1, " "1, " "1, " "1, " "1, " "1, " "1, " "1, " "1, " "1, " "1, " "1, " "1, " "1, " "1, " "1, " "1, " "1, " "1, " "1, " "1, " "1, " "1, " "1, " "1, " "1, " "1, " "1, " "1, " "1, " "1, " "1, " "1, " "1, " "1, " "1, " "1, " "1, " "1, " "1, " "1, " "1, " "0, " "1, " "1, " "1, " "1, " "1, " "1, " "1, " "1, " "1, " "1, " "1, " "1, " "1, " "1, " "1, " "1, " "1, " "1, " "1, " "1, " "1, " "1, " "1, " "1, " "1, " "1, " "1, " "1, " "1, " "1, " "1, " "1, " "1, " "1, " "1, " "1, " "1, " "1, " "1, " "1, " "1, " "1, " "1, " "1, " "1, " "1, " "1, " "1, "0
 "Nei81, 0.275, " "-0.561, " "1, " "1, " "1, " "1, " "1, " "1, " "1, " "1, " "1, " "1, " "1, " "1, " "1, " "1, " "1, " "1, " "1, " "1, " "1, " "1, " "1, " "1, " "1, " "1, " "1, " "1, " "1, " "1, " "1, " "1, " "1, " "1, " "1, " "1, " "1, " "1, " "1, " "1, " "1, " "1, " "1, " "1, " "1, " "1, " "1, " "1, " "1, " "1, " "1, " "1, " "1, " "1, " "1, " "1, " "1, " "1, " "1, " "1, " "1, " "1, " "1, " "1, " "1, " "1, " "1, " "1, " "1, " "1, " "1, " "1, " "1, " "1, " "1, " "1, " "1, " "1, " "1, " "1, " "1, " "1, " "1, " "0, " "1, " "1, " "1, " "1, " "1, " "1, " "1, " "1, " "1, " "1, " "1, " "1, " "1, " "1, " "1, " "1, " "1, " "1, " "1, " "1, " "1, " "1, " "1, " "1, " "1, " "1, " "1, " "1, " "1, " "1, " "1, " "1, " "1, " "1, " "1, " "1, " "1, " "1, " "1, " "1, " "1, " "1, " "1, " "1, " "1, " "1, " "1, "0
 "Nei82, 0.354, " "0.58, " "1, " "1, " "1, " "1, " "1, " "1, " "1, " "1, " "1, " "1, " "1, " "1, " "1, " "1, " "1, " "1, " "1, " "1, " "1, " "1, " "1, " "1, " "1, " "1, " "1, " "1, " "1, " "1, " "1, " "1, " "1, " "1, " "1, " "1, " "1, " "1, " "1, " "1, " "1, " "1, " "1, " "1, " "1, " "1, " "1, " "1, " "1, " "1, " "1, " "1, " "1, " "1, " "1, " "1, " "1, " "1, " "1, " "1, " "1, " "1, " "1, " "1, " "1, " "1, " "1, " "1, " "1, " "1, " "1, " "1, " "1, " "1, " "1, " "1, " "1, " "1, " "1, " "1, " "1, " "1, " "1, " "1, " "0, " "1, " "1, " "1, " "1, " "1, " "1, " "1, " "1, " "1, " "1, " "1, " "1, " "1, " "1, " "1, " "1, " "1, " "1, " "1, " "1, " "1, " "1, " "1, " "1, " "1, " "1, " "1, " "1, " "1, " "1, " "1, " "1, " "1, " "1, " "1, " "1, " "1, " "1, " "1, " "1, " "1, " "1, " "1, " "1, " "1, " "1, "0
 "Nei83, 0.583, " "0.97, " "1, " "1, " "1, " "1, " "1, " "1, " "1, " "1, " "1, " "1, " "1, " "1, " "1, " "1, " "1, " "1, " "1, " "1, " "1, " "1, " "1, " "1, " "1, " "1, " "1, " "1, " "1, " "1, " "1, " "1, " "1, " "1, " "1, " "1, " "1, " "1, " "1, " "1, " "1, " "1, " "1, " "1, " "1, " "1, " "1, " "1, " "1, " "1, " "1, " "1, " "1, " "1, " "1, " "1, " "1, " "1, " "1, " "1, " "1, " "1, " "1, " "1, " "1, " "1, " "1, " "1, " "1, " "1, " "1, " "1, " "1, " "1, " "1, " "1, " "1, " "1, " "1, " "1, " "1, " "1, " "1, " "1, " "1, " "0, " "1, " "1, " "1, " "1, " "1, " "1, " "1, " "1, " "1, " "1, " "1, " "1, " "1, " "1, " "1, " "1, " "1, " "1, " "1, " "1, " "1, " "1, " "1, " "1, " "1, " "1, " "1, " "1, " "1, " "1, " "1, " "1, " "1, " "1, " "1, " "1, " "1, " "1, " "1, " "1, " "1, " "1, " "1, " "1, " "1, "0
 "Nei84, 0.297, " "0.024, " "1, " "1, " "1, " "1, " "1, " "1, " "1, " "1, " "1, " "1, " "1, " "1, " "1, " "1, " "1, " "1, " "1, " "1, " "1, " "1, " "1, " "1, " "1, " "1, " "1, " "1, " "1, " "1, " "1, " "1, " "1, " "1, " "1, " "1, " "1, " "1, " "1, " "1, " "1, " "1, " "1, " "1, " "1, " "1, " "1, " "1, " "1, " "1, " "1, " "1, " "1, " "1, " "1, " "1, " "1, " "1, " "1, " "1, " "1, " "1, " "1, " "1, " "1, " "1, " "1, " "1, " "1, " "1, " "1, " "1, " "1, " "1, " "1, " "1, " "1, " "1, " "1, " "1, " "1, " "1, " "1, " "1, " "1, " "1, " "0, " "1, " "1, " "1, " "1, " "1, " "1, " "1, " "1, " "1, " "1, " "1, " "1, " "1, " "1, " "1, " "1, " "1, " "1, " "1, " "1, " "1, " "1, " "1, " "1, " "1, " "1, " "1, " "1, " "1, " "1, " "1, " "1, " "1, " "1, " "1, " "1, " "1, " "1, " "1, " "1, " "1, " "1, " "1, " "1, "0
 "Nei85, 0.035, " "0.188, " "1, " "1, " "1, " "1, " "1, " "1, " "1, " "1, " "1, " "1, " "1, " "1, " "1, " "1, " "1, " "1, " "1, " "1, " "1, " "1, " "1, " "1, " "1, " "1, " "1, " "1, " "1, " "1, " "1, " "1, " "1, " "1, " "1, " "1, " "1, " "1, " "1, " "1, " "1, " "1, " "1, " "1, " "1, " "1, " "1, " "1, " "1, " "1, " "1, " "1, " "1, " "1, " "1, " "1, " "1, " "1, " "1, " "1, " "1, " "1, " "1, " "1, " "1, " "1, " "1, " "1, " "1, " "1, " "1, " "1, " "1, " "1, " "1, " "1, " "1, " "1, " "1, " "1, " "1, " "1, " "1, " "1, " "1, " "1, " "1, " "0, " "1, " "1, " "1, " "1, " "1, " "1, " "1, " "1, " "1, " "1, " "1, " "1, " "1, " "1, " "1, " "1, " "1, " "1, " "1, " "1, " "1, " "1, " "1, " "1, " "1, " "1, " "1, " "1, " "1, " "1, " "1, " "1, " "1, " "1, " "1, " "1, " "1, " "1, " "1, " "1, " "1, " "1, " "1, "0
 "Nei86, 0.344, " "0.857, " "1, " "1, " "1, " "1, " "1, " "1, " "1, " "1, " "1, " "1, " "1, " "1, " "1, " "1, " "1, " "1, " "1, " "1, " "1, " "1, " "1, " "1, " "1, " "1, " "1, " "1, " "1, " "1, " "1, " "1, " "1, " "1, " "1, " "1, " "1, " "1, " "1, " "1, " "1, " "1, " "1, " "1, " "1, " "1, " "1, " "1, " "1, " "1, " "1, " "1, " "1, " "1, " "1, " "1, " "1, " "1, " "1, " "1, " "1, " "1, " "1, " "1, " "1, " "1, " "1, " "1, " "1, " "1, " "1, " "1, " "1, " "1, " "1, " "1, " "1, " "1, " "1, " "1, " "1, " "1, " "1, " "1, " "1, " "1, " "1, " "1, " "0, " "1, " "1, " "1, " "1, " "1, " "1, " "1, " "1, " "1, " "1, " "1, " "1, " "1, " "1, " "1, " "1, " "1, " "1, " "1, " "1, " "1, " "1, " "1, " "1, " "1, " "1, " "1, " "1, " "1, " "1, " "1, " "1, " "1, " "1, " "1, " "1, " "1, " "1, " "1, " "1, " "1, " "1, "0
 "Nei87, 0.086, " "-0.323, " "1, " "1, " "1, " "1, " "1, " "1, " "1, " "1, " "1, " "1, " "1, " "1, " "1, " "1, " "1, " "1, " "1, " "1, " "1, " "1, " "1, " "1, " "1, " "1, " "1, " "1, " "1, " "1, " "1, " "1, " "1, " "1, " "1, " "1, " "1, " "1, " "1, " "1, " "1, " "1, " "1, " "1, " "1, " "1, " "1, " "1, " "1, " "1, " "1, " "1, " "1, " "1, " "1, " "1, " "1, " "1, " "1, " "1, " "1, " "1, " "1, " "1, " "1, " "1, " "1, " "1, " "1, " "1, " "1, " "1, " "1, " "1, " "1, " "1, " "1, " "1, " "1, " "1, " "1, " "1, " "1, " "1, " "1, " "1, " "1, " "1, " "1, " "0, " "1, " "1, " "1, " "1, " "1, " "1, " "1, " "1, " "1, " "1, " "1, " "1, " "1, " "1, " "1, " "1, " "1, " "1, " "1, " "1, " "1, " "1, " "1, " "1, " "1, " "1, " "1, " "1, " "1, " "1, " "1, " "1, " "1, " "1, " "1, " "1, " "1, " "1, " "1, " "1, " "1, "0
 "Nei88, 0.498, " "0.203, " "1, " "1, " "1, " "1, " "1, " "1, " "1, " "1, " "1, " "1, " "1, " "1, " "1, " "1, " "1, " "1, " "1, " "1, " "1, " "1, " "1, " "1, " "1, " "1, " "1, " "1, " "1, " "1, " "1, " "1, " "1, " "1, " "1, " "1, " "1, " "1, " "1, " "1, " "1, " "1, " "1, " "1, " "1, " "1, " "1, " "1, " "1, " "1, " "1, " "1, " "1, " "1, " "1, " "1, " "1, " "1, " "1, " "1, " "1, " "1, " "1, " "1, " "1, " "1, " "1, " "1, " "1, " "1, " "1, " "1, " "1, " "1, " "1, " "1, " "1, " "1, " "1, " "1, " "1, " "1, " "1, " "1, " "1, " "1, " "1, " "1, " "1, " "1, " "0, " "1, " "1, " "1, " "1, " "1, " "1, " "1, " "1, " "1, " "1, " "1, " "1, " "1, " "1, " "1, " "1, " "1, " "1, " "1, " "1, " "1, " "1, " "1, " "1, " "1, " "1, " "1, " "1, " "1, " "1, " "1, " "1, " "1, " "1, " "1, " "1, " "1, " "1, " "1, " "1, "0
 "Nei89, 0.109, " "-0.453, " "1, " "1, " "1, " "1, " "1, " "1, " "1, " "1, " "1, " "1, " "1, " "1, " "1, " "1, " "1, " "1, " "1, " "1, " "1, " "1, " "1, " "1, " "1, " "1, " "1, " "1, " "1, " "1, " "1, " "1, " "1, " "1, " "1, " "1, " "1, " "1, " "1, " "1, " "1, " "1, " "1, " "1, " "1, " "1, " "1, " "1, " "1, " "1, " "1, " "1, " "1, " "1, " "1, " "1, " "1, " "1, " "1, " "1, " "1, " "1, " "1, " "1, " "1, " "1, " "1, " "1, " "1, " "1, " "1, " "1, " "1, " "1, " "1, " "1, " "1, " "1, " "1, " "1, " "1, " "1, " "1, " "1, " "1, " "1, " "1, " "1, " "1, " "1, " "1, " "0, " "1, " "1, " "1, " "1, " "1, " "1, " "1, " "1, " "1, " "1, " "1, " "1, " "1, " "1, " "1, " "1, " "1, " "1, " "1, " "1, " "1, " "1, " "1, " "1, " "1, " "1, " "1, " "1, " "1, " "1, " "1, " "1, " "1, " "1, " "1, " "1, " "1, " "1, " "1, "0
 "Nei90, 0.221, " "0.063, " "1, " "1, " "1, " "1, " "1, " "1, " "1, " "1, " "1, " "1, " "1, " "1, " "1, " "1, " "1, " "1, " "1, " "1, " "1, " "1, " "1, " "1, " "1, " "1, " "1, " "1, " "1, " "1, " "1, " "1, " "1, " "1, " "1, " "1, " "1, " "1, " "1, " "1, " "1, " "1, " "1, " "1, " "1, " "1, " "1, " "1, " "1, " "1, " "1, " "1, " "1, " "1, " "1, " "1, " "1, " "1, " "1, " "1, " "1, " "1, " "1, " "1, " "1, " "1, " "1, " "1, " "1, " "1, " "1, " "1, " "1, " "1, " "1, " "1, " "1, " "1, " "1, " "1, " "1, " "1, " "1, " "1, " "1, " "1, " "1, " "1, " "1, " "1, " "1, " "1, " "0, " "1, " "1, " "1, " "1, " "1, " "1, " "1, " "1, " "1, " "1, " "1, " "1, " "1, " "1, " "1, " "1, " "1, " "1, " "1, " "1, " "1, " "1, " "1, " "1, " "1, " "1, " "1, " "1, " "1, " "1, " "1, " "1, " "1, " "1, " "1, " "1, " "1, " "1, "0
 "Nei91, 0.249, " "-0.428, " "1, " "1, " "1, " "1, " "1, " "1, " "1, " "1, " "1, " "1, " "1, " "1, " "1, " "1, " "1, " "1, " "1, " "1, " "1, " "1, " "1, " "1, " "1, " "1, " "1, " "1, " "1, " "1, " "1, " "1, " "1, " "1, " "1, " "1, " "1, " "1, " "1, " "1, " "1, " "1, " "1, " "1, " "1, " "1, " "1, " "1, " "1, " "1, " "1, " "1, " "1, " "1, " "1, " "1, " "1, " "1, " "1, " "1, " "1, " "1, " "1, " "1, " "1, " "1, " "1, " "1, " "1, " "1, " "1, " "1, " "1, " "1, " "1, " "1, " "1, " "1, " "1, " "1, " "1, " "1, " "1, " "1, " "1, " "1, " "1, " "1, " "1, " "1, " "1, " "1, " "1, " "0, " "1, " "1, " "1, " "1, " "1, " "1, " "1, " "1, " "1, " "1, " "1, " "1, " "1, " "1, " "1, " "1, " "1, " "1, " "1, " "1, " "1, " "1, " "1, " "1, " "1, " "1, " "1, " "1, " "1, " "1, " "1, " "1, " "1, " "1, " "1, " "1, " "1, "0
 "Nei92, 0.278, " "0.32, " "1, " "1, " "1, " "1, " "1, " "1, " "1, " "1, " "1, " "1, " "1, " "1, " "1, " "1, " "1, " "1, " "1, " "1, " "1, " "1, " "1, " "1, " "1, " "1, " "1, " "1, " "1, " "1, " "1, " "1, " "1, " "1, " "1, " "1, " "1, " "1, " "1, " "1, " "1, " "1, " "1, " "1, " "1, " "1, " "1, " "1, " "1, " "1, " "1, " "1, " "1, " "1, " "1, " "1, " "1, " "1, " "1, " "1, " "1, " "1, " "1, " "1, " "1, " "1, " "1, " "1, " "1, " "1, " "1, " "1, " "1, " "1, " "1, " "1, " "1, " "1, " "1, " "1, " "1, " "1, " "1, " "1, " "1, " "1, " "1, " "1, " "1, " "1, " "1, " "1, " "1, " "1, " "0, " "1, " "1, " "1, " "1, " "1, " "1, " "1, " "1, " "1, " "1, " "1, " "1, " "1, " "1, " "1, " "1, " "1, " "1, " "1, " "1, " "1, " "1, " "1, " "1, " "1, " "1, " "1, " "1, " "1, " "1, " "1, " "1, " "1, " "1, " "1, " "1, "0
 "Nei93, 0.285, " "-0.924, " "1, " "1, " "1, " "1, " "1, " "1, " "1, " "1, " "1, " "1, " "1, " "1, " "1, " "1, " "1, " "1, " "1, " "1, " "1, " "1, " "1, " "1, " "1, " "1, " "1, " "1, " "1, " "1, " "1, " "1, " "1, " "1, " "1, " "1, " "1, " "1, " "1, " "1, " "1, " "1, " "1, " "1, " "1, " "1, " "1, " "1, " "1, " "1, " "1, " "1, " "1, " "1, " "1, " "1, " "1, " "1, " "1, " "1, " "1, " "1, " "1, " "1, " "1, " "1, " "1, " "1, " "1, " "1, " "1, " "1, " "1, " "1, " "1, " "1, " "1, " "1, " "1, " "1, " "1, " "1, " "1, " "1, " "1, " "1, " "1, " "1, " "1, " "1, " "1, " "1, " "1, " "1, " "1, " "0, " "1, " "1, " "1, " "1, " "1, " "1, " "1, " "1, " "1, " "1, " "1, " "1, " "1, " "1, " "1, " "1, " "1, " "1, " "1, " "1, " "1, " "1, " "1, " "1, " "1, " "1, " "1, " "1, " "1, " "1, " "1, " "1, " "1, " "1, " "1, "0
 "Nei94, 0.28, " "-0.938, " "1, " "1, " "1, " "1, " "1, " "1, " "1, " "1, " "1, " "1, " "1, " "1, " "1, " "1, " "1, " "1, " "1, " "1, " "1, " "1, " "1, " "1, " "1, " "1, " "1, " "1, " "1, " "1, " "1, " "1, " "1, " "1, " "1, " "1, " "1, " "1, " "1, " "1, " "1, " "1, " "1, " "1, " "1, " "1, " "1, " "1, " "1, " "1, " "1, " "1, " "1, " "1, " "1, " "1, " "1, " "1, " "1, " "1, " "1, " "1, " "1, " "1, " "1, " "1, " "1, " "1, " "1, " "1, " "1, " "1, " "1, " "1, " "1, " "1, " "1, " "1, " "1, " "1, " "1, " "1, " "1, " "1, " "1, " "1, " "1, " "1, " "1, " "1, " "1, " "1, " "1, " "1, " "1, " "1, " "0, " "1, " "1, " "1, " "1, " "1, " "1, " "1, " "1, " "1, " "1, " "1, " "1, " "1, " "1, " "1, " "1, " "1, " "1, " "1, " "1, " "1, " "1, " "1, " "1, " "1, " "1, " "1, " "1, " "1, " "1, " "1, " "1, " "1, " "1, "0
 "Nei95, 0.101, " "0.526, " "1, " "1, " "1, " "1, " "1, " "1, " "1, " "1, " "1, " "1, " "1, " "1, " "1, " "1, " "1, " "1, " "1, " "1, " "1, " "1, " "1, " "1, " "1, " "1, " "1, " "1, " "1, " "1, " "1, " "1, " "1, " "1, " "1, " "1, " "1, " "1, " "1, " "1, " "1, " "1, " "1, " "1, " "1, " "1, " "1, " "1, " "1, " "1, " "1, " "1, " "1, " "1, " "1, " "1, " "1, " "1, " "1, " "1, " "1, " "1, " "1, " "1, " "1, " "1, " "1, " "1, " "1, " "1, " "1, " "1, " "1, " "1, " "1, " "1, " "1, " "1, " "1, " "1, " "1, " "1, " "1, " "1, " "1, " "1, " "1, " "1, " "1, " "1, " "1, " "1, " "1, " "1, " "1, " "1, " "1, " "0, " "1, " "1, " "1, " "1, " "1, " "1, " "1, " "1, " "1, " "1, " "1, " "1, " "1, " "1, " "1, " "1, " "1, " "1, " "1, " "1, " "1, " "1, " "1, " "1, " "1, " "1, " "1, " "1, " "1, " "1, " "1, " "1, " "1, "0
 "Nei96, 0.56, " "0.229, " "1, " "1, " "1, " "1, " "1, " "1, " "1, " "1, " "1, " "1, " "1, " "1, " "1, " "1, " "1, " "1, " "1, " "1, " "1, " "1, " "1, " "1, " "1, " "1, " "1, " "1, " "1, " "1, " "1, " "1, " "1, " "1, " "1, " "1, " "1, " "1, " "1, " "1, " "1, " "1, " "1, " "1, " "1, " "1, " "1, " "1, " "1, " "1, " "1, " "1, " "1, " "1, " "1, " "1, " "1, " "1, " "1, " "1, " "1, " "1, " "1, " "1, " "1, " "1, " "1, " "1, " "1, " "1, " "1, " "1, " "1, " "1, " "1, " "1, " "1, " "1, " "1, " "1, " "1, " "1, " "1, " "1, " "1, " "1, " "1, " "1, " "1, " "1, " "1, " "1, " "1, " "1, " "1, " "1, " "1, " "1, " "0, " "1, " "1, " "1, " "1, " "1, " "1, " "1, " "1, " "1, " "1, " "1, " "1, " "1, " "1, " "1, " "1, " "1, " "1, " "1, " "1, " "1, " "1, " "1, " "1, " "1, " "1, " "1, " "1, " "1, " "1, " "1, " "1, "0
 "Nei97, 0.29, " "-0.466, " "1, " "1, " "1, " "1, " "1, " "1, " "1, " "1, " "1, " "1, " "1, " "1, " "1, " "1, " "1, " "1, " "1, " "1, " "1, " "1, " "1, " "1, " "1, " "1, " "1, " "1, " "1, " "1, " "1, " "1, " "1, " "1, " "1, " "1, " "1, " "1, " "1, " "1, " "1, " "1, " "1, " "1, " "1, " "1, " "1, " "1, " "1, " "1, " "1, " "1, " "1, " "1, " "1, " "1, " "1, " "1, " "1, " "1, " "1, " "1, " "1, " "1, " "1, " "1, " "1, " "1, " "1, " "1, " "1, " "1, " "1, " "1, " "1, " "1, " "1, " "1, " "1, " "1, " "1, " "1, " "1, " "1, " "1, " "1, " "1, " "1, " "1, " "1, " "1, " "1, " "1, " "1, " "1, " "1, " "1, " "1, " "1, " "0, " "1, " "1, " "1, " "1, " "1, " "1, " "1, " "1, " "1, " "1, " "1, " "1, " "1, " "1, " "1, " "1, " "1, " "1, " "1, " "1, " "1, " "1, " "1, " "1, " "1, " "1, " "1, " "1, " "1, " "1, " "1, "0
 "Nei98, 0.284, " "-0.269, " "1, " "1, " "1, " "1, " "1, " "1, " "1, " "1, " "1, " "1, " "1, " "1, " "1, " "1, " "1, " "1, " "1, " "1, " "1, " "1, " "1, " "1, " "1, " "1, " "1, " "1, " "1, " "1, " "1, " "1, " "1, " "1, " "1, " "1, " "1, " "1, " "1, " "1, " "1, " "1, " "1, " "1, " "1, " "1, " "1, " "1, " "1, " "1, " "1, " "1, " "1, " "1, " "1, " "1, " "1, " "1, " "1, " "1, " "1, " "1, " "1, " "1, " "1, " "1, " "1, " "1, " "1, " "1, " "1, " "1, " "1, " "1, " "1, " "1, " "1, " "1, " "1, " "1, " "1, " "1, " "1, " "1, " "1, " "1, " "1, " "1, " "1, " "1, " "1, " "1, " "1, " "1, " "1, " "1, " "1, " "1, " "1, " "1, " "0, " "1, " "1, " "1, " "1, " "1, " "1, " "1, " "1, " "1, " "1, " "1, " "1, " "1, " "1, " "1, " "1, " "1, " "1, " "1, " "1, " "1, " "1, " "1, " "1, " "1, " "1, " "1, " "1, " "1, " "1, "0
 "Nei99, 0.077, " "-0.24, " "1, " "1, " "1, " "1, " "1, " "1, " "1, " "1, " "1, " "1, " "1, " "1, " "1, " "1, " "1, " "1, " "1, " "1, " "1, " "1, " "1, " "1, " "1, " "1, " "1, " "1, " "1, " "1, " "1, " "1, " "1, " "1, " "1, " "1, " "1, " "1, " "1, " "1, " "1, " "1, " "1, " "1, " "1, " "1, " "1, " "1, " "1, " "1, " "1, " "1, " "1, " "1, " "1, " "1, " "1, " "1, " "1, " "1, " "1, " "1, " "1, " "1, " "1, " "1, " "1, " "1, " "1, " "1, " "1, " "1, " "1, " "1, " "1, " "1, " "1, " "1, " "1, " "1, " "1, " "1, " "1, " "1, " "1, " "1, " "1, " "1, " "1, " "1, " "1, " "1, " "1, " "1, " "1, " "1, " "1, " "1, " "1, " "1, " "1, " "0, " "1, " "1, " "1, " "1, " "1, " "1, " "1, " "1, " "1, " "1, " "1, " "1, " "1, " "1, " "1, " "1, " "1, " "1, " "1, " "1, " "1, " "1, " "1, " "1, " "1, " "1, " "1, " "1, " "1, "0
 "Nei100, 0.517, " "0.821, " "1, " "1, " "1, " "1, " "1, " "1, " "1, " "1, " "1, " "1, " "1, " "1, " "1, " "1, " "1, " "1, " "1, " "1, " "1, " "1, " "1, " "1, " "1, " "1, " "1, " "1, " "1, " "1, " "1, " "1, " "1, " "1, " "1, " "1, " "1, " "1, " "1, " "1, " "1, " "1, " "1, " "1, " "1, " "1, " "1, " "1, " "1, " "1, " "1, " "1, " "1, " "1, " "1, " "1, " "1, " "1, " "1, " "1, " "1, " "1, " "1, " "1, " "1, " "1, " "1, " "1, " "1, " "1, " "1, " "1, " "1, " "1, " "1, " "1, " "1, " "1, " "1, " "1, " "1, " "1, " "1, " "1, " "1, " "1, " "1, " "1, " "1, " "1, " "1, " "1, " "1, " "1, " "1, " "1, " "1, " "1, " "1, " "1, " "1, " "1, " "0, " "1, " "1, " "1, " "1, " "1, " "1, " "1, " "1, " "1, " "1, " "1, " "1, " "1, " "1, " "1, " "1, " "1, " "1, " "1, " "1, " "1, " "1, " "1, " "1, " "1, " "1, " "1, " "1, "0
 "Nei101, 0.195, " "0.662, " "1, " "1, " "1, " "1, " "1, " "1, " "1, " "1, " "1, " "1, " "1, " "1, " "1, " "1, " "1, " "1, " "1, " "1, " "1, " "1, " "1, " "1, " "1, " "1, " "1, " "1, " "1, " "1, " "1, " "1, " "1, " "1, " "1, " "1, " "1, " "1, " "1, " "1, " "1, " "1, " "1, " "1, " "1, " "1, " "1, " "1, " "1, " "1, " "1, " "1, " "1, " "1, " "1, " "1, " "1, " "1, " "1, " "1, " "1, " "1, " "1, " "1, " "1, " "1, " "1, " "1, " "1, " "1, " "1, " "1, " "1, " "1, " "1, " "1, " "1, " "1, " "1, " "1, " "1, " "1, " "1, " "1, " "1, " "1, " "1, " "1, " "1, " "1, " "1, " "1, " "1, " "1, " "1, " "1, " "1, " "1, " "1, " "1, " "1, " "1, " "1, " "0, " "1, " "1, " "1, " "1, " "1, " "1, " "1, " "1, " "1, " "1, " "1, " "1, " "1, " "1, " "1, " "1, " "1, " "1, " "1, " "1, " "1, " "1, " "1, " "1, " "1, " "1, " "1, "0
 "Nei102, 0.323, " "0.717, " "1, " "1, " "1, " "1, " "1, " "1, " "1, " "1, " "1, " "1, " "1, " "1, " "1, " "1, " "1, " "1, " "1, " "1, " "1, " "1, " "1, " "1, " "1, " "1, " "1, " "1, " "1, " "1, " "1, " "1, " "1, " "1, " "1, " "1, " "1, " "1, " "1, " "1, " "1, " "1, " "1, " "1, " "1, " "1, " "1, " "1, " "1, " "1, " "1, " "1, " "1, " "1, " "1, " "1, " "1, " "1, " "1, " "1, " "1, " "1, " "1, " "1, " "1, " "1, " "1, " "1, " "1, " "1, " "1, " "1, " "1, " "1, " "1, " "1, " "1, " "1, " "1, " "1, " "1, " "1, " "1, " "1, " "1, " "1, " "1, " "1, " "1, " "1, " "1, " "1, " "1, " "1, " "1, " "1, " "1, " "1, " "1, " "1, " "1, " "1, " "1, " "1, " "0, " "1, " "1, " "1, " "1, " "1, " "1, " "1, " "1, " "1, " "1, " "1, " "1, " "1, " "1, " "1, " "1, " "1, " "1, " "1, " "1, " "1, " "1, " "1, " "1, " "1, " "1, "0
 "Nei103, 0.362, " "-0.041, " "1, " "1, " "1, " "1, " "1, " "1, " "1, " "1, " "1, " "1, " "1, " "1, " "1, " "1, " "1, " "1, " "1, " "1, " "1, " "1, " "1, " "1, " "1, " "1, " "1, " "1, " "1, " "1, " "1, " "1, " "1, " "1, " "1, " "1, " "1, " "1, " "1, " "1, " "1, " "1, " "1, " "1, " "1, " "1, " "1, " "1, " "1, " "1, " "1, " "1, " "1, " "1, " "1, " "1, " "1, " "1, " "1, " "1, " "1, " "1, " "1, " "1, " "1, " "1, " "1, " "1, " "1, " "1, " "1, " "1, " "1, " "1, " "1, " "1, " "1, " "1, " "1, " "1, " "1, " "1, " "1, " "1, " "1, " "1, " "1, " "1, " "1, " "1, " "1, " "1, " "1, " "1, " "1, " "1, " "1, " "1, " "1, " "1, " "1, " "1, " "1, " "1, " "1, " "0, " "1, " "1, " "1, " "1, " "1, " "1, " "1, " "1, " "1, " "1, " "1, " "1, " "1, " "1, " "1, " "1, " "1, " "1, " "1, " "1, " "1, " "1, " "1, " "1, " "1, "0
 "Nei104, 0.446, " "-0.746, " "1, " "1, " "1, " "1, " "1, " "1, " "1, " "1, " "1, " "1, " "1, " "1, " "1, " "1, " "1, " "1, " "1, " "1, " "1, " "1, " "1, " "1, " "1, " "1, " "1, " "1, " "1, " "1, " "1, " "1, " "1, " "1, " "1, " "1, " "1, " "1, " "1, " "1, " "1, " "1, " "1, " "1, " "1, " "1, " "1, " "1, " "1, " "1, " "1, " "1, " "1, " "1, " "1, " "1, " "1, " "1, " "1, " "1, " "1, " "1, " "1, " "1, " "1, " "1, " "1, " "1, " "1, " "1, " "1, " "1, " "1, " "1, " "1, " "1, " "1, " "1, " "1, " "1, " "1, " "1, " "1, " "1, " "1, " "1, " "1, " "1, " "1, " "1, " "1, " "1, " "1, " "1, " "1, " "1, " "1, " "1, " "1, " "1, " "1, " "1, " "1, " "1, " "1, " "1, " "0, " "1, " "1, " "1, " "1, " "1, " "1, " "1, " "1, " "1, " "1, " "1, " "1, " "1, " "1, " "1, " "1, " "1, " "1, " "1, " "1, " "1, " "1, " "1, " "1, "0
 "Nei105, 0.127, " "0.95, " "1, " "1, " "1, " "1, " "1, " "1, " "1, " "1, " "1, " "1, " "1, " "1, " "1, " "1, " "1, " "1, " "1, " "1, " "1, " "1, " "1, " "1, " "1, " "1, " "1, " "1, " "1, " "1, " "1, " "1, " "1, " "1, " "1, " "1, " "1, " "1, " "1, " "1, " "1, " "1, " "1, " "1, " "1, " "1, " "1, " "1, " "1, " "1, " "1, " "1, " "1, " "1, " "1, " "1, " "1, " "1, " "1, " "1, " "1, " "1, " "1, " "1, " "1, " "1, " "1, " "1, " "1, " "1, " "1, " "1, " "1, " "1, " "1, " "1, " "1, " "1, " "1, " "1, " "1, " "1, " "1, " "1, " "1, " "1, " "1, " "1, " "1, " "1, " "1, " "1, " "1, " "1, " "1, " "1, " "1, " "1, " "1, " "1, " "1, " "1, " "1, " "1, " "1, " "1, " "1, " "0, " "1, " "1, " "1, " "1, " "1, " "1, " "1, " "1, " "1, " "1, " "1, " "1, " "1, " "1, " "1, " "1, " "1, " "1, " "1, " "1, " "1, " "1, " "1, "0
 "Nei106, 0.338, " "-0.018, " "1, " "1, " "1, " "1, " "1, " "1, " "1, " "1, " "1, " "1, " "1, " "1, " "1, " "1, " "1, " "1, " "1, " "1, " "1, " "1, " "1, " "1, " "1, " "1, " "1, " "1, " "1, " "1, " "1, " "1, " "1, " "1, " "1, " "1, " "1, " "1, " "1, " "1, " "1, " "1, " "1, " "1, " "1, " "1, " "1, " "1, " "1, " "1, " "1, " "1, " "1, " "1, " "1, " "1, " "1, " "1, " "1, " "1, " "1, " "1, " "1, " "1, " "1, " "1, " "1, " "1, " "1, " "1, " "1, " "1, " "1, " "1, " "1, " "1, " "1, " "1, " "1, " "1, " "1, " "1, " "1, " "1, " "1, " "1, " "1, " "1, " "1, " "1, " "1, " "1, " "1, " "1, " "1, " "1, " "1, " "1, " "1, " "1, " "1, " "1, " "1, " "1, " "1, " "1, " "1, " "1, " "0, " "1, " "1, " "1, " "1, " "1, " "1, " "1, " "1, " "1, " "1, " "1, " "1, " "1, " "1, " "1, " "1, " "1, " "1, " "1, " "1, " "1, " "1, "0
 "Nei107, 0.231, " "0.275, " "1, " "1, " "1, " "1, " "1, " "1, " "1, " "1, " "1, " "1, " "1, " "1, " "1, " "1, " "1, " "1, " "1, " "1, " "1, " "1, " "1, " "1, " "1, " "1, " "1, " "1, " "1, " "1, " "1, " "1, " "1, " "1, " "1, " "1, " "1, " "1, " "1, " "1, " "1, " "1, " "1, " "1, " "1, " "1, " "1, " "1, " "1, " "1, " "1, " "1, " "1, " "1, " "1, " "1, " "1, " "1, " "1, " "1, " "1, " "1, " "1, " "1, " "1, " "1, " "1, " "1, " "1, " "1, " "1, " "1, " "1, " "1, " "1, " "1, " "1, " "1, " "1, " "1, " "1, " "1, " "1, " "1, " "1, " "1, " "1, " "1, " "1, " "1, " "1, " "1, " "1, " "1, " "1, " "1, " "1, " "1, " "1, " "1, " "1, " "1, " "1, " "1, " "1, " "1, " "1, " "1, " "1, " "0, " "1, " "1, " "1, " "1, " "1, " "1, " "1, " "1, " "1, " "1, " "1, " "1, " "1, " "1, " "1, " "1, " "1, " "1, " "1, " "1, " "1, "0
 "Nei108, 0.07, " "0.981, " "1, " "1, " "1, " "1, " "1, " "1, " "1, " "1, " "1, " "1, " "1, " "1, " "1, " "1, " "1, " "1, " "1, " "1, " "1, " "1, " "1, " "1, " "1, " "1, " "1, " "1, " "1, " "1, " "1, " "1, " "1, " "1, " "1, " "1, " "1, " "1, " "1, " "1, " "1, " "1, " "1, " "1, " "1, " "1, " "1, " "1, " "1, " "1, " "1, " "1, " "1, " "1, " "1, " "1, " "1, " "1, " "1, " "1, " "1, " "1, " "1, " "1, " "1, " "1, " "1, " "1, " "1, " "1, " "1, " "1, " "1, " "1, " "1, " "1, " "1, " "1, " "1, " "1, " "1, " "1, " "1, " "1, " "1, " "1, " "1, " "1, " "1, " "1, " "1, " "1, " "1, " "1, " "1, " "1, " "1, " "1, " "1, " "1, " "1, " "1, " "1, " "1, " "1, " "1, " "1, " "1, " "1, " "1, " "0, " "1, " "1, " "1, " "1, " "1, " "1, " "1, " "1, " "1, " "1, " "1, " "1, " "1, " "1, " "1, " "1, " "1, " "1, " "1, " "1, "0
 "Nei109, 0.039, " "-0.104, " "1, " "1, " "1, " "1, " "1, " "1, " "1, " "1, " "1, " "1, " "1, " "1, " "1, " "1, " "1, " "1, " "1, " "1, " "1, " "1, " "1, " "1, " "1, " "1, " "1, " "1, " "1, " "1, " "1, " "1, " "1, " "1, " "1, " "1, " "1, " "1, " "1, " "1, " "1, " "1, " "1, " "1, " "1, " "1, " "1, " "1, " "1, " "1, " "1, " "1, " "1, " "1, " "1, " "1, " "1, " "1, " "1, " "1, " "1, " "1, " "1, " "1, " "1, " "1, " "1, " "1, " "1, " "1, " "1, " "1, " "1, " "1, " "1, " "1, " "1, " "1, " "1, " "1, " "1, " "1, " "1, " "1, " "1, " "1, " "1, " "1, " "1, " "1, " "1, " "1, " "1, " "1, " "1, " "1, " "1, " "1, " "1, " "1, " "1, " "1, " "1, " "1, " "1, " "1, " "1, " "1, " "1, " "1, " "1, " "0, " "1, " "1, " "1, " "1, " "1, " "1, " "1, " "1, " "1, " "1, " "1, " "1, " "1, " "1, " "1, " "1, " "1, " "1, " "1, "0
 "Nei110, 0.205, " "0.968, " "1, " "1, " "1, " "1, " "1, " "1, " "1, " "1, " "1, " "1, " "1, " "1, " "1, " "1, " "1, " "1, " "1, " "1, " "1, " "1, " "1, " "1, " "1, " "1, " "1, " "1, " "1, " "1, " "1, " "1, " "1, " "1, " "1, " "1, " "1, " "1, " "1, " "1, " "1, " "1, " "1, " "1, " "1, " "1, " "1, " "1, " "1, " "1, " "1, " "1, " "1, " "1, " "1, " "1, " "1, " "1, " "1, " "1, " "1, " "1, " "1, " "1, " "1, " "1, " "1, " "1, " "1, " "1, " "1, " "1, " "1, " "1, " "1, " "1, " "1, " "1, " "1, " "1, " "1, " "1, " "1, " "1, " "1, " "1, " "1, " "1, " "1, " "1, " "1, " "1, " "1, " "1, " "1, " "1, " "1, " "1, " "1, " "1, " "1, " "1, " "1, " "1, " "1, " "1, " "1, " "1, " "1, " "1, " "1, " "1, " "0, " "1, " "1, " "1, " "1, " "1, " "1, " "1, " "1, " "1, " "1, " "1, " "1, " "1, " "1, " "1, " "1, " "1, " "1, "0
 "Nei111, 0.488, " "0.358, " "1, " "1, " "1, " "1, " "1, " "1, " "1, " "1, " "1, " "1, " "1, " "1, " "1, " "1, " "1, " "1, " "1, " "1, " "1, " "1, " "1, " "1, " "1, " "1, " "1, " "1, " "1, " "1, " "1, " "1, " "1, " "1, " "1, " "1, " "1, " "1, " "1, " "1, " "1, " "1, " "1, " "1, " "1, " "1, " "1, " "1, " "1, " "1, " "1, " "1, " "1, " "1, " "1, " "1, " "1, " "1, " "1, " "1, " "1, " "1, " "1, " "1, " "1, " "1, " "1, " "1, " "1, " "1, " "1, " "1, " "1, " "1, " "1, " "1, " "1, " "1, " "1, " "1, " "1, " "1, " "1, " "1, " "1, " "1, " "1, " "1, " "1, " "1, " "1, " "1, " "1, " "1, " "1, " "1, " "1, " "1, " "1, " "1, " "1, " "1, " "1, " "1, " "1, " "1, " "1, " "1, " "1, " "1, " "1, " "1, " "1, " "0, " "1, " "1, " "1, " "1, " "1, " "1, " "1, " "1, " "1, " "1, " "1, " "1, " "1, " "1, " "1, " "1, " "1, "0
 "Nei112, 0.301, " "0.108, " "1, " "1, " "1, " "1, " "1, " "1, " "1, " "1, " "1, " "1, " "1, " "1, " "1, " "1, " "1, " "1, " "1, " "1, " "1, " "1, " "1, " "1, " "1, " "1, " "1, " "1, " "1, " "1, " "1, " "1, " "1, " "1, " "1, " "1, " "1, " "1, " "1, " "1, " "1, " "1, " "1, " "1, " "1, " "1, " "1, " "1, " "1, " "1, " "1, " "1, " "1, " "1, " "1, " "1, " "1, " "1, " "1, " "1, " "1, " "1, " "1, " "1, " "1, " "1, " "1, " "1, " "1, " "1, " "1, " "1, " "1, " "1, " "1, " "1, " "1, " "1, " "1, " "1, " "1, " "1, " "1, " "1, " "1, " "1, " "1, " "1, " "1, " "1, " "1, " "1, " "1, " "1, " "1, " "1, " "1, " "1, " "1, " "1, " "1, " "1, " "1, " "1, " "1, " "1, " "1, " "1, " "1, " "1, " "1, " "1, " "1, " "1, " "0, " "1, " "1, " "1, " "1, " "1, " "1, " "1, " "1, " "1, " "1, " "1, " "1, " "1, " "1, " "1, " "1, "0
 "Nei113, 0.219, " "-0.078, " "1, " "1, " "1, " "1, " "1, " "1, " "1, " "1, " "1, " "1, " "1, " "1, " "1, " "1, " "1, " "1, " "1, " "1, " "1, " "1, " "1, " "1, " "1, " "1, " "1, " "1, " "1, " "1, " "1, " "1, " "1, " "1, " "1, " "1, " "1, " "1, " "1, " "1, " "1, " "1, " "1, " "1, " "1, " "1, " "1, " "1, " "1, " "1, " "1, " "1, " "1, " "1, " "1, " "1, " "1, " "1, " "1, " "1, " "1, " "1, " "1, " "1, " "1, " "1, " "1, " "1, " "1, " "1, " "1, " "1, " "1, " "1, " "1, " "1, " "1, " "1, " "1, " "1, " "1, " "1, " "1, " "1, " "1, " "1, " "1, " "1, " "1, " "1, " "1, " "1, " "1, " "1, " "1, " "1, " "1, " "1, " "1, " "1, " "1, " "1, " "1, " "1, " "1, " "1, " "1, " "1, " "1, " "1, " "1, " "1, " "1, " "1, " "1, " "0, " "1, " "1, " "1, " "1, " "1, " "1, " "1, " "1, " "1, " "1, " "1, " "1, " "1, " "1, " "1, "0
 "Nei114, 0.432, " "0.475, " "1, " "1, " "1, " "1, " "1, " "1, " "1, " "1, " "1, " "1, " "1, " "1, " "1, " "1, " "1, " "1, " "1, " "1, " "1, " "1, " "1, " "1, " "1, " "1, " "1, " "1, " "1, " "1, " "1, " "1, " "1, " "1, " "1, " "1, " "1, " "1, " "1, " "1, " "1, " "1, " "1, " "1, " "1, " "1, " "1, " "1, " "1, " "1, " "1, " "1, " "1, " "1, " "1, " "1, " "1, " "1, " "1, " "1, " "1, " "1, " "1, " "1, " "1, " "1, " "1, " "1, " "1, " "1, " "1, " "1, " "1, " "1, " "1, " "1, " "1, " "1, " "1, " "1, " "1, " "1, " "1, " "1, " "1, " "1, " "1, " "1, " "1, " "1, " "1, " "1, " "1, " "1, " "1, " "1, " "1, " "1, " "1, " "1, " "1, " "1, " "1, " "1, " "1, " "1, " "1, " "1, " "1, " "1, " "1, " "1, " "1, " "1, " "1, " "1, " "0, " "1, " "1, " "1, " "1, " "1, " "1, " "1, " "1, " "1, " "1, " "1, " "1, " "1, " "1, "0
 "Nei115, 0.095, " "-0.166, " "1, " "1, " "1, " "1, " "1, " "1, " "1, " "1, " "1, " "1, " "1, " "1, " "1, " "1, " "1, " "1, " "1, " "1, " "1, " "1, " "1, " "1, " "1, " "1, " "1, " "1, " "1, " "1, " "1, " "1, " "1, " "1, " "1, " "1, " "1, " "1, " "1, " "1, " "1, " "1, " "1, " "1, " "1, " "1, " "1, " "1, " "1, " "1, " "1, " "1, " "1, " "1, " "1, " "1, " "1, " "1, " "1, " "1, " "1, " "1, " "1, " "1, " "1, " "1, " "1, " "1, " "1, " "1, " "1, " "1, " "1, " "1, " "1, " "1, " "1, " "1, " "1, " "1, " "1, " "1, " "1, " "1, " "1, " "1, " "1, " "1, " "1, " "1, " "1, " "1, " "1, " "1, " "1, " "1, " "1, " "1, " "1, " "1, " "1, " "1, " "1, " "1, " "1, " "1, " "1, " "1, " "1, " "1, " "1, " "1, " "1, " "1, " "1, " "1, " "1, " "0, " "1, " "1, " "1, " "1, " "1, " "1, " "1, " "1, " "1, " "1, " "1, " "1, " "1, "0
 "Nei116, 0.52, " "0.732, " "1, " "1, " "1, " "1, " "1, " "1, " "1, " "1, " "1, " "1, " "1, " "1, " "1, " "1, " "1, " "1, " "1, " "1, " "1, " "1, " "1, " "1, " "1, " "1, " "1, " "1, " "1, " "1, " "1, " "1, " "1, " "1, " "1, " "1, " "1, " "1, " "1, " "1, " "1, " "1, " "1, " "1, " "1, " "1, " "1, " "1, " "1, " "1, " "1, " "1, " "1, " "1, " "1, " "1, " "1, " "1, " "1, " "1, " "1, " "1, " "1, " "1, " "1, " "1, " "1, " "1, " "1, " "1, " "1, " "1, " "1, " "1, " "1, " "1, " "1, " "1, " "1, " "1, " "1, " "1, " "1, " "1, " "1, " "1, " "1, " "1, " "1, " "1, " "1, " "1, " "1, " "1, " "1, " "1, " "1, " "1, " "1, " "1, " "1, " "1, " "1, " "1, " "1, " "1, " "1, " "1, " "1, " "1, " "1, " "1, " "1, " "1, " "1, " "1, " "1, " "1, " "0, " "1, " "1, " "1, " "1, " "1, " "1, " "1, " "1, " "1, " "1, " "1, " "1, "0
 "Nei117, 0.37, " "-0.781, " "1, " "1, " "1, " "1, " "1, " "1, " "1, " "1, " "1, " "1, " "1, " "1, " "1, " "1, " "1, " "1, " "1, " "1, " "1, " "1, " "1, " "1, " "1, " "1, " "1, " "1, " "1, " "1, " "1, " "1, " "1, " "1, " "1, " "1, " "1, " "1, " "1, " "1, " "1, " "1, " "1, " "1, " "1, " "1, " "1, " "1, " "1, " "1, " "1, " "1, " "1, " "1, " "1, " "1, " "1, " "1, " "1, " "1, " "1, " "1, " "1, " "1, " "1, " "1, " "1, " "1, " "1, " "1, " "1, " "1, " "1, " "1, " "1, " "1, " "1, " "1, " "1, " "1, " "1, " "1, " "1, " "1, " "1, " "1, " "1, " "1, " "1, " "1, " "1, " "1, " "1, " "1, " "1, " "1, " "1, " "1, " "1, " "1, " "1, " "1, " "1, " "1, " "1, " "1, " "1, " "1, " "1, " "1, " "1, " "1, " "1, " "1, " "1, " "1, " "1, " "1, " "1, " "0, " "1, " "1, " "1, " "1, " "1, " "1, " "1, " "1, " "1, " "1, " "1, "0
 "Nei118, 0.275, " "-0.279, " "1, " "1, " "1, " "1, " "1, " "1, " "1, " "1, " "1, " "1, " "1, " "1, " "1, " "1, " "1, " "1, " "1, " "1, " "1, " "1, " "1, " "1, " "1, " "1, " "1, " "1, " "1, " "1, " "1, " "1, " "1, " "1, " "1, " "1, " "1, " "1, " "1, " "1, " "1, " "1, " "1, " "1, " "1, " "1, " "1, " "1, " "1, " "1, " "1, " "1, " "1, " "1, " "1, " "1, " "1, " "1, " "1, " "1, " "1, " "1, " "1, " "1, " "1, " "1, " "1, " "1, " "1, " "1, " "1, " "1, " "1, " "1, " "1, " "1, " "1, " "1, " "1, " "1, " "1, " "1, " "1, " "1, " "1, " "1, " "1, " "1, " "1, " "1, " "1, " "1, " "1, " "1, " "1, " "1, " "1, " "1, " "1, " "1, " "1, " "1, " "1, " "1, " "1, " "1, " "1, " "1, " "1, " "1, " "1, " "1, " "1, " "1, " "1, " "1, " "1, " "1, " "1, " "1, " "0, " "1, " "1, " "1, " "1, " "1, " "1, " "1, " "1, " "1, " "1, "0
 "Nei119, 0.456, " "0.6, " "1, " "1, " "1, " "1, " "1, " "1, " "1, " "1, " "1, " "1, " "1, " "1, " "1, " "1, " "1, " "1, " "1, " "1, " "1, " "1, " "1, " "1, " "1, " "1, " "1, " "1, " "1, " "1, " "1, " "1, " "1, " "1, " "1, " "1, " "1, " "1, " "1, " "1, " "1, " "1, " "1, " "1, " "1, " "1, " "1, " "1, " "1, " "1, " "1, " "1, " "1, " "1, " "1, " "1, " "1, " "1, " "1, " "1, " "1, " "1, " "1, " "1, " "1, " "1, " "1, " "1, " "1, " "1, " "1, " "1, " "1, " "1, " "1, " "1, " "1, " "1, " "1, " "1, " "1, " "1, " "1, " "1, " "1, " "1, " "1, " "1, " "1, " "1, " "1, " "1, " "1, " "1, " "1, " "1, " "1, " "1, " "1, " "1, " "1, " "1, " "1, " "1, " "1, " "1, " "1, " "1, " "1, " "1, " "1, " "1, " "1, " "1, " "1, " "1, " "1, " "1, " "1, " "1, " "1, " "0, " "1, " "1, " "1, " "1, " "1, " "1, " "1, " "1, " "1, "0
 "Nei120, 0.225, " "0.45, " "1, " "1, " "1, " "1, " "1, " "1, " "1, " "1, " "1, " "1, " "1, " "1, " "1, " "1, " "1, " "1, " "1, " "1, " "1, " "1, " "1, " "1, " "1, " "1, " "1, " "1, " "1, " "1, " "1, " "1, " "1, " "1, " "1, " "1, " "1, " "1, " "1, " "1, " "1, " "1, " "1, " "1, " "1, " "1, " "1, " "1, " "1, " "1, " "1, " "1, " "1, " "1, " "1, " "1, " "1, " "1, " "1, " "1, " "1, " "1, " "1, " "1, " "1, " "1, " "1, " "1, " "1, " "1, " "1, " "1, " "1, " "1, " "1, " "1, " "1, " "1, " "1, " "1, " "1, " "1, " "1, " "1, " "1, " "1, " "1, " "1, " "1, " "1, " "1, " "1, " "1, " "1, " "1, " "1, " "1, " "1, " "1, " "1, " "1, " "1, " "1, " "1, " "1, " "1, " "1, " "1, " "1, " "1, " "1, " "1, " "1, " "1, " "1, " "1, " "1, " "1, " "1, " "1, " "1, " "1, " "0, " "1, " "1, " "1, " "1, " "1, " "1, " "1, " "1, "0
 "Nei121, 0.592, " "-0.596, " "1, " "1, " "1, " "1, " "1, " "1, " "1, " "1, " "1, " "1, " "1, " "1, " "1, " "1, " "1, " "1, " "1, " "1, " "1, " "1, " "1, " "1, " "1, " "1, " "1, " "1, " "1, " "1, " "1, " "1, " "1, " "1, " "1, " "1, " "1, " "1, " "1, " "1, " "1, " "1, " "1, " "1, " "1, " "1, " "1, " "1, " "1, " "1, " "1, " "1, " "1, " "1, " "1, " "1, " "1, " "1, " "1, " "1, " "1, " "1, " "1, " "1, " "1, " "1, " "1, " "1, " "1, " "1, " "1, " "1, " "1, " "1, " "1, " "1, " "1, " "1, " "1, " "1, " "1, " "1, " "1, " "1, " "1, " "1, " "1, " "1, " "1, " "1, " "1, " "1, " "1, " "1, " "1, " "1, " "1, " "1, " "1, " "1, " "1, " "1, " "1, " "1, " "1, " "1, " "1, " "1, " "1, " "1, " "1, " "1, " "1, " "1, " "1, " "1, " "1, " "1, " "1, " "1, " "1, " "1, " "1, " "0, " "1, " "1, " "1, " "1, " "1, " "1, " "1, "0
 "Nei122, 0.357, " "-0.001, " "1, " "1, " "1, " "1, " "1, " "1, " "1, " "1, " "1, " "1, " "1, " "1, " "1, " "1, " "1, " "1, " "1, " "1, " "1, " "1, " "1, " "1, " "1, " "1, " "1, " "1, " "1, " "1, " "1, " "1, " "1, " "1, " "1, " "1, " "1, " "1, " "1, " "1, " "1, " "1, " "1, " "1, " "1, " "1, " "1, " "1, " "1, " "1, " "1, " "1, " "1, " "1, " "1, " "1, " "1, " "1, " "1, " "1, " "1, " "1, " "1, " "1, " "1, " "1, " "1, " "1, " "1, " "1, " "1, " "1, " "1, " "1, " "1, " "1, " "1, " "1, " "1, " "1, " "1, " "1, " "1, " "1, " "1, " "1, " "1, " "1, " "1, " "1, " "1, " "1, " "1, " "1, " "1, " "1, " "1, " "1, " "1, " "1, " "1, " "1, " "1, " "1, " "1, " "1, " "1, " "1, " "1, " "1, " "1, " "1, " "1, " "1, " "1, " "1, " "1, " "1, " "1, " "1, " "1, " "1, " "1, " "1, " "0, " "1, " "1, " "1, " "1, " "1, " "1, "0
 "Nei123, 0.261, " "0.502, " "1, " "1, " "1, " "1, " "1, " "1, " "1, " "1, " "1, " "1, " "1, " "1, " "1, " "1, " "1, " "1, " "1, " "1, " "1, " "1, " "1, " "1, " "1, " "1, " "1, " "1, " "1, " "1, " "1, " "1, " "1, " "1, " "1, " "1, " "1, " "1, " "1, " "1, " "1, " "1, " "1, " "1, " "1, " "1, " "1, " "1, " "1, " "1, " "1, " "1, " "1, " "1, " "1, " "1, " "1, " "1, " "1, " "1, " "1, " "1, " "1, " "1, " "1, " "1, " "1, " "1, " "1, " "1, " "1, " "1, " "1, " "1, " "1, " "1, " "1, " "1, " "1, " "1, " "1, " "1, " "1, " "1, " "1, " "1, " "1, " "1, " "1, " "1, " "1, " "1, " "1, " "1, " "1, " "1, " "1, " "1, " "1, " "1, " "1, " "1, " "1, " "1, " "1, " "1, " "1, " "1, " "1, " "1, " "1, " "1, " "1, " "1, " "1, " "1, " "1, " "1, " "1, " "1, " "1, " "1, " "1, " "1, " "1, " "0, " "1, " "1, " "1, " "1, " "1, "0
 "Nei124, 0.407, " "-0.566, " "1, " "1, " "1, " "1, " "1, " "1, " "1, " "1, " "1, " "1, " "1, " "1, " "1, " "1, " "1, " "1, " "1, " "1, " "1, " "1, " "1, " "1, " "1, " "1, " "1, " "1, " "1, " "1, " "1, " "1, " "1, " "1, " "1, " "1, " "1, " "1, " "1, " "1, " "1, " "1, " "1, " "1, " "1, " "1, " "1, " "1, " "1, " "1, " "1, " "1, " "1, " "1, " "1, " "1, " "1, " "1, " "1, " "1, " "1, " "1, " "1, " "1, " "1, " "1, " "1, " "1, " "1, " "1, " "1, " "1, " "1, " "1, " "1, " "1, " "1, " "1, " "1, " "1, " "1, " "1, " "1, " "1, " "1, " "1, " "1, " "1, " "1, " "1, " "1, " "1, " "1, " "1, " "1, " "1, " "1, " "1, " "1, " "1, " "1, " "1, " "1, " "1, " "1, " "1, " "1, " "1, " "1, " "1, " "1, " "1, " "1, " "1, " "1, " "1, " "1, " "1, " "1, " "1, " "1, " "1, " "1, " "1, " "1, " "1, " "0, " "1, " "1, " "1, " "1, "0
 "Nei125, 0.107, " "0.333, " "1, " "1, " "1, " "1, " "1, " "1, " "1, " "1, " "1, " "1, " "1, " "1, " "1, " "1, " "1, " "1, " "1, " "1, " "1, " "1, " "1, " "1, " "1, " "1, " "1, " "1, " "1, " "1, " "1, " "1, " "1, " "1, " "1, " "1, " "1, " "1, " "1, " "1, " "1, " "1, " "1, " "1, " "1, " "1, " "1, " "1, " "1, " "1, " "1, " "1, " "1, " "1, " "1, " "1, " "1, " "1, " "1, " "1, " "1, " "1, " "1, " "1, " "1, " "1, " "1, " "1, " "1, " "1, " "1, " "1, " "1, " "1, " "1, " "1, " "1, " "1, " "1, " "1, " "1, " "1, " "1, " "1, " "1, " "1, " "1, " "1, " "1, " "1, " "1, " "1, " "1, " "1, " "1, " "1, " "1, " "1, " "1, " "1, " "1, " "1, " "1, " "1, " "1, " "1, " "1, " "1, " "1, " "1, " "1, " "1, " "1, " "1, " "1, " "1, " "1, " "1, " "1, " "1, " "1, " "1, " "1, " "1, " "1, " "1, " "1, " "0, " "1, " "1, " "1, "0
 "Nei126, 0.088, " "0.664, " "1, " "1, " "1, " "1, " "1, " "1, " "1, " "1, " "1, " "1, " "1, " "1, " "1, " "1, " "1, " "1, " "1, " "1, " "1, " "1, " "1, " "1, " "1, " "1, " "1, " "1, " "1, " "1, " "1, " "1, " "1, " "1, " "1, " "1, " "1, " "1, " "1, " "1, " "1, " "1, " "1, " "1, " "1, " "1, " "1, " "1, " "1, " "1, " "1, " "1, " "1, " "1, " "1, " "1, " "1, " "1, " "1, " "1, " "1, " "1, " "1, " "1, " "1, " "1, " "1, " "1, " "1, " "1, " "1, " "1, " "1, " "1, " "1, " "1, " "1, " "1, " "1, " "1, " "1, " "1, " "1, " "1, " "1, " "1, " "1, " "1, " "1, " "1, " "1, " "1, " "1, " "1, " "1, " "1, " "1, " "1, " "1, " "1, " "1, " "1, " "1, " "1, " "1, " "1, " "1, " "1, " "1, " "1, " "1, " "1, " "1, " "1, " "1, " "1, " "1, " "1, " "1, " "1, " "1, " "1, " "1, " "1, " "1, " "1, " "1, " "1, " "0, " "1, " "1, "0
 "Nei127, 0.32, " "0.048, " "1, " "1, " "1, " "1, " "1, " "1, " "1, " "1, " "1, " "1, " "1, " "1, " "1, " "1, " "1, " "1, " "1, " "1, " "1, " "1, " "1, " "1, " "1, " "1, " "1, " "1, " "1, " "1, " "1, " "1, " "1, " "1, " "1, " "1, " "1, " "1, " "1, " "1, " "1, " "1, " "1, " "1, " "1, " "1, " "1, " "1, " "1, " "1, " "1, " "1, " "1, " "1, " "1, " "1, " "1, " "1, " "1, " "1, " "1, " "1, " "1, " "1, " "1, " "1, " "1, " "1, " "1, " "1, " "1, " "1, " "1, " "1, " "1, " "1, " "1, " "1, " "1, " "1, " "1, " "1, " "1, " "1, " "1, " "1, " "1, " "1, " "1, " "1, " "1, " "1, " "1, " "1, " "1, " "1, " "1, " "1, " "1, " "1, " "1, " "1, " "1, " "1, " "1, " "1, " "1, " "1, " "1, " "1, " "1, " "1, " "1, " "1, " "1, " "1, " "1, " "1, " "1, " "1, " "1, " "1, " "1, " "1, " "1, " "1, " "1, " "1, " "1, " "0, " "1, "0
 "Nei128, 0.361, " "0.163, " "1, " "1, " "1, " "1, " "1, " "1, " "1, " "1, " "1, " "1, " "1, " "1, " "1, " "1, " "1, " "1, " "1, " "1, " "1, " "1, " "1, " "1, " "1, " "1, " "1, " "1, " "1, " "1, " "1, " "1, " "1, " "1, " "1, " "1, " "1, " "1, " "1, " "1, " "1, " "1, " "1, " "1, " "1, " "1, " "1, " "1, " "1, " "1, " "1, " "1, " "1, " "1, " "1, " "1, " "1, " "1, " "1, " "1, " "1, " "1, " "1, " "1, " "1, " "1, " "1, " "1, " "1, " "1, " "1, " "1, " "1, " "1, " "1, " "1, " "1, " "1, " "1, " "1, " "1, " "1, " "1, " "1, " "1, " "1, " "1, " "1, " "1, " "1, " "1, " "1, " "1, " "1, " "1, " "1, " "1, " "1, " "1, " "1, " "1, " "1, " "1, " "1, " "1, " "1, " "1, " "1, " "1, " "1, " "1, " "1, " "1, " "1, " "1, " "1, " "1, " "1, " "1, " "1, " "1, " "1, " "1, " "1, " "1, " "1, " "1, " "1, " "1, " "1, " "0, "0
 "Nei0, 0.165, " "-0.011, " "0, " "1, " "1, " "1, " "1, " "1, " "1, " "1, " "1, " "1, " "1, " "1, " "1, " "1, " "1, " "1, " "1, " "1, " "1, " "1, " "1, " "1, " "1, " "1, " "1, " "1, " "1, " "1, " "1, " "1, " "1, " "1, " "1, " "1, " "1, " "1, " "1, " "1, " "1, " "1, " "1, " "1, " "1, " "1, " "1, " "1, " "1, " "1, " "1, " "1, " "1, " "1, " "1, " "1, " "1, " "1, " "1, " "1, " "1, " "1, " "1, " "1, " "1, " "1, " "1, " "1, " "1, " "1, " "1, " "1, " "1, " "1, " "1, " "1, " "1, " "1, " "1, " "1, " "1, " "1, " "1, " "1, " "1, " "1, " "1, " "1, " "1, " "1, " "1, " "1, " "1, " "1, " "1, " "1, " "1, " "1, " "1, " "1, " "1, " "1, " "1, " "1, " "1, " "1, " "1, " "1, " "1, " "1, " "1, " "1, " "1, " "1, " "1, " "1, " "1, " "1, " "1, " "1, " "1, " "1, " "1, " "1, " "1, " "1, " "1, " "1, " "1, " "1, " "1, "204
 "Nei1, 0.447, " "-0.011, " "1, " "0, " "1, " "1, " "1, " "1, " "1, " "1, " "1, " "1, " "1, " "1, " "1, " "1, " "1, " "1, " "1, " "1, " "1, " "1, " "1, " "1, " "1, " "1, " "1, " "1, " "1, " "1, " "1, " "1, " "1, " "1, " "1, " "1, " "1, " "1, " "1, " "1, " "1, " "1, " "1, " "1, " "1, " "1, " "1, " "1, " "1, " "1, " "1, " "1, " "1, " "1, " "1, " "1, " "1, " "1, " "1, " "1, " "1, " "1, " "1, " "1, " "1, " "1, " "1, " "1, " "1, " "1, " "1, " "1, " "1, " "1, " "1, " "1, " "1, " "1, " "1, " "1, " "1, " "1, " "1, " "1, " "1, " "1, " "1, " "1, " "1, " "1, " "1, " "1, " "1, " "1, " "1, " "1, " "1, " "1, " "1, " "1, " "1, " "1, " "1, " "1, " "1, " "1, " "1, " "1, " "1, " "1, " "1, " "1, " "1, " "1, " "1, " "1, " "1, " "1, " "1, " "1, " "1, " "1, " "1, " "1, " "1, " "1, " "1, " "1, " "1, " "1, " "1, "204
 "Nei2, 0.048, " "-0.011, " "1, " "1, " "0, " "1, " "1, " "1, " "1, " "1, " "1, " "1, " "1, " "1, " "1, " "1, " "1, " "1, " "1, " "1, " "1, " "1, " "1, " "1, " "1, " "1, " "1, " "1, " "1, " "1, " "1, " "1, " "1, " "1, " "1, " "1, " "1, " "1, " "1, " "1, " "1, " "1, " "1, " "1, " "1, " "1, " "1, " "1, " "1, " "1, " "1, " "1, " "1, " "1, " "1, " "1, " "1, " "1, " "1, " "1, " "1, " "1, " "1, " "1, " "1, " "1, " "1, " "1, " "1, " "1, " "1, " "1, " "1, " "1, " "1, " "1, " "1, " "1, " "1, " "1, " "1, " "1, " "1, " "1, " "1, " "1, " "1, " "1, " "1, " "1, " "1, " "1, " "1, " "1, " "1, " "1, " "1, " "1, " "1, " "1, " "1, " "1, " "1, " "1, " "1, " "1, " "1, " "1, " "1, " "1, " "1, " "1, " "1, " "1, " "1, " "1, " "1, " "1, " "1, " "1, " "1, " "1, " "1, " "1, " "1, " "1, " "1, " "1, " "1, " "1, " "1, "204
 "Nei3, 0.112, " "-0.011, " "1, " "1, " "1, " "0, " "1, " "1, " "1, " "1, " "1, " "1, " "1, " "1, " "1, " "1, " "1, " "1, " "1, " "1, " "1, " "1, " "1, " "1, " "1, " "1, " "1, " "1, " "1, " "1, " "1, " "1, " "1, " "1, " "1, " "1, " "1, " "1, " "1, " "1, " "1, " "1, " "1, " "1, " "1, " "1, " "1, " "1, " "1, " "1, " "1, " "1, " "1, " "1, " "1, " "1, " "1, " "1, " "1, " "1, " "1, " "1, " "1, " "1, " "1, " "1, " "1, " "1, " "1, " "1, " "1, " "1, " "1, " "1, " "1, " "1, " "1, " "1, " "1, " "1, " "1, " "1, " "1, " "1, " "1, " "1, " "1, " "1, " "1, " "1, " "1, " "1, " "1, " "1, " "1, " "1, " "1, " "1, " "1, " "1, " "1, " "1, " "1, " "1, " "1, " "1, " "1, " "1, " "1, " "1, " "1, " "1, " "1, " "1, " "1, " "1, " "1, " "1, " "1, " "1, " "1, " "1, " "1, " "1, " "1, " "1, " "1, " "1, " "1, " "1, " "1, "204
 "Nei4, 0.443, " "-0.011, " "1, " "1, " "1, " "1, " "0, " "1, " "1, " "1, " "1, " "1, " "1, " "1, " "1, " "1, " "1, " "1, " "1, " "1, " "1, " "1, " "1, " "1, " "1, " "1, " "1, " "1, " "1, " "1, " "1, " "1, " "1, " "1, " "1, " "1, " "1, " "1, " "1, " "1, " "1, " "1, " "1, " "1, " "1, " "1, " "1, " "1, " "1, " "1, " "1, " "1, " "1, " "1, " "1, " "1, " "1, " "1, " "1, " "1, " "1, " "1, " "1, " "1, " "1, " "1, " "1, " "1, " "1, " "1, " "1, " "1, " "1, " "1, " "1, " "1, " "1, " "1, " "1, " "1, " "1, " "1, " "1, " "1, " "1, " "1, " "1, " "1, " "1, " "1, " "1, " "1, " "1, " "1, " "1, " "1, " "1, " "1, " "1, " "1, " "1, " "1, " "1, " "1, " "1, " "1, " "1, " "1, " "1, " "1, " "1, " "1, " "1, " "1, " "1, " "1, " "1, " "1, " "1, " "1, " "1, " "1, " "1, " "1, " "1, " "1, " "1, " "1, " "1, " "1, " "1, "204
 "Nei5, 0.222, " "-0.011, " "1, " "1, " "1, " "1, " "1, " "0, " "1, " "1, " "1, " "1, " "1, " "1, " "1, " "1, " "1, " "1, " "1, " "1, " "1, " "1, " "1, " "1, " "1, " "1, " "1, " "1, " "1, " "1, " "1, " "1, " "1, " "1, " "1, " "1, " "1, " "1, " "1, " "1, " "1, " "1, " "1, " "1, " "1, " "1, " "1, " "1, " "1, " "1, " "1, " "1, " "1, " "1, " "1, " "1, " "1, " "1, " "1, " "1, " "1, " "1, " "1, " "1, " "1, " "1, " "1, " "1, " "1, " "1, " "1, " "1, " "1, " "1, " "1, " "1, " "1, " "1, " "1, " "1, " "1, " "1, " "1, " "1, " "1, " "1, " "1, " "1, " "1, " "1, " "1, " "1, " "1, " "1, " "1, " "1, " "1, " "1, " "1, " "1, " "1, " "1, " "1, " "1, " "1, " "1, " "1, " "1, " "1, " "1, " "1, " "1, " "1, " "1, " "1, " "1, " "1, " "1, " "1, " "1, " "1, " "1, " "1, " "1, " "1, " "1, " "1, " "1, " "1, " "1, " "1, "204
 "Nei6, 0.557, " "-0.011, " "1, " "1, " "1, " "1, " "1, " "1, " "0, " "1, " "1, " "1, " "1, " "1, " "1, " "1, " "1, " "1, " "1, " "1, " "1, " "1, " "1, " "1, " "1, " "1, " "1, " "1, " "1, " "1, " "1, " "1, " "1, " "1, " "1, " "1, " "1, " "1, " "1, " "1, " "1, " "1, " "1, " "1, " "1, " "1, " "1, " "1, " "1, " "1, " "1, " "1, " "1, " "1, " "1, " "1, " "1, " "1, " "1, " "1, " "1, " "1, " "1, " "1, " "1, " "1, " "1, " "1, " "1, " "1, " "1, " "1, " "1, " "1, " "1, " "1, " "1, " "1, " "1, " "1, " "1, " "1, " "1, " "1, " "1, " "1, " "1, " "1, " "1, " "1, " "1, " "1, " "1, " "1, " "1, " "1, " "1, " "1, " "1, " "1, " "1, " "1, " "1, " "1, " "1, " "1, " "1, " "1, " "1, " "1, " "1, " "1, " "1, " "1, " "1, " "1, " "1, " "1, " "1, " "1, " "1, " "1, " "1, " "1, " "1, " "1, " "1, " "1, " "1, " "1, " "1, "204
 "Nei7, 0.369, " "-0.011, " "1, " "1, " "1, " "1, " "1, " "1, " "1, " "0, " "1, " "1, " "1, " "1, " "1, " "1, " "1, " "1, " "1, " "1, " "1, " "1, " "1, " "1, " "1, " "1, " "1, " "1, " "1, " "1, " "1, " "1, " "1, " "1, " "1, " "1, " "1, " "1, " "1, " "1, " "1, " "1, " "1, " "1, " "1, " "1, " "1, " "1, " "1, " "1, " "1, " "1, " "1, " "1, " "1, " "1, " "1, " "1, " "1, " "1, " "1, " "1, " "1, " "1, " "1, " "1, " "1, " "1, " "1, " "1, " "1, " "1, " "1, " "1, " "1, " "1, " "1, " "1, " "1, " "1, " "1, " "1, " "1, " "1, " "1, " "1, " "1, " "1, " "1, " "1, " "1, " "1, " "1, " "1, " "1, " "1, " "1, " "1, " "1, " "1, " "1, " "1, " "1, " "1, " "1, " "1, " "1, " "1, " "1, " "1, " "1, " "1, " "1, " "1, " "1, " "1, " "1, " "1, " "1, " "1, " "1, " "1, " "1, " "1, " "1, " "1, " "1, " "1, " "1, " "1, " "1, "204
 "Nei8, 0.417, " "-0.011, " "1, " "1, " "1, " "1, " "1, " "1, " "1, " "1, " "0, " "1, " "1, " "1, " "1, " "1, " "1, " "1, " "1, " "1, " "1, " "1, " "1, " "1, " "1, " "1, " "1, " "1, " "1, " "1, " "1, " "1, " "1, " "1, " "1, " "1, " "1, " "1, " "1, " "1, " "1, " "1, " "1, " "1, " "1, " "1, " "1, " "1, " "1, " "1, " "1, " "1, " "1, " "1, " "1, " "1, " "1, " "1, " "1, " "1, " "1, " "1, " "1, " "1, " "1, " "1, " "1, " "1, " "1, " "1, " "1, " "1, " "1, " "1, " "1, " "1, " "1, " "1, " "1, " "1, " "1, " "1, " "1, " "1, " "1, " "1, " "1, " "1, " "1, " "1, " "1, " "1, " "1, " "1, " "1, " "1, " "1, " "1, " "1, " "1, " "1, " "1, " "1, " "1, " "1, " "1, " "1, " "1, " "1, " "1, " "1, " "1, " "1, " "1, " "1, " "1, " "1, " "1, " "1, " "1, " "1, " "1, " "1, " "1, " "1, " "1, " "1, " "1, " "1, " "1, " "1, "204
 "Nei9, 0.155, " "-0.011, " "1, " "1, " "1, " "1, " "1, " "1, " "1, " "1, " "1, " "0, " "1, " "1, " "1, " "1, " "1, " "1, " "1, " "1, " "1, " "1, " "1, " "1, " "1, " "1, " "1, " "1, " "1, " "1, " "1, " "1, " "1, " "1, " "1, " "1, " "1, " "1, " "1, " "1, " "1, " "1, " "1, " "1, " "1, " "1, " "1, " "1, " "1, " "1, " "1, " "1, " "1, " "1, " "1, " "1, " "1, " "1, " "1, " "1, " "1, " "1, " "1, " "1, " "1, " "1, " "1, " "1, " "1, " "1, " "1, " "1, " "1, " "1, " "1, " "1, " "1, " "1, " "1, " "1, " "1, " "1, " "1, " "1, " "1, " "1, " "1, " "1, " "1, " "1, " "1, " "1, " "1, " "1, " "1, " "1, " "1, " "1, " "1, " "1, " "1, " "1, " "1, " "1, " "1, " "1, " "1, " "1, " "1, " "1, " "1, " "1, " "1, " "1, " "1, " "1, " "1, " "1, " "1, " "1, " "1, " "1, " "1, " "1, " "1, " "1, " "1, " "1, " "1, " "1, " "1, "204
 "Nei10, 0.106, " "-0.011, " "1, " "1, " "1, " "1, " "1, " "1, " "1, " "1, " "1, " "1, " "0, " "1, " "1, " "1, " "1, " "1, " "1, " "1, " "1, " "1, " "1, " "1, " "1, " "1, " "1, " "1, " "1, " "1, " "1, " "1, " "1, " "1, " "1, " "1, " "1, " "1, " "1, " "1, " "1, " "1, " "1, " "1, " "1, " "1, " "1, " "1, " "1, " "1, " "1, " "1, " "1, " "1, " "1, " "1, " "1, " "1, " "1, " "1, " "1, " "1, " "1, " "1, " "1, " "1, " "1, " "1, " "1, " "1, " "1, " "1, " "1, " "1, " "1, " "1, " "1, " "1, " "1, " "1, " "1, " "1, " "1, " "1, " "1, " "1, " "1, " "1, " "1, " "1, " "1, " "1, " "1, " "1, " "1, " "1, " "1, " "1, " "1, " "1, " "1, " "1, " "1, " "1, " "1, " "1, " "1, " "1, " "1, " "1, " "1, " "1, " "1, " "1, " "1, " "1, " "1, " "1, " "1, " "1, " "1, " "1, " "1, " "1, " "1, " "1, " "1, " "1, " "1, " "1, " "1, "204
 "Nei11, 0.309, " "-0.011, " "1, " "1, " "1, " "1, " "1, " "1, " "1, " "1, " "1, " "1, " "1, " "0, " "1, " "1, " "1, " "1, " "1, " "1, " "1, " "1, " "1, " "1, " "1, " "1, " "1, " "1, " "1, " "1, " "1, " "1, " "1, " "1, " "1, " "1, " "1, " "1, " "1, " "1, " "1, " "1, " "1, " "1, " "1, " "1, " "1, " "1, " "1, " "1, " "1, " "1, " "1, " "1, " "1, " "1, " "1, " "1, " "1, " "1, " "1, " "1, " "1, " "1, " "1, " "1, " "1, " "1, " "1, " "1, " "1, " "1, " "1, " "1, " "1, " "1, " "1, " "1, " "1, " "1, " "1, " "1, " "1, " "1, " "1, " "1, " "1, " "1, " "1, " "1, " "1, " "1, " "1, " "1, " "1, " "1, " "1, " "1, " "1, " "1, " "1, " "1, " "1, " "1, " "1, " "1, " "1, " "1, " "1, " "1, " "1, " "1, " "1, " "1, " "1, " "1, " "1, " "1, " "1, " "1, " "1, " "1, " "1, " "1, " "1, " "1, " "1, " "1, " "1, " "1, " "1, "204
 "Nei12, 0.355, " "-0.011, " "1, " "1, " "1, " "1, " "1, " "1, " "1, " "1, " "1, " "1, " "1, " "1, " "0, " "1, " "1, " "1, " "1, " "1, " "1, " "1, " "1, " "1, " "1, " "1, " "1, " "1, " "1, " "1, " "1, " "1, " "1, " "1, " "1, " "1, " "1, " "1, " "1, " "1, " "1, " "1, " "1, " "1, " "1, " "1, " "1, " "1, " "1, " "1, " "1, " "1, " "1, " "1, " "1, " "1, " "1, " "1, " "1, " "1, " "1, " "1, " "1, " "1, " "1, " "1, " "1, " "1, " "1, " "1, " "1, " "1, " "1, " "1, " "1, " "1, " "1, " "1, " "1, " "1, " "1, " "1, " "1, " "1, " "1, " "1, " "1, " "1, " "1, " "1, " "1, " "1, " "1, " "1, " "1, " "1, " "1, " "1, " "1, " "1, " "1, " "1, " "1, " "1, " "1, " "1, " "1, " "1, " "1, " "1, " "1, " "1, " "1, " "1, " "1, " "1, " "1, " "1, " "1, " "1, " "1, " "1, " "1, " "1, " "1, " "1, " "1, " "1, " "1, " "1, " "1, "204
 "Nei13, 0.348, " "-0.011, " "1, " "1, " "1, " "1, " "1, " "1, " "1, " "1, " "1, " "1, " "1, " "1, " "1, " "0, " "1, " "1, " "1, " "1, " "1, " "1, " "1, " "1, " "1, " "1, " "1, " "1, " "1, " "1, " "1, " "1, " "1, " "1, " "1, " "1, " "1, " "1, " "1, " "1, " "1, " "1, " "1, " "1, " "1, " "1, " "1, " "1, " "1, " "1, " "1, " "1, " "1, " "1, " "1, " "1, " "1, " "1, " "1, " "1, " "1, " "1, " "1, " "1, " "1, " "1, " "1, " "1, " "1, " "1, " "1, " "1, " "1, " "1, " "1, " "1, " "1, " "1, " "1, " "1, " "1, " "1, " "1, " "1, " "1, " "1, " "1, " "1, " "1, " "1, " "1, " "1, " "1, " "1, " "1, " "1, " "1, " "1, " "1, " "1, " "1, " "1, " "1, " "1, " "1, " "1, " "1, " "1, " "1, " "1, " "1, " "1, " "1, " "1, " "1, " "1, " "1, " "1, " "1, " "1, " "1, " "1, " "1, " "1, " "1, " "1, " "1, " "1, " "1, " "1, " "1, "204
 "Nei14, 0.432, " "-0.011, " "1, " "1, " "1, " "1, " "1, " "1, " "1, " "1, " "1, " "1, " "1, " "1, " "1, " "1, " "0, " "1, " "1, " "1, " "1, " "1, " "1, " "1, " "1, " "1, " "1, " "1, " "1, " "1, " "1, " "1, " "1, " "1, " "1, " "1, " "1, " "1, " "1, " "1, " "1, " "1, " "1, " "1, " "1, " "1, " "1, " "1, " "1, " "1, " "1, " "1, " "1, " "1, " "1, " "1, " "1, " "1, " "1, " "1, " "1, " "1, " "1, " "1, " "1, " "1, " "1, " "1, " "1, " "1, " "1, " "1, " "1, " "1, " "1, " "1, " "1, " "1, " "1, " "1, " "1, " "1, " "1, " "1, " "1, " "1, " "1, " "1, " "1, " "1, " "1, " "1, " "1, " "1, " "1, " "1, " "1, " "1, " "1, " "1, " "1, " "1, " "1, " "1, " "1, " "1, " "1, " "1, " "1, " "1, " "1, " "1, " "1, " "1, " "1, " "1, " "1, " "1, " "1, " "1, " "1, " "1, " "1, " "1, " "1, " "1, " "1, " "1, " "1, " "1, " "1, "204
 "Nei15, 0.468, " "-0.011, " "1, " "1, " "1, " "1, " "1, " "1, " "1, " "1, " "1, " "1, " "1, " "1, " "1, " "1, " "1, " "0, " "1, " "1, " "1, " "1, " "1, " "1, " "1, " "1, " "1, " "1, " "1, " "1, " "1, " "1, " "1, " "1, " "1, " "1, " "1, " "1, " "1, " "1, " "1, " "1, " "1, " "1, " "1, " "1, " "1, " "1, " "1, " "1, " "1, " "1, " "1, " "1, " "1, " "1, " "1, " "1, " "1, " "1, " "1, " "1, " "1, " "1, " "1, " "1, " "1, " "1, " "1, " "1, " "1, " "1, " "1, " "1, " "1, " "1, " "1, " "1, " "1, " "1, " "1, " "1, " "1, " "1, " "1, " "1, " "1, " "1, " "1, " "1, " "1, " "1, " "1, " "1, " "1, " "1, " "1, " "1, " "1, " "1, " "1, " "1, " "1, " "1, " "1, " "1, " "1, " "1, " "1, " "1, " "1, " "1, " "1, " "1, " "1, " "1, " "1, " "1, " "1, " "1, " "1, " "1, " "1, " "1, " "1, " "1, " "1, " "1, " "1, " "1, " "1, "204
 "Nei16, 0.026, " "-0.011, " "1, " "1, " "1, " "1, " "1, " "1, " "1, " "1, " "1, " "1, " "1, " "1, " "1, " "1, " "1, " "1, " "0, " "1, " "1, " "1, " "1, " "1, " "1, " "1, " "1, " "1, " "1, " "1, " "1, " "1, " "1, " "1, " "1, " "1, " "1, " "1, " "1, " "1, " "1, " "1, " "1, " "1, " "1, " "1, " "1, " "1, " "1, " "1, " "1, " "1, " "1, " "1, " "1, " "1, " "1, " "1, " "1, " "1, " "1, " "1, " "1, " "1, " "1, " "1, " "1, " "1, " "1, " "1, " "1, " "1, " "1, " "1, " "1, " "1, " "1, " "1, " "1, " "1, " "1, " "1, " "1, " "1, " "1, " "1, " "1, " "1, " "1, " "1, " "1, " "1, " "1, " "1, " "1, " "1, " "1, " "1, " "1, " "1, " "1, " "1, " "1, " "1, " "1, " "1, " "1, " "1, " "1, " "1, " "1, " "1, " "1, " "1, " "1, " "1, " "1, " "1, " "1, " "1, " "1, " "1, " "1, " "1, " "1, " "1, " "1, " "1, " "1, " "1, " "1, "204
 "Nei17, 0.354, " "-0.011, " "1, " "1, " "1, " "1, " "1, " "1, " "1, " "1, " "1, " "1, " "1, " "1, " "1, " "1, " "1, " "1, " "1, " "0, " "1, " "1, " "1, " "1, " "1, " "1, " "1, " "1, " "1, " "1, " "1, " "1, " "1, " "1, " "1, " "1, " "1, " "1, " "1, " "1, " "1, " "1, " "1, " "1, " "1, " "1, " "1, " "1, " "1, " "1, " "1, " "1, " "1, " "1, " "1, " "1, " "1, " "1, " "1, " "1, " "1, " "1, " "1, " "1, " "1, " "1, " "1, " "1, " "1, " "1, " "1, " "1, " "1, " "1, " "1, " "1, " "1, " "1, " "1, " "1, " "1, " "1, " "1, " "1, " "1, " "1, " "1, " "1, " "1, " "1, " "1, " "1, " "1, " "1, " "1, " "1, " "1, " "1, " "1, " "1, " "1, " "1, " "1, " "1, " "1, " "1, " "1, " "1, " "1, " "1, " "1, " "1, " "1, " "1, " "1, " "1, " "1, " "1, " "1, " "1, " "1, " "1, " "1, " "1, " "1, " "1, " "1, " "1, " "1, " "1, " "1, "204
 "Nei18, 0.089, " "-0.011, " "1, " "1, " "1, " "1, " "1, " "1, " "1, " "1, " "1, " "1, " "1, " "1, " "1, " "1, " "1, " "1, " "1, " "1, " "0, " "1, " "1, " "1, " "1, " "1, " "1, " "1, " "1, " "1, " "1, " "1, " "1, " "1, " "1, " "1, " "1, " "1, " "1, " "1, " "1, " "1, " "1, " "1, " "1, " "1, " "1, " "1, " "1, " "1, " "1, " "1, " "1, " "1, " "1, " "1, " "1, " "1, " "1, " "1, " "1, " "1, " "1, " "1, " "1, " "1, " "1, " "1, " "1, " "1, " "1, " "1, " "1, " "1, " "1, " "1, " "1, " "1, " "1, " "1, " "1, " "1, " "1, " "1, " "1, " "1, " "1, " "1, " "1, " "1, " "1, " "1, " "1, " "1, " "1, " "1, " "1, " "1, " "1, " "1, " "1, " "1, " "1, " "1, " "1, " "1, " "1, " "1, " "1, " "1, " "1, " "1, " "1, " "1, " "1, " "1, " "1, " "1, " "1, " "1, " "1, " "1, " "1, " "1, " "1, " "1, " "1, " "1, " "1, " "1, " "1, "204
 "Nei19, 0.161, " "-0.011, " "1, " "1, " "1, " "1, " "1, " "1, " "1, " "1, " "1, " "1, " "1, " "1, " "1, " "1, " "1, " "1, " "1, " "1, " "1, " "0, " "1, " "1, " "1, " "1, " "1, " "1, " "1, " "1, " "1, " "1, " "1, " "1, " "1, " "1, " "1, " "1, " "1, " "1, " "1, " "1, " "1, " "1, " "1, " "1, " "1, " "1, " "1, " "1, " "1, " "1, " "1, " "1, " "1, " "1, " "1, " "1, " "1, " "1, " "1, " "1, " "1, " "1, " "1, " "1, " "1, " "1, " "1, " "1, " "1, " "1, " "1, " "1, " "1, " "1, " "1, " "1, " "1, " "1, " "1, " "1, " "1, " "1, " "1, " "1, " "1, " "1, " "1, " "1, " "1, " "1, " "1, " "1, " "1, " "1, " "1, " "1, " "1, " "1, " "1, " "1, " "1, " "1, " "1, " "1, " "1, " "1, " "1, " "1, " "1, " "1, " "1, " "1, " "1, " "1, " "1, " "1, " "1, " "1, " "1, " "1, " "1, " "1, " "1, " "1, " "1, " "1, " "1, " "1, " "1, "204
 "Nei20, 0.081, " "-0.011, " "1, " "1, " "1, " "1, " "1, " "1, " "1, " "1, " "1, " "1, " "1, " "1, " "1, " "1, " "1, " "1, " "1, " "1, " "1, " "1, " "0, " "1, " "1, " "1, " "1, " "1, " "1, " "1, " "1, " "1, " "1, " "1, " "1, " "1, " "1, " "1, " "1, " "1, " "1, " "1, " "1, " "1, " "1, " "1, " "1, " "1, " "1, " "1, " "1, " "1, " "1, " "1, " "1, " "1, " "1, " "1, " "1, " "1, " "1, " "1, " "1, " "1, " "1, " "1, " "1, " "1, " "1, " "1, " "1, " "1, " "1, " "1, " "1, " "1, " "1, " "1, " "1, " "1, " "1, " "1, " "1, " "1, " "1, " "1, " "1, " "1, " "1, " "1, " "1, " "1, " "1, " "1, " "1, " "1, " "1, " "1, " "1, " "1, " "1, " "1, " "1, " "1, " "1, " "1, " "1, " "1, " "1, " "1, " "1, " "1, " "1, " "1, " "1, " "1, " "1, " "1, " "1, " "1, " "1, " "1, " "1, " "1, " "1, " "1, " "1, " "1, " "1, " "1, " "1, "204
 "Nei21, 0.433, " "-0.011, " "1, " "1, " "1, " "1, " "1, " "1, " "1, " "1, " "1, " "1, " "1, " "1, " "1, " "1, " "1, " "1, " "1, " "1, " "1, " "1, " "1, " "0, " "1, " "1, " "1, " "1, " "1, " "1, " "1, " "1, " "1, " "1, " "1, " "1, " "1, " "1, " "1, " "1, " "1, " "1, " "1, " "1, " "1, " "1, " "1, " "1, " "1, " "1, " "1, " "1, " "1, " "1, " "1, " "1, " "1, " "1, " "1, " "1, " "1, " "1, " "1, " "1, " "1, " "1, " "1, " "1, " "1, " "1, " "1, " "1, " "1, " "1, " "1, " "1, " "1, " "1, " "1, " "1, " "1, " "1, " "1, " "1, " "1, " "1, " "1, " "1, " "1, " "1, " "1, " "1, " "1, " "1, " "1, " "1, " "1, " "1, " "1, " "1, " "1, " "1, " "1, " "1, " "1, " "1, " "1, " "1, " "1, " "1, " "1, " "1, " "1, " "1, " "1, " "1, " "1, " "1, " "1, " "1, " "1, " "1, " "1, " "1, " "1, " "1, " "1, " "1, " "1, " "1, " "1, "204
 "Nei22, 0.468, " "-0.011, " "1, " "1, " "1, " "1, " "1, " "1, " "1, " "1, " "1, " "1, " "1, " "1, " "1, " "1, " "1, " "1, " "1, " "1, " "1, " "1, " "1, " "1, " "0, " "1, " "1, " "1, " "1, " "1, " "1, " "1, " "1, " "1, " "1, " "1, " "1, " "1, " "1, " "1, " "1, " "1, " "1, " "1, " "1, " "1, " "1, " "1, " "1, " "1, " "1, " "1, " "1, " "1, " "1, " "1, " "1, " "1, " "1, " "1, " "1, " "1, " "1, " "1, " "1, " "1, " "1, " "1, " "1, " "1, " "1, " "1, " "1, " "1, " "1, " "1, " "1, " "1, " "1, " "1, " "1, " "1, " "1, " "1, " "1, " "1, " "1, " "1, " "1, " "1, " "1, " "1, " "1, " "1, " "1, " "1, " "1, " "1, " "1, " "1, " "1, " "1, " "1, " "1, " "1, " "1, " "1, " "1, " "1, " "1, " "1, " "1, " "1, " "1, " "1, " "1, " "1, " "1, " "1, " "1, " "1, " "1, " "1, " "1, " "1, " "1, " "1, " "1, " "1, " "1, " "1, "204
 "Nei23, 0.007, " "-0.011, " "1, " "1, " "1, " "1, " "1, " "1, " "1, " "1, " "1, " "1, " "1, " "1, " "1, " "1, " "1, " "1, " "1, " "1, " "1, " "1, " "1, " "1, " "1, " "0, " "1, " "1, " "1, " "1, " "1, " "1, " "1, " "1, " "1, " "1, " "1, " "1, " "1, " "1, " "1, " "1, " "1, " "1, " "1, " "1, " "1, " "1, " "1, " "1, " "1, " "1, " "1, " "1, " "1, " "1, " "1, " "1, " "1, " "1, " "1, " "1, " "1, " "1, " "1, " "1, " "1, " "1, " "1, " "1, " "1, " "1, " "1, " "1, " "1, " "1, " "1, " "1, " "1, " "1, " "1, " "1, " "1, " "1, " "1, " "1, " "1, " "1, " "1, " "1, " "1, " "1, " "1, " "1, " "1, " "1, " "1, " "1, " "1, " "1, " "1, " "1, " "1, " "1, " "1, " "1, " "1, " "1, " "1, " "1, " "1, " "1, " "1, " "1, " "1, " "1, " "1, " "1, " "1, " "1, " "1, " "1, " "1, " "1, " "1, " "1, " "1, " "1, " "1, " "1, " "1, "204
 "Nei24, 0.352, " "-0.011, " "1, " "1, " "1, " "1, " "1, " "1, " "1, " "1, " "1, " "1, " "1, " "1, " "1, " "1, " "1, " "1, " "1, " "1, " "1, " "1, " "1, " "1, " "1, " "1, " "0, " "1, " "1, " "1, " "1, " "1, " "1, " "1, " "1, " "1, " "1, " "1, " "1, " "1, " "1, " "1, " "1, " "1, " "1, " "1, " "1, " "1, " "1, " "1, " "1, " "1, " "1, " "1, " "1, " "1, " "1, " "1, " "1, " "1, " "1, " "1, " "1, " "1, " "1, " "1, " "1, " "1, " "1, " "1, " "1, " "1, " "1, " "1, " "1, " "1, " "1, " "1, " "1, " "1, " "1, " "1, " "1, " "1, " "1, " "1, " "1, " "1, " "1, " "1, " "1, " "1, " "1, " "1, " "1, " "1, " "1, " "1, " "1, " "1, " "1, " "1, " "1, " "1, " "1, " "1, " "1, " "1, " "1, " "1, " "1, " "1, " "1, " "1, " "1, " "1, " "1, " "1, " "1, " "1, " "1, " "1, " "1, " "1, " "1, " "1, " "1, " "1, " "1, " "1, " "1, "204
 "Nei25, 0.111, " "-0.011, " "1, " "1, " "1, " "1, " "1, " "1, " "1, " "1, " "1, " "1, " "1, " "1, " "1, " "1, " "1, " "1, " "1, " "1, " "1, " "1, " "1, " "1, " "1, " "1, " "1, " "0, " "1, " "1, " "1, " "1, " "1, " "1, " "1, " "1, " "1, " "1, " "1, " "1, " "1, " "1, " "1, " "1, " "1, " "1, " "1, " "1, " "1, " "1, " "1, " "1, " "1, " "1, " "1, " "1, " "1, " "1, " "1, " "1, " "1, " "1, " "1, " "1, " "1, " "1, " "1, " "1, " "1, " "1, " "1, " "1, " "1, " "1, " "1, " "1, " "1, " "1, " "1, " "1, " "1, " "1, " "1, " "1, " "1, " "1, " "1, " "1, " "1, " "1, " "1, " "1, " "1, " "1, " "1, " "1, " "1, " "1, " "1, " "1, " "1, " "1, " "1, " "1, " "1, " "1, " "1, " "1, " "1, " "1, " "1, " "1, " "1, " "1, " "1, " "1, " "1, " "1, " "1, " "1, " "1, " "1, " "1, " "1, " "1, " "1, " "1, " "1, " "1, " "1, " "1, "204
 "Nei26, 0.374, " "-0.011, " "1, " "1, " "1, " "1, " "1, " "1, " "1, " "1, " "1, " "1, " "1, " "1, " "1, " "1, " "1, " "1, " "1, " "1, " "1, " "1, " "1, " "1, " "1, " "1, " "1, " "1, " "0, " "1, " "1, " "1, " "1, " "1, " "1, " "1, " "1, " "1, " "1, " "1, " "1, " "1, " "1, " "1, " "1, " "1, " "1, " "1, " "1, " "1, " "1, " "1, " "1, " "1, " "1, " "1, " "1, " "1, " "1, " "1, " "1, " "1, " "1, " "1, " "1, " "1, " "1, " "1, " "1, " "1, " "1, " "1, " "1, " "1, " "1, " "1, " "1, " "1, " "1, " "1, " "1, " "1, " "1, " "1, " "1, " "1, " "1, " "1, " "1, " "1, " "1, " "1, " "1, " "1, " "1, " "1, " "1, " "1, " "1, " "1, " "1, " "1, " "1, " "1, " "1, " "1, " "1, " "1, " "1, " "1, " "1, " "1, " "1, " "1, " "1, " "1, " "1, " "1, " "1, " "1, " "1, " "1, " "1, " "1, " "1, " "1, " "1, " "1, " "1, " "1, " "1, "204
 "Nei27, 0.303, " "-0.011, " "1, " "1, " "1, " "1, " "1, " "1, " "1, " "1, " "1, " "1, " "1, " "1, " "1, " "1, " "1, " "1, " "1, " "1, " "1, " "1, " "1, " "1, " "1, " "1, " "1, " "1, " "1, " "0, " "1, " "1, " "1, " "1, " "1, " "1, " "1, " "1, " "1, " "1, " "1, " "1, " "1, " "1, " "1, " "1, " "1, " "1, " "1, " "1, " "1, " "1, " "1, " "1, " "1, " "1, " "1, " "1, " "1, " "1, " "1, " "1, " "1, " "1, " "1, " "1, " "1, " "1, " "1, " "1, " "1, " "1, " "1, " "1, " "1, " "1, " "1, " "1, " "1, " "1, " "1, " "1, " "1, " "1, " "1, " "1, " "1, " "1, " "1, " "1, " "1, " "1, " "1, " "1, " "1, " "1, " "1, " "1, " "1, " "1, " "1, " "1, " "1, " "1, " "1, " "1, " "1, " "1, " "1, " "1, " "1, " "1, " "1, " "1, " "1, " "1, " "1, " "1, " "1, " "1, " "1, " "1, " "1, " "1, " "1, " "1, " "1, " "1, " "1, " "1, " "1, "204
 "Nei28, 0.408, " "-0.011, " "1, " "1, " "1, " "1, " "1, " "1, " "1, " "1, " "1, " "1, " "1, " "1, " "1, " "1, " "1, " "1, " "1, " "1, " "1, " "1, " "1, " "1, " "1, " "1, " "1, " "1, " "1, " "1, " "0, " "1, " "1, " "1, " "1, " "1, " "1, " "1, " "1, " "1, " "1, " "1, " "1, " "1, " "1, " "1, " "1, " "1, " "1, " "1, " "1, " "1, " "1, " "1, " "1, " "1, " "1, " "1, " "1, " "1, " "1, " "1, " "1, " "1, " "1, " "1, " "1, " "1, " "1, " "1, " "1, " "1, " "1, " "1, " "1, " "1, " "1, " "1, " "1, " "1, " "1, " "1, " "1, " "1, " "1, " "1, " "1, " "1, " "1, " "1, " "1, " "1, " "1, " "1, " "1, " "1, " "1, " "1, " "1, " "1, " "1, " "1, " "1, " "1, " "1, " "1, " "1, " "1, " "1, " "1, " "1, " "1, " "1, " "1, " "1, " "1, " "1, " "1, " "1, " "1, " "1, " "1, " "1, " "1, " "1, " "1, " "1, " "1, " "1, " "1, " "1, "204
 "Nei29, 0.334, " "-0.011, " "1, " "1, " "1, " "1, " "1, " "1, " "1, " "1, " "1, " "1, " "1, " "1, " "1, " "1, " "1, " "1, " "1, " "1, " "1, " "1, " "1, " "1, " "1, " "1, " "1, " "1, " "1, " "1, " "1, " "0, " "1, " "1, " "1, " "1, " "1, " "1, " "1, " "1, " "1, " "1, " "1, " "1, " "1, " "1, " "1, " "1, " "1, " "1, " "1, " "1, " "1, " "1, " "1, " "1, " "1, " "1, " "1, " "1, " "1, " "1, " "1, " "1, " "1, " "1, " "1, " "1, " "1, " "1, " "1, " "1, " "1, " "1, " "1, " "1, " "1, " "1, " "1, " "1, " "1, " "1, " "1, " "1, " "1, " "1, " "1, " "1, " "1, " "1, " "1, " "1, " "1, " "1, " "1, " "1, " "1, " "1, " "1, " "1, " "1, " "1, " "1, " "1, " "1, " "1, " "1, " "1, " "1, " "1, " "1, " "1, " "1, " "1, " "1, " "1, " "1, " "1, " "1, " "1, " "1, " "1, " "1, " "1, " "1, " "1, " "1, " "1, " "1, " "1, " "1, "204
 "Nei30, 0.015, " "-0.011, " "1, " "1, " "1, " "1, " "1, " "1, " "1, " "1, " "1, " "1, " "1, " "1, " "1, " "1, " "1, " "1, " "1, " "1, " "1, " "1, " "1, " "1, " "1, " "1, " "1, " "1, " "1, " "1, " "1, " "1, " "0, " "1, " "1, " "1, " "1, " "1, " "1, " "1, " "1, " "1, " "1, " "1, " "1, " "1, " "1, " "1, " "1, " "1, " "1, " "1, " "1, " "1, " "1, " "1, " "1, " "1, " "1, " "1, " "1, " "1, " "1, " "1, " "1, " "1, " "1, " "1, " "1, " "1, " "1, " "1, " "1, " "1, " "1, " "1, " "1, " "1, " "1, " "1, " "1, " "1, " "1, " "1, " "1, " "1, " "1, " "1, " "1, " "1, " "1, " "1, " "1, " "1, " "1, " "1, " "1, " "1, " "1, " "1, " "1, " "1, " "1, " "1, " "1, " "1, " "1, " "1, " "1, " "1, " "1, " "1, " "1, " "1, " "1, " "1, " "1, " "1, " "1, " "1, " "1, " "1, " "1, " "1, " "1, " "1, " "1, " "1, " "1, " "1, " "1, "204
 "Nei31, 0.568, " "-0.011, " "1, " "1, " "1, " "1, " "1, " "1, " "1, " "1, " "1, " "1, " "1, " "1, " "1, " "1, " "1, " "1, " "1, " "1, " "1, " "1, " "1, " "1, " "1, " "1, " "1, " "1, " "1, " "1, " "1, " "1, " "1, " "0, " "1, " "1, " "1, " "1, " "1, " "1, " "1, " "1, " "1, " "1, " "1, " "1, " "1, " "1, " "1, " "1, " "1, " "1, " "1, " "1, " "1, " "1, " "1, " "1, " "1, " "1, " "1, " "1, " "1, " "1, " "1, " "1, " "1, " "1, " "1, " "1, " "1, " "1, " "1, " "1, " "1, " "1, " "1, " "1, " "1, " "1, " "1, " "1, " "1, " "1, " "1, " "1, " "1, " "1, " "1, " "1, " "1, " "1, " "1, " "1, " "1, " "1, " "1, " "1, " "1, " "1, " "1, " "1, " "1, " "1, " "1, " "1, " "1, " "1, " "1, " "1, " "1, " "1, " "1, " "1, " "1, " "1, " "1, " "1, " "1, " "1, " "1, " "1, " "1, " "1, " "1, " "1, " "1, " "1, " "1, " "1, " "1, "204
 "Nei32, 0.073, " "-0.011, " "1, " "1, " "1, " "1, " "1, " "1, " "1, " "1, " "1, " "1, " "1, " "1, " "1, " "1, " "1, " "1, " "1, " "1, " "1, " "1, " "1, " "1, " "1, " "1, " "1, " "1, " "1, " "1, " "1, " "1, " "1, " "1, " "0, " "1, " "1, " "1, " "1, " "1, " "1, " "1, " "1, " "1, " "1, " "1, " "1, " "1, " "1, " "1, " "1, " "1, " "1, " "1, " "1, " "1, " "1, " "1, " "1, " "1, " "1, " "1, " "1, " "1, " "1, " "1, " "1, " "1, " "1, " "1, " "1, " "1, " "1, " "1, " "1, " "1, " "1, " "1, " "1, " "1, " "1, " "1, " "1, " "1, " "1, " "1, " "1, " "1, " "1, " "1, " "1, " "1, " "1, " "1, " "1, " "1, " "1, " "1, " "1, " "1, " "1, " "1, " "1, " "1, " "1, " "1, " "1, " "1, " "1, " "1, " "1, " "1, " "1, " "1, " "1, " "1, " "1, " "1, " "1, " "1, " "1, " "1, " "1, " "1, " "1, " "1, " "1, " "1, " "1, " "1, " "1, "204
 "Nei33, 0.141, " "-0.011, " "1, " "1, " "1, " "1, " "1, " "1, " "1, " "1, " "1, " "1, " "1, " "1, " "1, " "1, " "1, " "1, " "1, " "1, " "1, " "1, " "1, " "1, " "1, " "1, " "1, " "1, " "1, " "1, " "1, " "1, " "1, " "1, " "1, " "0, " "1, " "1, " "1, " "1, " "1, " "1, " "1, " "1, " "1, " "1, " "1, " "1, " "1, " "1, " "1, " "1, " "1, " "1, " "1, " "1, " "1, " "1, " "1, " "1, " "1, " "1, " "1, " "1, " "1, " "1, " "1, " "1, " "1, " "1, " "1, " "1, " "1, " "1, " "1, " "1, " "1, " "1, " "1, " "1, " "1, " "1, " "1, " "1, " "1, " "1, " "1, " "1, " "1, " "1, " "1, " "1, " "1, " "1, " "1, " "1, " "1, " "1, " "1, " "1, " "1, " "1, " "1, " "1, " "1, " "1, " "1, " "1, " "1, " "1, " "1, " "1, " "1, " "1, " "1, " "1, " "1, " "1, " "1, " "1, " "1, " "1, " "1, " "1, " "1, " "1, " "1, " "1, " "1, " "1, " "1, "204
 "Nei34, 0.226, " "-0.011, " "1, " "1, " "1, " "1, " "1, " "1, " "1, " "1, " "1, " "1, " "1, " "1, " "1, " "1, " "1, " "1, " "1, " "1, " "1, " "1, " "1, " "1, " "1, " "1, " "1, " "1, " "1, " "1, " "1, " "1, " "1, " "1, " "1, " "1, " "0, " "1, " "1, " "1, " "1, " "1, " "1, " "1, " "1, " "1, " "1, " "1, " "1, " "1, " "1, " "1, " "1, " "1, " "1, " "1, " "1, " "1, " "1, " "1, " "1, " "1, " "1, " "1, " "1, " "1, " "1, " "1, " "1, " "1, " "1, " "1, " "1, " "1, " "1, " "1, " "1, " "1, " "1, " "1, " "1, " "1, " "1, " "1, " "1, " "1, " "1, " "1, " "1, " "1, " "1, " "1, " "1, " "1, " "1, " "1, " "1, " "1, " "1, " "1, " "1, " "1, " "1, " "1, " "1, " "1, " "1, " "1, " "1, " "1, " "1, " "1, " "1, " "1, " "1, " "1, " "1, " "1, " "1, " "1, " "1, " "1, " "1, " "1, " "1, " "1, " "1, " "1, " "1, " "1, " "1, "204
 "Nei35, 0.132, " "-0.011, " "1, " "1, " "1, " "1, " "1, " "1, " "1, " "1, " "1, " "1, " "1, " "1, " "1, " "1, " "1, " "1, " "1, " "1, " "1, " "1, " "1, " "1, " "1, " "1, " "1, " "1, " "1, " "1, " "1, " "1, " "1, " "1, " "1, " "1, " "1, " "0, " "1, " "1, " "1, " "1, " "1, " "1, " "1, " "1, " "1, " "1, " "1, " "1, " "1, " "1, " "1, " "1, " "1, " "1, " "1, " "1, " "1, " "1, " "1, " "1, " "1, " "1, " "1, " "1, " "1, " "1, " "1, " "1, " "1, " "1, " "1, " "1, " "1, " "1, " "1, " "1, " "1, " "1, " "1, " "1, " "1, " "1, " "1, " "1, " "1, " "1, " "1, " "1, " "1, " "1, " "1, " "1, " "1, " "1, " "1, " "1, " "1, " "1, " "1, " "1, " "1, " "1, " "1, " "1, " "1, " "1, " "1, " "1, " "1, " "1, " "1, " "1, " "1, " "1, " "1, " "1, " "1, " "1, " "1, " "1, " "1, " "1, " "1, " "1, " "1, " "1, " "1, " "1, " "1, "204
 "Nei36, 0.049, " "-0.011, " "1, " "1, " "1, " "1, " "1, " "1, " "1, " "1, " "1, " "1, " "1, " "1, " "1, " "1, " "1, " "1, " "1, " "1, " "1, " "1, " "1, " "1, " "1, " "1, " "1, " "1, " "1, " "1, " "1, " "1, " "1, " "1, " "1, " "1, " "1, " "1, " "0, " "1, " "1, " "1, " "1, " "1, " "1, " "1, " "1, " "1, " "1, " "1, " "1, " "1, " "1, " "1, " "1, " "1, " "1, " "1, " "1, " "1, " "1, " "1, " "1, " "1, " "1, " "1, " "1, " "1, " "1, " "1, " "1, " "1, " "1, " "1, " "1, " "1, " "1, " "1, " "1, " "1, " "1, " "1, " "1, " "1, " "1, " "1, " "1, " "1, " "1, " "1, " "1, " "1, " "1, " "1, " "1, " "1, " "1, " "1, " "1, " "1, " "1, " "1, " "1, " "1, " "1, " "1, " "1, " "1, " "1, " "1, " "1, " "1, " "1, " "1, " "1, " "1, " "1, " "1, " "1, " "1, " "1, " "1, " "1, " "1, " "1, " "1, " "1, " "1, " "1, " "1, " "1, "204
 "Nei37, 0.355, " "-0.011, " "1, " "1, " "1, " "1, " "1, " "1, " "1, " "1, " "1, " "1, " "1, " "1, " "1, " "1, " "1, " "1, " "1, " "1, " "1, " "1, " "1, " "1, " "1, " "1, " "1, " "1, " "1, " "1, " "1, " "1, " "1, " "1, " "1, " "1, " "1, " "1, " "1, " "0, " "1, " "1, " "1, " "1, " "1, " "1, " "1, " "1, " "1, " "1, " "1, " "1, " "1, " "1, " "1, " "1, " "1, " "1, " "1, " "1, " "1, " "1, " "1, " "1, " "1, " "1, " "1, " "1, " "1, " "1, " "1, " "1, " "1, " "1, " "1, " "1, " "1, " "1, " "1, " "1, " "1, " "1, " "1, " "1, " "1, " "1, " "1, " "1, " "1, " "1, " "1, " "1, " "1, " "1, " "1, " "1, " "1, " "1, " "1, " "1, " "1, " "1, " "1, " "1, " "1, " "1, " "1, " "1, " "1, " "1, " "1, " "1, " "1, " "1, " "1, " "1, " "1, " "1, " "1, " "1, " "1, " "1, " "1, " "1, " "1, " "1, " "1, " "1, " "1, " "1, " "1, "204
 "Nei38, 0.496, " "-0.011, " "1, " "1, " "1, " "1, " "1, " "1, " "1, " "1, " "1, " "1, " "1, " "1, " "1, " "1, " "1, " "1, " "1, " "1, " "1, " "1, " "1, " "1, " "1, " "1, " "1, " "1, " "1, " "1, " "1, " "1, " "1, " "1, " "1, " "1, " "1, " "1, " "1, " "1, " "0, " "1, " "1, " "1, " "1, " "1, " "1, " "1, " "1, " "1, " "1, " "1, " "1, " "1, " "1, " "1, " "1, " "1, " "1, " "1, " "1, " "1, " "1, " "1, " "1, " "1, " "1, " "1, " "1, " "1, " "1, " "1, " "1, " "1, " "1, " "1, " "1, " "1, " "1, " "1, " "1, " "1, " "1, " "1, " "1, " "1, " "1, " "1, " "1, " "1, " "1, " "1, " "1, " "1, " "1, " "1, " "1, " "1, " "1, " "1, " "1, " "1, " "1, " "1, " "1, " "1, " "1, " "1, " "1, " "1, " "1, " "1, " "1, " "1, " "1, " "1, " "1, " "1, " "1, " "1, " "1, " "1, " "1, " "1, " "1, " "1, " "1, " "1, " "1, " "1, " "1, "204
 "Nei39, 0.378, " "-0.011, " "1, " "1, " "1, " "1, " "1, " "1, " "1, " "1, " "1, " "1, " "1, " "1, " "1, " "1, " "1, " "1, " "1, " "1, " "1, " "1, " "1, " "1, " "1, " "1, " "1, " "1, " "1, " "1, " "1, " "1, " "1, " "1, " "1, " "1, " "1, " "1, " "1, " "1, " "1, " "0, " "1, " "1, " "1, " "1, " "1, " "1, " "1, " "1, " "1, " "1, " "1, " "1, " "1, " "1, " "1, " "1, " "1, " "1, " "1, " "1, " "1, " "1, " "1, " "1, " "1, " "1, " "1, " "1, " "1, " "1, " "1, " "1, " "1, " "1, " "1, " "1, " "1, " "1, " "1, " "1, " "1, " "1, " "1, " "1, " "1, " "1, " "1, " "1, " "1, " "1, " "1, " "1, " "1, " "1, " "1, " "1, " "1, " "1, " "1, " "1, " "1, " "1, " "1, " "1, " "1, " "1, " "1, " "1, " "1, " "1, " "1, " "1, " "1, " "1, " "1, " "1, " "1, " "1, " "1, " "1, " "1, " "1, " "1, " "1, " "1, " "1, " "1, " "1, " "1, "204
 "Nei40, 0.035, " "-0.011, " "1, " "1, " "1, " "1, " "1, " "1, " "1, " "1, " "1, " "1, " "1, " "1, " "1, " "1, " "1, " "1, " "1, " "1, " "1, " "1, " "1, " "1, " "1, " "1, " "1, " "1, " "1, " "1, " "1, " "1, " "1, " "1, " "1, " "1, " "1, " "1, " "1, " "1, " "1, " "1, " "0, " "1, " "1, " "1, " "1, " "1, " "1, " "1, " "1, " "1, " "1, " "1, " "1, " "1, " "1, " "1, " "1, " "1, " "1, " "1, " "1, " "1, " "1, " "1, " "1, " "1, " "1, " "1, " "1, " "1, " "1, " "1, " "1, " "1, " "1, " "1, " "1, " "1, " "1, " "1, " "1, " "1, " "1, " "1, " "1, " "1, " "1, " "1, " "1, " "1, " "1, " "1, " "1, " "1, " "1, " "1, " "1, " "1, " "1, " "1, " "1, " "1, " "1, " "1, " "1, " "1, " "1, " "1, " "1, " "1, " "1, " "1, " "1, " "1, " "1, " "1, " "1, " "1, " "1, " "1, " "1, " "1, " "1, " "1, " "1, " "1, " "1, " "1, " "1, "204
 "Nei41, 0.55, " "-0.011, " "1, " "1, " "1, " "1, " "1, " "1, " "1, " "1, " "1, " "1, " "1, " "1, " "1, " "1, " "1, " "1, " "1, " "1, " "1, " "1, " "1, " "1, " "1, " "1, " "1, " "1, " "1, " "1, " "1, " "1, " "1, " "1, " "1, " "1, " "1, " "1, " "1, " "1, " "1, " "1, " "1, " "0, " "1, " "1, " "1, " "1, " "1, " "1, " "1, " "1, " "1, " "1, " "1, " "1, " "1, " "1, " "1, " "1, " "1, " "1, " "1, " "1, " "1, " "1, " "1, " "1, " "1, " "1, " "1, " "1, " "1, " "1, " "1, " "1, " "1, " "1, " "1, " "1, " "1, " "1, " "1, " "1, " "1, " "1, " "1, " "1, " "1, " "1, " "1, " "1, " "1, " "1, " "1, " "1, " "1, " "1, " "1, " "1, " "1, " "1, " "1, " "1, " "1, " "1, " "1, " "1, " "1, " "1, " "1, " "1, " "1, " "1, " "1, " "1, " "1, " "1, " "1, " "1, " "1, " "1, " "1, " "1, " "1, " "1, " "1, " "1, " "1, " "1, " "1, "204
 "Nei42, 0.056, " "-0.011, " "1, " "1, " "1, " "1, " "1, " "1, " "1, " "1, " "1, " "1, " "1, " "1, " "1, " "1, " "1, " "1, " "1, " "1, " "1, " "1, " "1, " "1, " "1, " "1, " "1, " "1, " "1, " "1, " "1, " "1, " "1, " "1, " "1, " "1, " "1, " "1, " "1, " "1, " "1, " "1, " "1, " "1, " "0, " "1, " "1, " "1, " "1, " "1, " "1, " "1, " "1, " "1, " "1, " "1, " "1, " "1, " "1, " "1, " "1, " "1, " "1, " "1, " "1, " "1, " "1, " "1, " "1, " "1, " "1, " "1, " "1, " "1, " "1, " "1, " "1, " "1, " "1, " "1, " "1, " "1, " "1, " "1, " "1, " "1, " "1, " "1, " "1, " "1, " "1, " "1, " "1, " "1, " "1, " "1, " "1, " "1, " "1, " "1, " "1, " "1, " "1, " "1, " "1, " "1, " "1, " "1, " "1, " "1, " "1, " "1, " "1, " "1, " "1, " "1, " "1, " "1, " "1, " "1, " "1, " "1, " "1, " "1, " "1, " "1, " "1, " "1, " "1, " "1, " "1, "204
 "Nei43, 0.068, " "-0.011, " "1, " "1, " "1, " "1, " "1, " "1, " "1, " "1, " "1, " "1, " "1, " "1, " "1, " "1, " "1, " "1, " "1, " "1, " "1, " "1, " "1, " "1, " "1, " "1, " "1, " "1, " "1, " "1, " "1, " "1, " "1, " "1, " "1, " "1, " "1, " "1, " "1, " "1, " "1, " "1, " "1, " "1, " "1, " "0, " "1, " "1, " "1, " "1, " "1, " "1, " "1, " "1, " "1, " "1, " "1, " "1, " "1, " "1, " "1, " "1, " "1, " "1, " "1, " "1, " "1, " "1, " "1, " "1, " "1, " "1, " "1, " "1, " "1, " "1, " "1, " "1, " "1, " "1, " "1, " "1, " "1, " "1, " "1, " "1, " "1, " "1, " "1, " "1, " "1, " "1, " "1, " "1, " "1, " "1, " "1, " "1, " "1, " "1, " "1, " "1, " "1, " "1, " "1, " "1, " "1, " "1, " "1, " "1, " "1, " "1, " "1, " "1, " "1, " "1, " "1, " "1, " "1, " "1, " "1, " "1, " "1, " "1, " "1, " "1, " "1, " "1, " "1, " "1, " "1, "204
 "Nei44, 0.413, " "-0.011, " "1, " "1, " "1, " "1, " "1, " "1, " "1, " "1, " "1, " "1, " "1, " "1, " "1, " "1, " "1, " "1, " "1, " "1, " "1, " "1, " "1, " "1, " "1, " "1, " "1, " "1, " "1, " "1, " "1, " "1, " "1, " "1, " "1, " "1, " "1, " "1, " "1, " "1, " "1, " "1, " "1, " "1, " "1, " "1, " "0, " "1, " "1, " "1, " "1, " "1, " "1, " "1, " "1, " "1, " "1, " "1, " "1, " "1, " "1, " "1, " "1, " "1, " "1, " "1, " "1, " "1, " "1, " "1, " "1, " "1, " "1, " "1, " "1, " "1, " "1, " "1, " "1, " "1, " "1, " "1, " "1, " "1, " "1, " "1, " "1, " "1, " "1, " "1, " "1, " "1, " "1, " "1, " "1, " "1, " "1, " "1, " "1, " "1, " "1, " "1, " "1, " "1, " "1, " "1, " "1, " "1, " "1, " "1, " "1, " "1, " "1, " "1, " "1, " "1, " "1, " "1, " "1, " "1, " "1, " "1, " "1, " "1, " "1, " "1, " "1, " "1, " "1, " "1, " "1, "204
 "Nei45, 0.206, " "-0.011, " "1, " "1, " "1, " "1, " "1, " "1, " "1, " "1, " "1, " "1, " "1, " "1, " "1, " "1, " "1, " "1, " "1, " "1, " "1, " "1, " "1, " "1, " "1, " "1, " "1, " "1, " "1, " "1, " "1, " "1, " "1, " "1, " "1, " "1, " "1, " "1, " "1, " "1, " "1, " "1, " "1, " "1, " "1, " "1, " "1, " "0, " "1, " "1, " "1, " "1, " "1, " "1, " "1, " "1, " "1, " "1, " "1, " "1, " "1, " "1, " "1, " "1, " "1, " "1, " "1, " "1, " "1, " "1, " "1, " "1, " "1, " "1, " "1, " "1, " "1, " "1, " "1, " "1, " "1, " "1, " "1, " "1, " "1, " "1, " "1, " "1, " "1, " "1, " "1, " "1, " "1, " "1, " "1, " "1, " "1, " "1, " "1, " "1, " "1, " "1, " "1, " "1, " "1, " "1, " "1, " "1, " "1, " "1, " "1, " "1, " "1, " "1, " "1, " "1, " "1, " "1, " "1, " "1, " "1, " "1, " "1, " "1, " "1, " "1, " "1, " "1, " "1, " "1, " "1, "204
 "Nei46, 0.479, " "-0.011, " "1, " "1, " "1, " "1, " "1, " "1, " "1, " "1, " "1, " "1, " "1, " "1, " "1, " "1, " "1, " "1, " "1, " "1, " "1, " "1, " "1, " "1, " "1, " "1, " "1, " "1, " "1, " "1, " "1, " "1, " "1, " "1, " "1, " "1, " "1, " "1, " "1, " "1, " "1, " "1, " "1, " "1, " "1, " "1, " "1, " "1, " "0, " "1, " "1, " "1, " "1, " "1, " "1, " "1, " "1, " "1, " "1, " "1, " "1, " "1, " "1, " "1, " "1, " "1, " "1, " "1, " "1, " "1, " "1, " "1, " "1, " "1, " "1, " "1, " "1, " "1, " "1, " "1, " "1, " "1, " "1, " "1, " "1, " "1, " "1, " "1, " "1, " "1, " "1, " "1, " "1, " "1, " "1, " "1, " "1, " "1, " "1, " "1, " "1, " "1, " "1, " "1, " "1, " "1, " "1, " "1, " "1, " "1, " "1, " "1, " "1, " "1, " "1, " "1, " "1, " "1, " "1, " "1, " "1, " "1, " "1, " "1, " "1, " "1, " "1, " "1, " "1, " "1, " "1, "204
 "Nei47, 0.161, " "-0.011, " "1, " "1, " "1, " "1, " "1, " "1, " "1, " "1, " "1, " "1, " "1, " "1, " "1, " "1, " "1, " "1, " "1, " "1, " "1, " "1, " "1, " "1, " "1, " "1, " "1, " "1, " "1, " "1, " "1, " "1, " "1, " "1, " "1, " "1, " "1, " "1, " "1, " "1, " "1, " "1, " "1, " "1, " "1, " "1, " "1, " "1, " "1, " "0, " "1, " "1, " "1, " "1, " "1, " "1, " "1, " "1, " "1, " "1, " "1, " "1, " "1, " "1, " "1, " "1, " "1, " "1, " "1, " "1, " "1, " "1, " "1, " "1, " "1, " "1, " "1, " "1, " "1, " "1, " "1, " "1, " "1, " "1, " "1, " "1, " "1, " "1, " "1, " "1, " "1, " "1, " "1, " "1, " "1, " "1, " "1, " "1, " "1, " "1, " "1, " "1, " "1, " "1, " "1, " "1, " "1, " "1, " "1, " "1, " "1, " "1, " "1, " "1, " "1, " "1, " "1, " "1, " "1, " "1, " "1, " "1, " "1, " "1, " "1, " "1, " "1, " "1, " "1, " "1, " "1, "204
 "Nei48, 0.39, " "-0.011, " "1, " "1, " "1, " "1, " "1, " "1, " "1, " "1, " "1, " "1, " "1, " "1, " "1, " "1, " "1, " "1, " "1, " "1, " "1, " "1, " "1, " "1, " "1, " "1, " "1, " "1, " "1, " "1, " "1, " "1, " "1, " "1, " "1, " "1, " "1, " "1, " "1, " "1, " "1, " "1, " "1, " "1, " "1, " "1, " "1, " "1, " "1, " "1, " "0, " "1, " "1, " "1, " "1, " "1, " "1, " "1, " "1, " "1, " "1, " "1, " "1, " "1, " "1, " "1, " "1, " "1, " "1, " "1, " "1, " "1, " "1, " "1, " "1, " "1, " "1, " "1, " "1, " "1, " "1, " "1, " "1, " "1, " "1, " "1, " "1, " "1, " "1, " "1, " "1, " "1, " "1, " "1, " "1, " "1, " "1, " "1, " "1, " "1, " "1, " "1, " "1, " "1, " "1, " "1, " "1, " "1, " "1, " "1, " "1, " "1, " "1, " "1, " "1, " "1, " "1, " "1, " "1, " "1, " "1, " "1, " "1, " "1, " "1, " "1, " "1, " "1, " "1, " "1, " "1, "204
 "Nei49, 0.236, " "-0.011, " "1, " "1, " "1, " "1, " "1, " "1, " "1, " "1, " "1, " "1, " "1, " "1, " "1, " "1, " "1, " "1, " "1, " "1, " "1, " "1, " "1, " "1, " "1, " "1, " "1, " "1, " "1, " "1, " "1, " "1, " "1, " "1, " "1, " "1, " "1, " "1, " "1, " "1, " "1, " "1, " "1, " "1, " "1, " "1, " "1, " "1, " "1, " "1, " "1, " "0, " "1, " "1, " "1, " "1, " "1, " "1, " "1, " "1, " "1, " "1, " "1, " "1, " "1, " "1, " "1, " "1, " "1, " "1, " "1, " "1, " "1, " "1, " "1, " "1, " "1, " "1, " "1, " "1, " "1, " "1, " "1, " "1, " "1, " "1, " "1, " "1, " "1, " "1, " "1, " "1, " "1, " "1, " "1, " "1, " "1, " "1, " "1, " "1, " "1, " "1, " "1, " "1, " "1, " "1, " "1, " "1, " "1, " "1, " "1, " "1, " "1, " "1, " "1, " "1, " "1, " "1, " "1, " "1, " "1, " "1, " "1, " "1, " "1, " "1, " "1, " "1, " "1, " "1, " "1, "204
 "Nei50, 0.151, " "-0.011, " "1, " "1, " "1, " "1, " "1, " "1, " "1, " "1, " "1, " "1, " "1, " "1, " "1, " "1, " "1, " "1, " "1, " "1, " "1, " "1, " "1, " "1, " "1, " "1, " "1, " "1, " "1, " "1, " "1, " "1, " "1, " "1, " "1, " "1, " "1, " "1, " "1, " "1, " "1, " "1, " "1, " "1, " "1, " "1, " "1, " "1, " "1, " "1, " "1, " "1, " "0, " "1, " "1, " "1, " "1, " "1, " "1, " "1, " "1, " "1, " "1, " "1, " "1, " "1, " "1, " "1, " "1, " "1, " "1, " "1, " "1, " "1, " "1, " "1, " "1, " "1, " "1, " "1, " "1, " "1, " "1, " "1, " "1, " "1, " "1, " "1, " "1, " "1, " "1, " "1, " "1, " "1, " "1, " "1, " "1, " "1, " "1, " "1, " "1, " "1, " "1, " "1, " "1, " "1, " "1, " "1, " "1, " "1, " "1, " "1, " "1, " "1, " "1, " "1, " "1, " "1, " "1, " "1, " "1, " "1, " "1, " "1, " "1, " "1, " "1, " "1, " "1, " "1, " "1, "204
 "Nei51, 0.305, " "-0.011, " "1, " "1, " "1, " "1, " "1, " "1, " "1, " "1, " "1, " "1, " "1, " "1, " "1, " "1, " "1, " "1, " "1, " "1, " "1, " "1, " "1, " "1, " "1, " "1, " "1, " "1, " "1, " "1, " "1, " "1, " "1, " "1, " "1, " "1, " "1, " "1, " "1, " "1, " "1, " "1, " "1, " "1, " "1, " "1, " "1, " "1, " "1, " "1, " "1, " "1, " "1, " "0, " "1, " "1, " "1, " "1, " "1, " "1, " "1, " "1, " "1, " "1, " "1, " "1, " "1, " "1, " "1, " "1, " "1, " "1, " "1, " "1, " "1, " "1, " "1, " "1, " "1, " "1, " "1, " "1, " "1, " "1, " "1, " "1, " "1, " "1, " "1, " "1, " "1, " "1, " "1, " "1, " "1, " "1, " "1, " "1, " "1, " "1, " "1, " "1, " "1, " "1, " "1, " "1, " "1, " "1, " "1, " "1, " "1, " "1, " "1, " "1, " "1, " "1, " "1, " "1, " "1, " "1, " "1, " "1, " "1, " "1, " "1, " "1, " "1, " "1, " "1, " "1, " "1, "204
 "Nei52, 0.15, " "-0.011, " "1, " "1, " "1, " "1, " "1, " "1, " "1, " "1, " "1, " "1, " "1, " "1, " "1, " "1, " "1, " "1, " "1, " "1, " "1, " "1, " "1, " "1, " "1, " "1, " "1, " "1, " "1, " "1, " "1, " "1, " "1, " "1, " "1, " "1, " "1, " "1, " "1, " "1, " "1, " "1, " "1, " "1, " "1, " "1, " "1, " "1, " "1, " "1, " "1, " "1, " "1, " "1, " "0, " "1, " "1, " "1, " "1, " "1, " "1, " "1, " "1, " "1, " "1, " "1, " "1, " "1, " "1, " "1, " "1, " "1, " "1, " "1, " "1, " "1, " "1, " "1, " "1, " "1, " "1, " "1, " "1, " "1, " "1, " "1, " "1, " "1, " "1, " "1, " "1, " "1, " "1, " "1, " "1, " "1, " "1, " "1, " "1, " "1, " "1, " "1, " "1, " "1, " "1, " "1, " "1, " "1, " "1, " "1, " "1, " "1, " "1, " "1, " "1, " "1, " "1, " "1, " "1, " "1, " "1, " "1, " "1, " "1, " "1, " "1, " "1, " "1, " "1, " "1, " "1, "204
 "Nei53, 0.132, " "-0.011, " "1, " "1, " "1, " "1, " "1, " "1, " "1, " "1, " "1, " "1, " "1, " "1, " "1, " "1, " "1, " "1, " "1, " "1, " "1, " "1, " "1, " "1, " "1, " "1, " "1, " "1, " "1, " "1, " "1, " "1, " "1, " "1, " "1, " "1, " "1, " "1, " "1, " "1, " "1, " "1, " "1, " "1, " "1, " "1, " "1, " "1, " "1, " "1, " "1, " "1, " "1, " "1, " "1, " "0, " "1, " "1, " "1, " "1, " "1, " "1, " "1, " "1, " "1, " "1, " "1, " "1, " "1, " "1, " "1, " "1, " "1, " "1, " "1, " "1, " "1, " "1, " "1, " "1, " "1, " "1, " "1, " "1, " "1, " "1, " "1, " "1, " "1, " "1, " "1, " "1, " "1, " "1, " "1, " "1, " "1, " "1, " "1, " "1, " "1, " "1, " "1, " "1, " "1, " "1, " "1, " "1, " "1, " "1, " "1, " "1, " "1, " "1, " "1, " "1, " "1, " "1, " "1, " "1, " "1, " "1, " "1, " "1, " "1, " "1, " "1, " "1, " "1, " "1, " "1, "204
 "Nei54, 0.496, " "-0.011, " "1, " "1, " "1, " "1, " "1, " "1, " "1, " "1, " "1, " "1, " "1, " "1, " "1, " "1, " "1, " "1, " "1, " "1, " "1, " "1, " "1, " "1, " "1, " "1, " "1, " "1, " "1, " "1, " "1, " "1, " "1, " "1, " "1, " "1, " "1, " "1, " "1, " "1, " "1, " "1, " "1, " "1, " "1, " "1, " "1, " "1, " "1, " "1, " "1, " "1, " "1, " "1, " "1, " "1, " "0, " "1, " "1, " "1, " "1, " "1, " "1, " "1, " "1, " "1, " "1, " "1, " "1, " "1, " "1, " "1, " "1, " "1, " "1, " "1, " "1, " "1, " "1, " "1, " "1, " "1, " "1, " "1, " "1, " "1, " "1, " "1, " "1, " "1, " "1, " "1, " "1, " "1, " "1, " "1, " "1, " "1, " "1, " "1, " "1, " "1, " "1, " "1, " "1, " "1, " "1, " "1, " "1, " "1, " "1, " "1, " "1, " "1, " "1, " "1, " "1, " "1, " "1, " "1, " "1, " "1, " "1, " "1, " "1, " "1, " "1, " "1, " "1, " "1, " "1, "204
 "Nei55, 0.194, " "-0.011, " "1, " "1, " "1, " "1, " "1, " "1, " "1, " "1, " "1, " "1, " "1, " "1, " "1, " "1, " "1, " "1, " "1, " "1, " "1, " "1, " "1, " "1, " "1, " "1, " "1, " "1, " "1, " "1, " "1, " "1, " "1, " "1, " "1, " "1, " "1, " "1, " "1, " "1, " "1, " "1, " "1, " "1, " "1, " "1, " "1, " "1, " "1, " "1, " "1, " "1, " "1, " "1, " "1, " "1, " "1, " "0, " "1, " "1, " "1, " "1, " "1, " "1, " "1, " "1, " "1, " "1, " "1, " "1, " "1, " "1, " "1, " "1, " "1, " "1, " "1, " "1, " "1, " "1, " "1, " "1, " "1, " "1, " "1, " "1, " "1, " "1, " "1, " "1, " "1, " "1, " "1, " "1, " "1, " "1, " "1, " "1, " "1, " "1, " "1, " "1, " "1, " "1, " "1, " "1, " "1, " "1, " "1, " "1, " "1, " "1, " "1, " "1, " "1, " "1, " "1, " "1, " "1, " "1, " "1, " "1, " "1, " "1, " "1, " "1, " "1, " "1, " "1, " "1, " "1, "204
 "Nei56, 0.302, " "-0.011, " "1, " "1, " "1, " "1, " "1, " "1, " "1, " "1, " "1, " "1, " "1, " "1, " "1, " "1, " "1, " "1, " "1, " "1, " "1, " "1, " "1, " "1, " "1, " "1, " "1, " "1, " "1, " "1, " "1, " "1, " "1, " "1, " "1, " "1, " "1, " "1, " "1, " "1, " "1, " "1, " "1, " "1, " "1, " "1, " "1, " "1, " "1, " "1, " "1, " "1, " "1, " "1, " "1, " "1, " "1, " "1, " "0, " "1, " "1, " "1, " "1, " "1, " "1, " "1, " "1, " "1, " "1, " "1, " "1, " "1, " "1, " "1, " "1, " "1, " "1, " "1, " "1, " "1, " "1, " "1, " "1, " "1, " "1, " "1, " "1, " "1, " "1, " "1, " "1, " "1, " "1, " "1, " "1, " "1, " "1, " "1, " "1, " "1, " "1, " "1, " "1, " "1, " "1, " "1, " "1, " "1, " "1, " "1, " "1, " "1, " "1, " "1, " "1, " "1, " "1, " "1, " "1, " "1, " "1, " "1, " "1, " "1, " "1, " "1, " "1, " "1, " "1, " "1, " "1, "204
 "Nei57, 0.198, " "-0.011, " "1, " "1, " "1, " "1, " "1, " "1, " "1, " "1, " "1, " "1, " "1, " "1, " "1, " "1, " "1, " "1, " "1, " "1, " "1, " "1, " "1, " "1, " "1, " "1, " "1, " "1, " "1, " "1, " "1, " "1, " "1, " "1, " "1, " "1, " "1, " "1, " "1, " "1, " "1, " "1, " "1, " "1, " "1, " "1, " "1, " "1, " "1, " "1, " "1, " "1, " "1, " "1, " "1, " "1, " "1, " "1, " "1, " "0, " "1, " "1, " "1, " "1, " "1, " "1, " "1, " "1, " "1, " "1, " "1, " "1, " "1, " "1, " "1, " "1, " "1, " "1, " "1, " "1, " "1, " "1, " "1, " "1, " "1, " "1, " "1, " "1, " "1, " "1, " "1, " "1, " "1, " "1, " "1, " "1, " "1, " "1, " "1, " "1, " "1, " "1, " "1, " "1, " "1, " "1, " "1, " "1, " "1, " "1, " "1, " "1, " "1, " "1, " "1, " "1, " "1, " "1, " "1, " "1, " "1, " "1, " "1, " "1, " "1, " "1, " "1, " "1, " "1, " "1, " "1, "204
 "Nei58, 0.573, " "-0.011, " "1, " "1, " "1, " "1, " "1, " "1, " "1, " "1, " "1, " "1, " "1, " "1, " "1, " "1, " "1, " "1, " "1, " "1, " "1, " "1, " "1, " "1, " "1, " "1, " "1, " "1, " "1, " "1, " "1, " "1, " "1, " "1, " "1, " "1, " "1, " "1, " "1, " "1, " "1, " "1, " "1, " "1, " "1, " "1, " "1, " "1, " "1, " "1, " "1, " "1, " "1, " "1, " "1, " "1, " "1, " "1, " "1, " "1, " "0, " "1, " "1, " "1, " "1, " "1, " "1, " "1, " "1, " "1, " "1, " "1, " "1, " "1, " "1, " "1, " "1, " "1, " "1, " "1, " "1, " "1, " "1, " "1, " "1, " "1, " "1, " "1, " "1, " "1, " "1, " "1, " "1, " "1, " "1, " "1, " "1, " "1, " "1, " "1, " "1, " "1, " "1, " "1, " "1, " "1, " "1, " "1, " "1, " "1, " "1, " "1, " "1, " "1, " "1, " "1, " "1, " "1, " "1, " "1, " "1, " "1, " "1, " "1, " "1, " "1, " "1, " "1, " "1, " "1, " "1, "204
 "Nei59, 0.141, " "-0.011, " "1, " "1, " "1, " "1, " "1, " "1, " "1, " "1, " "1, " "1, " "1, " "1, " "1, " "1, " "1, " "1, " "1, " "1, " "1, " "1, " "1, " "1, " "1, " "1, " "1, " "1, " "1, " "1, " "1, " "1, " "1, " "1, " "1, " "1, " "1, " "1, " "1, " "1, " "1, " "1, " "1, " "1, " "1, " "1, " "1, " "1, " "1, " "1, " "1, " "1, " "1, " "1, " "1, " "1, " "1, " "1, " "1, " "1, " "1, " "0, " "1, " "1, " "1, " "1, " "1, " "1, " "1, " "1, " "1, " "1, " "1, " "1, " "1, " "1, " "1, " "1, " "1, " "1, " "1, " "1, " "1, " "1, " "1, " "1, " "1, " "1, " "1, " "1, " "1, " "1, " "1, " "1, " "1, " "1, " "1, " "1, " "1, " "1, " "1, " "1, " "1, " "1, " "1, " "1, " "1, " "1, " "1, " "1, " "1, " "1, " "1, " "1, " "1, " "1, " "1, " "1, " "1, " "1, " "1, " "1, " "1, " "1, " "1, " "1, " "1, " "1, " "1, " "1, " "1, "204
 "Nei60, 0.268, " "-0.011, " "1, " "1, " "1, " "1, " "1, " "1, " "1, " "1, " "1, " "1, " "1, " "1, " "1, " "1, " "1, " "1, " "1, " "1, " "1, " "1, " "1, " "1, " "1, " "1, " "1, " "1, " "1, " "1, " "1, " "1, " "1, " "1, " "1, " "1, " "1, " "1, " "1, " "1, " "1, " "1, " "1, " "1, " "1, " "1, " "1, " "1, " "1, " "1, " "1, " "1, " "1, " "1, " "1, " "1, " "1, " "1, " "1, " "1, " "1, " "1, " "0, " "1, " "1, " "1, " "1, " "1, " "1, " "1, " "1, " "1, " "1, " "1, " "1, " "1, " "1, " "1, " "1, " "1, " "1, " "1, " "1, " "1, " "1, " "1, " "1, " "1, " "1, " "1, " "1, " "1, " "1, " "1, " "1, " "1, " "1, " "1, " "1, " "1, " "1, " "1, " "1, " "1, " "1, " "1, " "1, " "1, " "1, " "1, " "1, " "1, " "1, " "1, " "1, " "1, " "1, " "1, " "1, " "1, " "1, " "1, " "1, " "1, " "1, " "1, " "1, " "1, " "1, " "1, " "1, "204
 "Nei61, 0.099, " "-0.011, " "1, " "1, " "1, " "1, " "1, " "1, " "1, " "1, " "1, " "1, " "1, " "1, " "1, " "1, " "1, " "1, " "1, " "1, " "1, " "1, " "1, " "1, " "1, " "1, " "1, " "1, " "1, " "1, " "1, " "1, " "1, " "1, " "1, " "1, " "1, " "1, " "1, " "1, " "1, " "1, " "1, " "1, " "1, " "1, " "1, " "1, " "1, " "1, " "1, " "1, " "1, " "1, " "1, " "1, " "1, " "1, " "1, " "1, " "1, " "1, " "1, " "0, " "1, " "1, " "1, " "1, " "1, " "1, " "1, " "1, " "1, " "1, " "1, " "1, " "1, " "1, " "1, " "1, " "1, " "1, " "1, " "1, " "1, " "1, " "1, " "1, " "1, " "1, " "1, " "1, " "1, " "1, " "1, " "1, " "1, " "1, " "1, " "1, " "1, " "1, " "1, " "1, " "1, " "1, " "1, " "1, " "1, " "1, " "1, " "1, " "1, " "1, " "1, " "1, " "1, " "1, " "1, " "1, " "1, " "1, " "1, " "1, " "1, " "1, " "1, " "1, " "1, " "1, " "1, "204
 "Nei62, 0.159, " "-0.011, " "1, " "1, " "1, " "1, " "1, " "1, " "1, " "1, " "1, " "1, " "1, " "1, " "1, " "1, " "1, " "1, " "1, " "1, " "1, " "1, " "1, " "1, " "1, " "1, " "1, " "1, " "1, " "1, " "1, " "1, " "1, " "1, " "1, " "1, " "1, " "1, " "1, " "1, " "1, " "1, " "1, " "1, " "1, " "1, " "1, " "1, " "1, " "1, " "1, " "1, " "1, " "1, " "1, " "1, " "1, " "1, " "1, " "1, " "1, " "1, " "1, " "1, " "0, " "1, " "1, " "1, " "1, " "1, " "1, " "1, " "1, " "1, " "1, " "1, " "1, " "1, " "1, " "1, " "1, " "1, " "1, " "1, " "1, " "1, " "1, " "1, " "1, " "1, " "1, " "1, " "1, " "1, " "1, " "1, " "1, " "1, " "1, " "1, " "1, " "1, " "1, " "1, " "1, " "1, " "1, " "1, " "1, " "1, " "1, " "1, " "1, " "1, " "1, " "1, " "1, " "1, " "1, " "1, " "1, " "1, " "1, " "1, " "1, " "1, " "1, " "1, " "1, " "1, " "1, "204
 "Nei63, 0.351, " "-0.011, " "1, " "1, " "1, " "1, " "1, " "1, " "1, " "1, " "1, " "1, " "1, " "1, " "1, " "1, " "1, " "1, " "1, " "1, " "1, " "1, " "1, " "1, " "1, " "1, " "1, " "1, " "1, " "1, " "1, " "1, " "1, " "1, " "1, " "1, " "1, " "1, " "1, " "1, " "1, " "1, " "1, " "1, " "1, " "1, " "1, " "1, " "1, " "1, " "1, " "1, " "1, " "1, " "1, " "1, " "1, " "1, " "1, " "1, " "1, " "1, " "1, " "1, " "1, " "0, " "1, " "1, " "1, " "1, " "1, " "1, " "1, " "1, " "1, " "1, " "1, " "1, " "1, " "1, " "1, " "1, " "1, " "1, " "1, " "1, " "1, " "1, " "1, " "1, " "1, " "1, " "1, " "1, " "1, " "1, " "1, " "1, " "1, " "1, " "1, " "1, " "1, " "1, " "1, " "1, " "1, " "1, " "1, " "1, " "1, " "1, " "1, " "1, " "1, " "1, " "1, " "1, " "1, " "1, " "1, " "1, " "1, " "1, " "1, " "1, " "1, " "1, " "1, " "1, " "1, "204
 "Nei64, 0.029, " "-0.011, " "1, " "1, " "1, " "1, " "1, " "1, " "1, " "1, " "1, " "1, " "1, " "1, " "1, " "1, " "1, " "1, " "1, " "1, " "1, " "1, " "1, " "1, " "1, " "1, " "1, " "1, " "1, " "1, " "1, " "1, " "1, " "1, " "1, " "1, " "1, " "1, " "1, " "1, " "1, " "1, " "1, " "1, " "1, " "1, " "1, " "1, " "1, " "1, " "1, " "1, " "1, " "1, " "1, " "1, " "1, " "1, " "1, " "1, " "1, " "1, " "1, " "1, " "1, " "1, " "0, " "1, " "1, " "1, " "1, " "1, " "1, " "1, " "1, " "1, " "1, " "1, " "1, " "1, " "1, " "1, " "1, " "1, " "1, " "1, " "1, " "1, " "1, " "1, " "1, " "1, " "1, " "1, " "1, " "1, " "1, " "1, " "1, " "1, " "1, " "1, " "1, " "1, " "1, " "1, " "1, " "1, " "1, " "1, " "1, " "1, " "1, " "1, " "1, " "1, " "1, " "1, " "1, " "1, " "1, " "1, " "1, " "1, " "1, " "1, " "1, " "1, " "1, " "1, " "1, "204
 "Nei65, 0.287, " "-0.011, " "1, " "1, " "1, " "1, " "1, " "1, " "1, " "1, " "1, " "1, " "1, " "1, " "1, " "1, " "1, " "1, " "1, " "1, " "1, " "1, " "1, " "1, " "1, " "1, " "1, " "1, " "1, " "1, " "1, " "1, " "1, " "1, " "1, " "1, " "1, " "1, " "1, " "1, " "1, " "1, " "1, " "1, " "1, " "1, " "1, " "1, " "1, " "1, " "1, " "1, " "1, " "1, " "1, " "1, " "1, " "1, " "1, " "1, " "1, " "1, " "1, " "1, " "1, " "1, " "1, " "0, " "1, " "1, " "1, " "1, " "1, " "1, " "1, " "1, " "1, " "1, " "1, " "1, " "1, " "1, " "1, " "1, " "1, " "1, " "1, " "1, " "1, " "1, " "1, " "1, " "1, " "1, " "1, " "1, " "1, " "1, " "1, " "1, " "1, " "1, " "1, " "1, " "1, " "1, " "1, " "1, " "1, " "1, " "1, " "1, " "1, " "1, " "1, " "1, " "1, " "1, " "1, " "1, " "1, " "1, " "1, " "1, " "1, " "1, " "1, " "1, " "1, " "1, " "1, "204
 "Nei66, 0.323, " "-0.011, " "1, " "1, " "1, " "1, " "1, " "1, " "1, " "1, " "1, " "1, " "1, " "1, " "1, " "1, " "1, " "1, " "1, " "1, " "1, " "1, " "1, " "1, " "1, " "1, " "1, " "1, " "1, " "1, " "1, " "1, " "1, " "1, " "1, " "1, " "1, " "1, " "1, " "1, " "1, " "1, " "1, " "1, " "1, " "1, " "1, " "1, " "1, " "1, " "1, " "1, " "1, " "1, " "1, " "1, " "1, " "1, " "1, " "1, " "1, " "1, " "1, " "1, " "1, " "1, " "1, " "1, " "0, " "1, " "1, " "1, " "1, " "1, " "1, " "1, " "1, " "1, " "1, " "1, " "1, " "1, " "1, " "1, " "1, " "1, " "1, " "1, " "1, " "1, " "1, " "1, " "1, " "1, " "1, " "1, " "1, " "1, " "1, " "1, " "1, " "1, " "1, " "1, " "1, " "1, " "1, " "1, " "1, " "1, " "1, " "1, " "1, " "1, " "1, " "1, " "1, " "1, " "1, " "1, " "1, " "1, " "1, " "1, " "1, " "1, " "1, " "1, " "1, " "1, " "1, "204
 "Nei67, 0.519, " "-0.011, " "1, " "1, " "1, " "1, " "1, " "1, " "1, " "1, " "1, " "1, " "1, " "1, " "1, " "1, " "1, " "1, " "1, " "1, " "1, " "1, " "1, " "1, " "1, " "1, " "1, " "1, " "1, " "1, " "1, " "1, " "1, " "1, " "1, " "1, " "1, " "1, " "1, " "1, " "1, " "1, " "1, " "1, " "1, " "1, " "1, " "1, " "1, " "1, " "1, " "1, " "1, " "1, " "1, " "1, " "1, " "1, " "1, " "1, " "1, " "1, " "1, " "1, " "1, " "1, " "1, " "1, " "1, " "0, " "1, " "1, " "1, " "1, " "1, " "1, " "1, " "1, " "1, " "1, " "1, " "1, " "1, " "1, " "1, " "1, " "1, " "1, " "1, " "1, " "1, " "1, " "1, " "1, " "1, " "1, " "1, " "1, " "1, " "1, " "1, " "1, " "1, " "1, " "1, " "1, " "1, " "1, " "1, " "1, " "1, " "1, " "1, " "1, " "1, " "1, " "1, " "1, " "1, " "1, " "1, " "1, " "1, " "1, " "1, " "1, " "1, " "1, " "1, " "1, " "1, "204
 "Nei68, 0.437, " "-0.011, " "1, " "1, " "1, " "1, " "1, " "1, " "1, " "1, " "1, " "1, " "1, " "1, " "1, " "1, " "1, " "1, " "1, " "1, " "1, " "1, " "1, " "1, " "1, " "1, " "1, " "1, " "1, " "1, " "1, " "1, " "1, " "1, " "1, " "1, " "1, " "1, " "1, " "1, " "1, " "1, " "1, " "1, " "1, " "1, " "1, " "1, " "1, " "1, " "1, " "1, " "1, " "1, " "1, " "1, " "1, " "1, " "1, " "1, " "1, " "1, " "1, " "1, " "1, " "1, " "1, " "1, " "1, " "1, " "0, " "1, " "1, " "1, " "1, " "1, " "1, " "1, " "1, " "1, " "1, " "1, " "1, " "1, " "1, " "1, " "1, " "1, " "1, " "1, " "1, " "1, " "1, " "1, " "1, " "1, " "1, " "1, " "1, " "1, " "1, " "1, " "1, " "1, " "1, " "1, " "1, " "1, " "1, " "1, " "1, " "1, " "1, " "1, " "1, " "1, " "1, " "1, " "1, " "1, " "1, " "1, " "1, " "1, " "1, " "1, " "1, " "1, " "1, " "1, " "1, "204
 "Nei69, 0.483, " "-0.011, " "1, " "1, " "1, " "1, " "1, " "1, " "1, " "1, " "1, " "1, " "1, " "1, " "1, " "1, " "1, " "1, " "1, " "1, " "1, " "1, " "1, " "1, " "1, " "1, " "1, " "1, " "1, " "1, " "1, " "1, " "1, " "1, " "1, " "1, " "1, " "1, " "1, " "1, " "1, " "1, " "1, " "1, " "1, " "1, " "1, " "1, " "1, " "1, " "1, " "1, " "1, " "1, " "1, " "1, " "1, " "1, " "1, " "1, " "1, " "1, " "1, " "1, " "1, " "1, " "1, " "1, " "1, " "1, " "1, " "0, " "1, " "1, " "1, " "1, " "1, " "1, " "1, " "1, " "1, " "1, " "1, " "1, " "1, " "1, " "1, " "1, " "1, " "1, " "1, " "1, " "1, " "1, " "1, " "1, " "1, " "1, " "1, " "1, " "1, " "1, " "1, " "1, " "1, " "1, " "1, " "1, " "1, " "1, " "1, " "1, " "1, " "1, " "1, " "1, " "1, " "1, " "1, " "1, " "1, " "1, " "1, " "1, " "1, " "1, " "1, " "1, " "1, " "1, " "1, "204
 "Nei70, 0.083, " "-0.011, " "1, " "1, " "1, " "1, " "1, " "1, " "1, " "1, " "1, " "1, " "1, " "1, " "1, " "1, " "1, " "1, " "1, " "1, " "1, " "1, " "1, " "1, " "1, " "1, " "1, " "1, " "1, " "1, " "1, " "1, " "1, " "1, " "1, " "1, " "1, " "1, " "1, " "1, " "1, " "1, " "1, " "1, " "1, " "1, " "1, " "1, " "1, " "1, " "1, " "1, " "1, " "1, " "1, " "1, " "1, " "1, " "1, " "1, " "1, " "1, " "1, " "1, " "1, " "1, " "1, " "1, " "1, " "1, " "1, " "1, " "0, " "1, " "1, " "1, " "1, " "1, " "1, " "1, " "1, " "1, " "1, " "1, " "1, " "1, " "1, " "1, " "1, " "1, " "1, " "1, " "1, " "1, " "1, " "1, " "1, " "1, " "1, " "1, " "1, " "1, " "1, " "1, " "1, " "1, " "1, " "1, " "1, " "1, " "1, " "1, " "1, " "1, " "1, " "1, " "1, " "1, " "1, " "1, " "1, " "1, " "1, " "1, " "1, " "1, " "1, " "1, " "1, " "1, " "1, "204
 "Nei71, 0.22, " "-0.011, " "1, " "1, " "1, " "1, " "1, " "1, " "1, " "1, " "1, " "1, " "1, " "1, " "1, " "1, " "1, " "1, " "1, " "1, " "1, " "1, " "1, " "1, " "1, " "1, " "1, " "1, " "1, " "1, " "1, " "1, " "1, " "1, " "1, " "1, " "1, " "1, " "1, " "1, " "1, " "1, " "1, " "1, " "1, " "1, " "1, " "1, " "1, " "1, " "1, " "1, " "1, " "1, " "1, " "1, " "1, " "1, " "1, " "1, " "1, " "1, " "1, " "1, " "1, " "1, " "1, " "1, " "1, " "1, " "1, " "1, " "1, " "0, " "1, " "1, " "1, " "1, " "1, " "1, " "1, " "1, " "1, " "1, " "1, " "1, " "1, " "1, " "1, " "1, " "1, " "1, " "1, " "1, " "1, " "1, " "1, " "1, " "1, " "1, " "1, " "1, " "1, " "1, " "1, " "1, " "1, " "1, " "1, " "1, " "1, " "1, " "1, " "1, " "1, " "1, " "1, " "1, " "1, " "1, " "1, " "1, " "1, " "1, " "1, " "1, " "1, " "1, " "1, " "1, " "1, "204
 "Nei72, 0.211, " "-0.011, " "1, " "1, " "1, " "1, " "1, " "1, " "1, " "1, " "1, " "1, " "1, " "1, " "1, " "1, " "1, " "1, " "1, " "1, " "1, " "1, " "1, " "1, " "1, " "1, " "1, " "1, " "1, " "1, " "1, " "1, " "1, " "1, " "1, " "1, " "1, " "1, " "1, " "1, " "1, " "1, " "1, " "1, " "1, " "1, " "1, " "1, " "1, " "1, " "1, " "1, " "1, " "1, " "1, " "1, " "1, " "1, " "1, " "1, " "1, " "1, " "1, " "1, " "1, " "1, " "1, " "1, " "1, " "1, " "1, " "1, " "1, " "1, " "0, " "1, " "1, " "1, " "1, " "1, " "1, " "1, " "1, " "1, " "1, " "1, " "1, " "1, " "1, " "1, " "1, " "1, " "1, " "1, " "1, " "1, " "1, " "1, " "1, " "1, " "1, " "1, " "1, " "1, " "1, " "1, " "1, " "1, " "1, " "1, " "1, " "1, " "1, " "1, " "1, " "1, " "1, " "1, " "1, " "1, " "1, " "1, " "1, " "1, " "1, " "1, " "1, " "1, " "1, " "1, " "1, "204
 "Nei73, 0.271, " "-0.011, " "1, " "1, " "1, " "1, " "1, " "1, " "1, " "1, " "1, " "1, " "1, " "1, " "1, " "1, " "1, " "1, " "1, " "1, " "1, " "1, " "1, " "1, " "1, " "1, " "1, " "1, " "1, " "1, " "1, " "1, " "1, " "1, " "1, " "1, " "1, " "1, " "1, " "1, " "1, " "1, " "1, " "1, " "1, " "1, " "1, " "1, " "1, " "1, " "1, " "1, " "1, " "1, " "1, " "1, " "1, " "1, " "1, " "1, " "1, " "1, " "1, " "1, " "1, " "1, " "1, " "1, " "1, " "1, " "1, " "1, " "1, " "1, " "1, " "0, " "1, " "1, " "1, " "1, " "1, " "1, " "1, " "1, " "1, " "1, " "1, " "1, " "1, " "1, " "1, " "1, " "1, " "1, " "1, " "1, " "1, " "1, " "1, " "1, " "1, " "1, " "1, " "1, " "1, " "1, " "1, " "1, " "1, " "1, " "1, " "1, " "1, " "1, " "1, " "1, " "1, " "1, " "1, " "1, " "1, " "1, " "1, " "1, " "1, " "1, " "1, " "1, " "1, " "1, " "1, "204
 "Nei74, 0.134, " "-0.011, " "1, " "1, " "1, " "1, " "1, " "1, " "1, " "1, " "1, " "1, " "1, " "1, " "1, " "1, " "1, " "1, " "1, " "1, " "1, " "1, " "1, " "1, " "1, " "1, " "1, " "1, " "1, " "1, " "1, " "1, " "1, " "1, " "1, " "1, " "1, " "1, " "1, " "1, " "1, " "1, " "1, " "1, " "1, " "1, " "1, " "1, " "1, " "1, " "1, " "1, " "1, " "1, " "1, " "1, " "1, " "1, " "1, " "1, " "1, " "1, " "1, " "1, " "1, " "1, " "1, " "1, " "1, " "1, " "1, " "1, " "1, " "1, " "1, " "1, " "0, " "1, " "1, " "1, " "1, " "1, " "1, " "1, " "1, " "1, " "1, " "1, " "1, " "1, " "1, " "1, " "1, " "1, " "1, " "1, " "1, " "1, " "1, " "1, " "1, " "1, " "1, " "1, " "1, " "1, " "1, " "1, " "1, " "1, " "1, " "1, " "1, " "1, " "1, " "1, " "1, " "1, " "1, " "1, " "1, " "1, " "1, " "1, " "1, " "1, " "1, " "1, " "1, " "1, " "1, "204
 "Nei75, 0.425, " "-0.011, " "1, " "1, " "1, " "1, " "1, " "1, " "1, " "1, " "1, " "1, " "1, " "1, " "1, " "1, " "1, " "1, " "1, " "1, " "1, " "1, " "1, " "1, " "1, " "1, " "1, " "1, " "1, " "1, " "1, " "1, " "1, " "1, " "1, " "1, " "1, " "1, " "1, " "1, " "1, " "1, " "1, " "1, " "1, " "1, " "1, " "1, " "1, " "1, " "1, " "1, " "1, " "1, " "1, " "1, " "1, " "1, " "1, " "1, " "1, " "1, " "1, " "1, " "1, " "1, " "1, " "1, " "1, " "1, " "1, " "1, " "1, " "1, " "1, " "1, " "1, " "0, " "1, " "1, " "1, " "1, " "1, " "1, " "1, " "1, " "1, " "1, " "1, " "1, " "1, " "1, " "1, " "1, " "1, " "1, " "1, " "1, " "1, " "1, " "1, " "1, " "1, " "1, " "1, " "1, " "1, " "1, " "1, " "1, " "1, " "1, " "1, " "1, " "1, " "1, " "1, " "1, " "1, " "1, " "1, " "1, " "1, " "1, " "1, " "1, " "1, " "1, " "1, " "1, " "1, "204
 "Nei76, 0.465, " "-0.011, " "1, " "1, " "1, " "1, " "1, " "1, " "1, " "1, " "1, " "1, " "1, " "1, " "1, " "1, " "1, " "1, " "1, " "1, " "1, " "1, " "1, " "1, " "1, " "1, " "1, " "1, " "1, " "1, " "1, " "1, " "1, " "1, " "1, " "1, " "1, " "1, " "1, " "1, " "1, " "1, " "1, " "1, " "1, " "1, " "1, " "1, " "1, " "1, " "1, " "1, " "1, " "1, " "1, " "1, " "1, " "1, " "1, " "1, " "1, " "1, " "1, " "1, " "1, " "1, " "1, " "1, " "1, " "1, " "1, " "1, " "1, " "1, " "1, " "1, " "1, " "1, " "0, " "1, " "1, " "1, " "1, " "1, " "1, " "1, " "1, " "1, " "1, " "1, " "1, " "1, " "1, " "1, " "1, " "1, " "1, " "1, " "1, " "1, " "1, " "1, " "1, " "1, " "1, " "1, " "1, " "1, " "1, " "1, " "1, " "1, " "1, " "1, " "1, " "1, " "1, " "1, " "1, " "1, " "1, " "1, " "1, " "1, " "1, " "1, " "1, " "1, " "1, " "1, " "1, "204
 "Nei77, 0.069, " "-0.011, " "1, " "1, " "1, " "1, " "1, " "1, " "1, " "1, " "1, " "1, " "1, " "1, " "1, " "1, " "1, " "1, " "1, " "1, " "1, " "1, " "1, " "1, " "1, " "1, " "1, " "1, " "1, " "1, " "1, " "1, " "1, " "1, " "1, " "1, " "1, " "1, " "1, " "1, " "1, " "1, " "1, " "1, " "1, " "1, " "1, " "1, " "1, " "1, " "1, " "1, " "1, " "1, " "1, " "1, " "1, " "1, " "1, " "1, " "1, " "1, " "1, " "1, " "1, " "1, " "1, " "1, " "1, " "1, " "1, " "1, " "1, " "1, " "1, " "1, " "1, " "1, " "1, " "0, " "1, " "1, " "1, " "1, " "1, " "1, " "1, " "1, " "1, " "1, " "1, " "1, " "1, " "1, " "1, " "1, " "1, " "1, " "1, " "1, " "1, " "1, " "1, " "1, " "1, " "1, " "1, " "1, " "1, " "1, " "1, " "1, " "1, " "1, " "1, " "1, " "1, " "1, " "1, " "1, " "1, " "1, " "1, " "1, " "1, " "1, " "1, " "1, " "1, " "1, " "1, "204
 "Nei78, 0.041, " "-0.011, " "1, " "1, " "1, " "1, " "1, " "1, " "1, " "1, " "1, " "1, " "1, " "1, " "1, " "1, " "1, " "1, " "1, " "1, " "1, " "1, " "1, " "1, " "1, " "1, " "1, " "1, " "1, " "1, " "1, " "1, " "1, " "1, " "1, " "1, " "1, " "1, " "1, " "1, " "1, " "1, " "1, " "1, " "1, " "1, " "1, " "1, " "1, " "1, " "1, " "1, " "1, " "1, " "1, " "1, " "1, " "1, " "1, " "1, " "1, " "1, " "1, " "1, " "1, " "1, " "1, " "1, " "1, " "1, " "1, " "1, " "1, " "1, " "1, " "1, " "1, " "1, " "1, " "1, " "0, " "1, " "1, " "1, " "1, " "1, " "1, " "1, " "1, " "1, " "1, " "1, " "1, " "1, " "1, " "1, " "1, " "1, " "1, " "1, " "1, " "1, " "1, " "1, " "1, " "1, " "1, " "1, " "1, " "1, " "1, " "1, " "1, " "1, " "1, " "1, " "1, " "1, " "1, " "1, " "1, " "1, " "1, " "1, " "1, " "1, " "1, " "1, " "1, " "1, " "1, "204
 "Nei79, 0.222, " "-0.011, " "1, " "1, " "1, " "1, " "1, " "1, " "1, " "1, " "1, " "1, " "1, " "1, " "1, " "1, " "1, " "1, " "1, " "1, " "1, " "1, " "1, " "1, " "1, " "1, " "1, " "1, " "1, " "1, " "1, " "1, " "1, " "1, " "1, " "1, " "1, " "1, " "1, " "1, " "1, " "1, " "1, " "1, " "1, " "1, " "1, " "1, " "1, " "1, " "1, " "1, " "1, " "1, " "1, " "1, " "1, " "1, " "1, " "1, " "1, " "1, " "1, " "1, " "1, " "1, " "1, " "1, " "1, " "1, " "1, " "1, " "1, " "1, " "1, " "1, " "1, " "1, " "1, " "1, " "1, " "0, " "1, " "1, " "1, " "1, " "1, " "1, " "1, " "1, " "1, " "1, " "1, " "1, " "1, " "1, " "1, " "1, " "1, " "1, " "1, " "1, " "1, " "1, " "1, " "1, " "1, " "1, " "1, " "1, " "1, " "1, " "1, " "1, " "1, " "1, " "1, " "1, " "1, " "1, " "1, " "1, " "1, " "1, " "1, " "1, " "1, " "1, " "1, " "1, " "1, "204
 "Nei80, 0.444, " "-0.011, " "1, " "1, " "1, " "1, " "1, " "1, " "1, " "1, " "1, " "1, " "1, " "1, " "1, " "1, " "1, " "1, " "1, " "1, " "1, " "1, " "1, " "1, " "1, " "1, " "1, " "1, " "1, " "1, " "1, " "1, " "1, " "1, " "1, " "1, " "1, " "1, " "1, " "1, " "1, " "1, " "1, " "1, " "1, " "1, " "1, " "1, " "1, " "1, " "1, " "1, " "1, " "1, " "1, " "1, " "1, " "1, " "1, " "1, " "1, " "1, " "1, " "1, " "1, " "1, " "1, " "1, " "1, " "1, " "1, " "1, " "1, " "1, " "1, " "1, " "1, " "1, " "1, " "1, " "1, " "1, " "0, " "1, " "1, " "1, " "1, " "1, " "1, " "1, " "1, " "1, " "1, " "1, " "1, " "1, " "1, " "1, " "1, " "1, " "1, " "1, " "1, " "1, " "1, " "1, " "1, " "1, " "1, " "1, " "1, " "1, " "1, " "1, " "1, " "1, " "1, " "1, " "1, " "1, " "1, " "1, " "1, " "1, " "1, " "1, " "1, " "1, " "1, " "1, " "1, "204
 "Nei81, 0.275, " "-0.011, " "1, " "1, " "1, " "1, " "1, " "1, " "1, " "1, " "1, " "1, " "1, " "1, " "1, " "1, " "1, " "1, " "1, " "1, " "1, " "1, " "1, " "1, " "1, " "1, " "1, " "1, " "1, " "1, " "1, " "1, " "1, " "1, " "1, " "1, " "1, " "1, " "1, " "1, " "1, " "1, " "1, " "1, " "1, " "1, " "1, " "1, " "1, " "1, " "1, " "1, " "1, " "1, " "1, " "1, " "1, " "1, " "1, " "1, " "1, " "1, " "1, " "1, " "1, " "1, " "1, " "1, " "1, " "1, " "1, " "1, " "1, " "1, " "1, " "1, " "1, " "1, " "1, " "1, " "1, " "1, " "1, " "0, " "1, " "1, " "1, " "1, " "1, " "1, " "1, " "1, " "1, " "1, " "1, " "1, " "1, " "1, " "1, " "1, " "1, " "1, " "1, " "1, " "1, " "1, " "1, " "1, " "1, " "1, " "1, " "1, " "1, " "1, " "1, " "1, " "1, " "1, " "1, " "1, " "1, " "1, " "1, " "1, " "1, " "1, " "1, " "1, " "1, " "1, " "1, "204
 "Nei82, 0.354, " "-0.011, " "1, " "1, " "1, " "1, " "1, " "1, " "1, " "1, " "1, " "1, " "1, " "1, " "1, " "1, " "1, " "1, " "1, " "1, " "1, " "1, " "1, " "1, " "1, " "1, " "1, " "1, " "1, " "1, " "1, " "1, " "1, " "1, " "1, " "1, " "1, " "1, " "1, " "1, " "1, " "1, " "1, " "1, " "1, " "1, " "1, " "1, " "1, " "1, " "1, " "1, " "1, " "1, " "1, " "1, " "1, " "1, " "1, " "1, " "1, " "1, " "1, " "1, " "1, " "1, " "1, " "1, " "1, " "1, " "1, " "1, " "1, " "1, " "1, " "1, " "1, " "1, " "1, " "1, " "1, " "1, " "1, " "1, " "0, " "1, " "1, " "1, " "1, " "1, " "1, " "1, " "1, " "1, " "1, " "1, " "1, " "1, " "1, " "1, " "1, " "1, " "1, " "1, " "1, " "1, " "1, " "1, " "1, " "1, " "1, " "1, " "1, " "1, " "1, " "1, " "1, " "1, " "1, " "1, " "1, " "1, " "1, " "1, " "1, " "1, " "1, " "1, " "1, " "1, " "1, "204
 "Nei83, 0.583, " "-0.011, " "1, " "1, " "1, " "1, " "1, " "1, " "1, " "1, " "1, " "1, " "1, " "1, " "1, " "1, " "1, " "1, " "1, " "1, " "1, " "1, " "1, " "1, " "1, " "1, " "1, " "1, " "1, " "1, " "1, " "1, " "1, " "1, " "1, " "1, " "1, " "1, " "1, " "1, " "1, " "1, " "1, " "1, " "1, " "1, " "1, " "1, " "1, " "1, " "1, " "1, " "1, " "1, " "1, " "1, " "1, " "1, " "1, " "1, " "1, " "1, " "1, " "1, " "1, " "1, " "1, " "1, " "1, " "1, " "1, " "1, " "1, " "1, " "1, " "1, " "1, " "1, " "1, " "1, " "1, " "1, " "1, " "1, " "1, " "0, " "1, " "1, " "1, " "1, " "1, " "1, " "1, " "1, " "1, " "1, " "1, " "1, " "1, " "1, " "1, " "1, " "1, " "1, " "1, " "1, " "1, " "1, " "1, " "1, " "1, " "1, " "1, " "1, " "1, " "1, " "1, " "1, " "1, " "1, " "1, " "1, " "1, " "1, " "1, " "1, " "1, " "1, " "1, " "1, " "1, "204
 "Nei84, 0.297, " "-0.011, " "1, " "1, " "1, " "1, " "1, " "1, " "1, " "1, " "1, " "1, " "1, " "1, " "1, " "1, " "1, " "1, " "1, " "1, " "1, " "1, " "1, " "1, " "1, " "1, " "1, " "1, " "1, " "1, " "1, " "1, " "1, " "1, " "1, " "1, " "1, " "1, " "1, " "1, " "1, " "1, " "1, " "1, " "1, " "1, " "1, " "1, " "1, " "1, " "1, " "1, " "1, " "1, " "1, " "1, " "1, " "1, " "1, " "1, " "1, " "1, " "1, " "1, " "1, " "1, " "1, " "1, " "1, " "1, " "1, " "1, " "1, " "1, " "1, " "1, " "1, " "1, " "1, " "1, " "1, " "1, " "1, " "1, " "1, " "1, " "0, " "1, " "1, " "1, " "1, " "1, " "1, " "1, " "1, " "1, " "1, " "1, " "1, " "1, " "1, " "1, " "1, " "1, " "1, " "1, " "1, " "1, " "1, " "1, " "1, " "1, " "1, " "1, " "1, " "1, " "1, " "1, " "1, " "1, " "1, " "1, " "1, " "1, " "1, " "1, " "1, " "1, " "1, " "1, " "1, "204
 "Nei85, 0.035, " "-0.011, " "1, " "1, " "1, " "1, " "1, " "1, " "1, " "1, " "1, " "1, " "1, " "1, " "1, " "1, " "1, " "1, " "1, " "1, " "1, " "1, " "1, " "1, " "1, " "1, " "1, " "1, " "1, " "1, " "1, " "1, " "1, " "1, " "1, " "1, " "1, " "1, " "1, " "1, " "1, " "1, " "1, " "1, " "1, " "1, " "1, " "1, " "1, " "1, " "1, " "1, " "1, " "1, " "1, " "1, " "1, " "1, " "1, " "1, " "1, " "1, " "1, " "1, " "1, " "1, " "1, " "1, " "1, " "1, " "1, " "1, " "1, " "1, " "1, " "1, " "1, " "1, " "1, " "1, " "1, " "1, " "1, " "1, " "1, " "1, " "1, " "0, " "1, " "1, " "1, " "1, " "1, " "1, " "1, " "1, " "1, " "1, " "1, " "1, " "1, " "1, " "1, " "1, " "1, " "1, " "1, " "1, " "1, " "1, " "1, " "1, " "1, " "1, " "1, " "1, " "1, " "1, " "1, " "1, " "1, " "1, " "1, " "1, " "1, " "1, " "1, " "1, " "1, " "1, " "1, "204
 "Nei86, 0.344, " "-0.011, " "1, " "1, " "1, " "1, " "1, " "1, " "1, " "1, " "1, " "1, " "1, " "1, " "1, " "1, " "1, " "1, " "1, " "1, " "1, " "1, " "1, " "1, " "1, " "1, " "1, " "1, " "1, " "1, " "1, " "1, " "1, " "1, " "1, " "1, " "1, " "1, " "1, " "1, " "1, " "1, " "1, " "1, " "1, " "1, " "1, " "1, " "1, " "1, " "1, " "1, " "1, " "1, " "1, " "1, " "1, " "1, " "1, " "1, " "1, " "1, " "1, " "1, " "1, " "1, " "1, " "1, " "1, " "1, " "1, " "1, " "1, " "1, " "1, " "1, " "1, " "1, " "1, " "1, " "1, " "1, " "1, " "1, " "1, " "1, " "1, " "1, " "0, " "1, " "1, " "1, " "1, " "1, " "1, " "1, " "1, " "1, " "1, " "1, " "1, " "1, " "1, " "1, " "1, " "1, " "1, " "1, " "1, " "1, " "1, " "1, " "1, " "1, " "1, " "1, " "1, " "1, " "1, " "1, " "1, " "1, " "1, " "1, " "1, " "1, " "1, " "1, " "1, " "1, " "1, "204
 "Nei87, 0.086, " "-0.011, " "1, " "1, " "1, " "1, " "1, " "1, " "1, " "1, " "1, " "1, " "1, " "1, " "1, " "1, " "1, " "1, " "1, " "1, " "1, " "1, " "1, " "1, " "1, " "1, " "1, " "1, " "1, " "1, " "1, " "1, " "1, " "1, " "1, " "1, " "1, " "1, " "1, " "1, " "1, " "1, " "1, " "1, " "1, " "1, " "1, " "1, " "1, " "1, " "1, " "1, " "1, " "1, " "1, " "1, " "1, " "1, " "1, " "1, " "1, " "1, " "1, " "1, " "1, " "1, " "1, " "1, " "1, " "1, " "1, " "1, " "1, " "1, " "1, " "1, " "1, " "1, " "1, " "1, " "1, " "1, " "1, " "1, " "1, " "1, " "1, " "1, " "1, " "0, " "1, " "1, " "1, " "1, " "1, " "1, " "1, " "1, " "1, " "1, " "1, " "1, " "1, " "1, " "1, " "1, " "1, " "1, " "1, " "1, " "1, " "1, " "1, " "1, " "1, " "1, " "1, " "1, " "1, " "1, " "1, " "1, " "1, " "1, " "1, " "1, " "1, " "1, " "1, " "1, " "1, "204
 "Nei88, 0.498, " "-0.011, " "1, " "1, " "1, " "1, " "1, " "1, " "1, " "1, " "1, " "1, " "1, " "1, " "1, " "1, " "1, " "1, " "1, " "1, " "1, " "1, " "1, " "1, " "1, " "1, " "1, " "1, " "1, " "1, " "1, " "1, " "1, " "1, " "1, " "1, " "1, " "1, " "1, " "1, " "1, " "1, " "1, " "1, " "1, " "1, " "1, " "1, " "1, " "1, " "1, " "1, " "1, " "1, " "1, " "1, " "1, " "1, " "1, " "1, " "1, " "1, " "1, " "1, " "1, " "1, " "1, " "1, " "1, " "1, " "1, " "1, " "1, " "1, " "1, " "1, " "1, " "1, " "1, " "1, " "1, " "1, " "1, " "1, " "1, " "1, " "1, " "1, " "1, " "1, " "0, " "1, " "1, " "1, " "1, " "1, " "1, " "1, " "1, " "1, " "1, " "1, " "1, " "1, " "1, " "1, " "1, " "1, " "1, " "1, " "1, " "1, " "1, " "1, " "1, " "1, " "1, " "1, " "1, " "1, " "1, " "1, " "1, " "1, " "1, " "1, " "1, " "1, " "1, " "1, " "1, "204
 "Nei89, 0.109, " "-0.011, " "1, " "1, " "1, " "1, " "1, " "1, " "1, " "1, " "1, " "1, " "1, " "1, " "1, " "1, " "1, " "1, " "1, " "1, " "1, " "1, " "1, " "1, " "1, " "1, " "1, " "1, " "1, " "1, " "1, " "1, " "1, " "1, " "1, " "1, " "1, " "1, " "1, " "1, " "1, " "1, " "1, " "1, " "1, " "1, " "1, " "1, " "1, " "1, " "1, " "1, " "1, " "1, " "1, " "1, " "1, " "1, " "1, " "1, " "1, " "1, " "1, " "1, " "1, " "1, " "1, " "1, " "1, " "1, " "1, " "1, " "1, " "1, " "1, " "1, " "1, " "1, " "1, " "1, " "1, " "1, " "1, " "1, " "1, " "1, " "1, " "1, " "1, " "1, " "1, " "0, " "1, " "1, " "1, " "1, " "1, " "1, " "1, " "1, " "1, " "1, " "1, " "1, " "1, " "1, " "1, " "1, " "1, " "1, " "1, " "1, " "1, " "1, " "1, " "1, " "1, " "1, " "1, " "1, " "1, " "1, " "1, " "1, " "1, " "1, " "1, " "1, " "1, " "1, " "1, "204
 "Nei90, 0.221, " "-0.011, " "1, " "1, " "1, " "1, " "1, " "1, " "1, " "1, " "1, " "1, " "1, " "1, " "1, " "1, " "1, " "1, " "1, " "1, " "1, " "1, " "1, " "1, " "1, " "1, " "1, " "1, " "1, " "1, " "1, " "1, " "1, " "1, " "1, " "1, " "1, " "1, " "1, " "1, " "1, " "1, " "1, " "1, " "1, " "1, " "1, " "1, " "1, " "1, " "1, " "1, " "1, " "1, " "1, " "1, " "1, " "1, " "1, " "1, " "1, " "1, " "1, " "1, " "1, " "1, " "1, " "1, " "1, " "1, " "1, " "1, " "1, " "1, " "1, " "1, " "1, " "1, " "1, " "1, " "1, " "1, " "1, " "1, " "1, " "1, " "1, " "1, " "1, " "1, " "1, " "1, " "0, " "1, " "1, " "1, " "1, " "1, " "1, " "1, " "1, " "1, " "1, " "1, " "1, " "1, " "1, " "1, " "1, " "1, " "1, " "1, " "1, " "1, " "1, " "1, " "1, " "1, " "1, " "1, " "1, " "1, " "1, " "1, " "1, " "1, " "1, " "1, " "1, " "1, " "1, "204
 "Nei91, 0.249, " "-0.011, " "1, " "1, " "1, " "1, " "1, " "1, " "1, " "1, " "1, " "1, " "1, " "1, " "1, " "1, " "1, " "1, " "1, " "1, " "1, " "1, " "1, " "1, " "1, " "1, " "1, " "1, " "1, " "1, " "1, " "1, " "1, " "1, " "1, " "1, " "1, " "1, " "1, " "1, " "1, " "1, " "1, " "1, " "1, " "1, " "1, " "1, " "1, " "1, " "1, " "1, " "1, " "1, " "1, " "1, " "1, " "1, " "1, " "1, " "1, " "1, " "1, " "1, " "1, " "1, " "1, " "1, " "1, " "1, " "1, " "1, " "1, " "1, " "1, " "1, " "1, " "1, " "1, " "1, " "1, " "1, " "1, " "1, " "1, " "1, " "1, " "1, " "1, " "1, " "1, " "1, " "1, " "0, " "1, " "1, " "1, " "1, " "1, " "1, " "1, " "1, " "1, " "1, " "1, " "1, " "1, " "1, " "1, " "1, " "1, " "1, " "1, " "1, " "1, " "1, " "1, " "1, " "1, " "1, " "1, " "1, " "1, " "1, " "1, " "1, " "1, " "1, " "1, " "1, " "1, "204
 "Nei92, 0.278, " "-0.011, " "1, " "1, " "1, " "1, " "1, " "1, " "1, " "1, " "1, " "1, " "1, " "1, " "1, " "1, " "1, " "1, " "1, " "1, " "1, " "1, " "1, " "1, " "1, " "1, " "1, " "1, " "1, " "1, " "1, " "1, " "1, " "1, " "1, " "1, " "1, " "1, " "1, " "1, " "1, " "1, " "1, " "1, " "1, " "1, " "1, " "1, " "1, " "1, " "1, " "1, " "1, " "1, " "1, " "1, " "1, " "1, " "1, " "1, " "1, " "1, " "1, " "1, " "1, " "1, " "1, " "1, " "1, " "1, " "1, " "1, " "1, " "1, " "1, " "1, " "1, " "1, " "1, " "1, " "1, " "1, " "1, " "1, " "1, " "1, " "1, " "1, " "1, " "1, " "1, " "1, " "1, " "1, " "0, " "1, " "1, " "1, " "1, " "1, " "1, " "1, " "1, " "1, " "1, " "1, " "1, " "1, " "1, " "1, " "1, " "1, " "1, " "1, " "1, " "1, " "1, " "1, " "1, " "1, " "1, " "1, " "1, " "1, " "1, " "1, " "1, " "1, " "1, " "1, " "1, "204
 "Nei93, 0.285, " "-0.011, " "1, " "1, " "1, " "1, " "1, " "1, " "1, " "1, " "1, " "1, " "1, " "1, " "1, " "1, " "1, " "1, " "1, " "1, " "1, " "1, " "1, " "1, " "1, " "1, " "1, " "1, " "1, " "1, " "1, " "1, " "1, " "1, " "1, " "1, " "1, " "1, " "1, " "1, " "1, " "1, " "1, " "1, " "1, " "1, " "1, " "1, " "1, " "1, " "1, " "1, " "1, " "1, " "1, " "1, " "1, " "1, " "1, " "1, " "1, " "1, " "1, " "1, " "1, " "1, " "1, " "1, " "1, " "1, " "1, " "1, " "1, " "1, " "1, " "1, " "1, " "1, " "1, " "1, " "1, " "1, " "1, " "1, " "1, " "1, " "1, " "1, " "1, " "1, " "1, " "1, " "1, " "1, " "1, " "0, " "1, " "1, " "1, " "1, " "1, " "1, " "1, " "1, " "1, " "1, " "1, " "1, " "1, " "1, " "1, " "1, " "1, " "1, " "1, " "1, " "1, " "1, " "1, " "1, " "1, " "1, " "1, " "1, " "1, " "1, " "1, " "1, " "1, " "1, " "1, "204
 "Nei94, 0.28, " "-0.011, " "1, " "1, " "1, " "1, " "1, " "1, " "1, " "1, " "1, " "1, " "1, " "1, " "1, " "1, " "1, " "1, " "1, " "1, " "1, " "1, " "1, " "1, " "1, " "1, " "1, " "1, " "1, " "1, " "1, " "1, " "1, " "1, " "1, " "1, " "1, " "1, " "1, " "1, " "1, " "1, " "1, " "1, " "1, " "1, " "1, " "1, " "1, " "1, " "1, " "1, " "1, " "1, " "1, " "1, " "1, " "1, " "1, " "1, " "1, " "1, " "1, " "1, " "1, " "1, " "1, " "1, " "1, " "1, " "1, " "1, " "1, " "1, " "1, " "1, " "1, " "1, " "1, " "1, " "1, " "1, " "1, " "1, " "1, " "1, " "1, " "1, " "1, " "1, " "1, " "1, " "1, " "1, " "1, " "1, " "0, " "1, " "1, " "1, " "1, " "1, " "1, " "1, " "1, " "1, " "1, " "1, " "1, " "1, " "1, " "1, " "1, " "1, " "1, " "1, " "1, " "1, " "1, " "1, " "1, " "1, " "1, " "1, " "1, " "1, " "1, " "1, " "1, " "1, " "1, "204
 "Nei95, 0.101, " "-0.011, " "1, " "1, " "1, " "1, " "1, " "1, " "1, " "1, " "1, " "1, " "1, " "1, " "1, " "1, " "1, " "1, " "1, " "1, " "1, " "1, " "1, " "1, " "1, " "1, " "1, " "1, " "1, " "1, " "1, " "1, " "1, " "1, " "1, " "1, " "1, " "1, " "1, " "1, " "1, " "1, " "1, " "1, " "1, " "1, " "1, " "1, " "1, " "1, " "1, " "1, " "1, " "1, " "1, " "1, " "1, " "1, " "1, " "1, " "1, " "1, " "1, " "1, " "1, " "1, " "1, " "1, " "1, " "1, " "1, " "1, " "1, " "1, " "1, " "1, " "1, " "1, " "1, " "1, " "1, " "1, " "1, " "1, " "1, " "1, " "1, " "1, " "1, " "1, " "1, " "1, " "1, " "1, " "1, " "1, " "1, " "0, " "1, " "1, " "1, " "1, " "1, " "1, " "1, " "1, " "1, " "1, " "1, " "1, " "1, " "1, " "1, " "1, " "1, " "1, " "1, " "1, " "1, " "1, " "1, " "1, " "1, " "1, " "1, " "1, " "1, " "1, " "1, " "1, " "1, "204
 "Nei96, 0.56, " "-0.011, " "1, " "1, " "1, " "1, " "1, " "1, " "1, " "1, " "1, " "1, " "1, " "1, " "1, " "1, " "1, " "1, " "1, " "1, " "1, " "1, " "1, " "1, " "1, " "1, " "1, " "1, " "1, " "1, " "1, " "1, " "1, " "1, " "1, " "1, " "1, " "1, " "1, " "1, " "1, " "1, " "1, " "1, " "1, " "1, " "1, " "1, " "1, " "1, " "1, " "1, " "1, " "1, " "1, " "1, " "1, " "1, " "1, " "1, " "1, " "1, " "1, " "1, " "1, " "1, " "1, " "1, " "1, " "1, " "1, " "1, " "1, " "1, " "1, " "1, " "1, " "1, " "1, " "1, " "1, " "1, " "1, " "1, " "1, " "1, " "1, " "1, " "1, " "1, " "1, " "1, " "1, " "1, " "1, " "1, " "1, " "1, " "0, " "1, " "1, " "1, " "1, " "1, " "1, " "1, " "1, " "1, " "1, " "1, " "1, " "1, " "1, " "1, " "1, " "1, " "1, " "1, " "1, " "1, " "1, " "1, " "1, " "1, " "1, " "1, " "1, " "1, " "1, " "1, " "1, "204
 "Nei97, 0.29, " "-0.011, " "1, " "1, " "1, " "1, " "1, " "1, " "1, " "1, " "1, " "1, " "1, " "1, " "1, " "1, " "1, " "1, " "1, " "1, " "1, " "1, " "1, " "1, " "1, " "1, " "1, " "1, " "1, " "1, " "1, " "1, " "1, " "1, " "1, " "1, " "1, " "1, " "1, " "1, " "1, " "1, " "1, " "1, " "1, " "1, " "1, " "1, " "1, " "1, " "1, " "1, " "1, " "1, " "1, " "1, " "1, " "1, " "1, " "1, " "1, " "1, " "1, " "1, " "1, " "1, " "1, " "1, " "1, " "1, " "1, " "1, " "1, " "1, " "1, " "1, " "1, " "1, " "1, " "1, " "1, " "1, " "1, " "1, " "1, " "1, " "1, " "1, " "1, " "1, " "1, " "1, " "1, " "1, " "1, " "1, " "1, " "1, " "1, " "0, " "1, " "1, " "1, " "1, " "1, " "1, " "1, " "1, " "1, " "1, " "1, " "1, " "1, " "1, " "1, " "1, " "1, " "1, " "1, " "1, " "1, " "1, " "1, " "1, " "1, " "1, " "1, " "1, " "1, " "1, " "1, "204
 "Nei98, 0.284, " "-0.011, " "1, " "1, " "1, " "1, " "1, " "1, " "1, " "1, " "1, " "1, " "1, " "1, " "1, " "1, " "1, " "1, " "1, " "1, " "1, " "1, " "1, " "1, " "1, " "1, " "1, " "1, " "1, " "1, " "1, " "1, " "1, " "1, " "1, " "1, " "1, " "1, " "1, " "1, " "1, " "1, " "1, " "1, " "1, " "1, " "1, " "1, " "1, " "1, " "1, " "1, " "1, " "1, " "1, " "1, " "1, " "1, " "1, " "1, " "1, " "1, " "1, " "1, " "1, " "1, " "1, " "1, " "1, " "1, " "1, " "1, " "1, " "1, " "1, " "1, " "1, " "1, " "1, " "1, " "1, " "1, " "1, " "1, " "1, " "1, " "1, " "1, " "1, " "1, " "1, " "1, " "1, " "1, " "1, " "1, " "1, " "1, " "1, " "1, " "0, " "1, " "1, " "1, " "1, " "1, " "1, " "1, " "1, " "1, " "1, " "1, " "1, " "1, " "1, " "1, " "1, " "1, " "1, " "1, " "1, " "1, " "1, " "1, " "1, " "1, " "1, " "1, " "1, " "1, " "1, "204
 "Nei99, 0.077, " "-0.011, " "1, " "1, " "1, " "1, " "1, " "1, " "1, " "1, " "1, " "1, " "1, " "1, " "1, " "1, " "1, " "1, " "1, " "1, " "1, " "1, " "1, " "1, " "1, " "1, " "1, " "1, " "1, " "1, " "1, " "1, " "1, " "1, " "1, " "1, " "1, " "1, " "1, " "1, " "1, " "1, " "1, " "1, " "1, " "1, " "1, " "1, " "1, " "1, " "1, " "1, " "1, " "1, " "1, " "1, " "1, " "1, " "1, " "1, " "1, " "1, " "1, " "1, " "1, " "1, " "1, " "1, " "1, " "1, " "1, " "1, " "1, " "1, " "1, " "1, " "1, " "1, " "1, " "1, " "1, " "1, " "1, " "1, " "1, " "1, " "1, " "1, " "1, " "1, " "1, " "1, " "1, " "1, " "1, " "1, " "1, " "1, " "1, " "1, " "1, " "0, " "1, " "1, " "1, " "1, " "1, " "1, " "1, " "1, " "1, " "1, " "1, " "1, " "1, " "1, " "1, " "1, " "1, " "1, " "1, " "1, " "1, " "1, " "1, " "1, " "1, " "1, " "1, " "1, " "1, "204
 "Nei100, 0.517, " "-0.011, " "1, " "1, " "1, " "1, " "1, " "1, " "1, " "1, " "1, " "1, " "1, " "1, " "1, " "1, " "1, " "1, " "1, " "1, " "1, " "1, " "1, " "1, " "1, " "1, " "1, " "1, " "1, " "1, " "1, " "1, " "1, " "1, " "1, " "1, " "1, " "1, " "1, " "1, " "1, " "1, " "1, " "1, " "1, " "1, " "1, " "1, " "1, " "1, " "1, " "1, " "1, " "1, " "1, " "1, " "1, " "1, " "1, " "1, " "1, " "1, " "1, " "1, " "1, " "1, " "1, " "1, " "1, " "1, " "1, " "1, " "1, " "1, " "1, " "1, " "1, " "1, " "1, " "1, " "1, " "1, " "1, " "1, " "1, " "1, " "1, " "1, " "1, " "1, " "1, " "1, " "1, " "1, " "1, " "1, " "1, " "1, " "1, " "1, " "1, " "1, " "0, " "1, " "1, " "1, " "1, " "1, " "1, " "1, " "1, " "1, " "1, " "1, " "1, " "1, " "1, " "1, " "1, " "1, " "1, " "1, " "1, " "1, " "1, " "1, " "1, " "1, " "1, " "1, " "1, "204
 "Nei101, 0.195, " "-0.011, " "1, " "1, " "1, " "1, " "1, " "1, " "1, " "1, " "1, " "1, " "1, " "1, " "1, " "1, " "1, " "1, " "1, " "1, " "1, " "1, " "1, " "1, " "1, " "1, " "1, " "1, " "1, " "1, " "1, " "1, " "1, " "1, " "1, " "1, " "1, " "1, " "1, " "1, " "1, " "1, " "1, " "1, " "1, " "1, " "1, " "1, " "1, " "1, " "1, " "1, " "1, " "1, " "1, " "1, " "1, " "1, " "1, " "1, " "1, " "1, " "1, " "1, " "1, " "1, " "1, " "1, " "1, " "1, " "1, " "1, " "1, " "1, " "1, " "1, " "1, " "1, " "1, " "1, " "1, " "1, " "1, " "1, " "1, " "1, " "1, " "1, " "1, " "1, " "1, " "1, " "1, " "1, " "1, " "1, " "1, " "1, " "1, " "1, " "1, " "1, " "1, " "0, " "1, " "1, " "1, " "1, " "1, " "1, " "1, " "1, " "1, " "1, " "1, " "1, " "1, " "1, " "1, " "1, " "1, " "1, " "1, " "1, " "1, " "1, " "1, " "1, " "1, " "1, " "1, "204
 "Nei102, 0.323, " "-0.011, " "1, " "1, " "1, " "1, " "1, " "1, " "1, " "1, " "1, " "1, " "1, " "1, " "1, " "1, " "1, " "1, " "1, " "1, " "1, " "1, " "1, " "1, " "1, " "1, " "1, " "1, " "1, " "1, " "1, " "1, " "1, " "1, " "1, " "1, " "1, " "1, " "1, " "1, " "1, " "1, " "1, " "1, " "1, " "1, " "1, " "1, " "1, " "1, " "1, " "1, " "1, " "1, " "1, " "1, " "1, " "1, " "1, " "1, " "1, " "1, " "1, " "1, " "1, " "1, " "1, " "1, " "1, " "1, " "1, " "1, " "1, " "1, " "1, " "1, " "1, " "1, " "1, " "1, " "1, " "1, " "1, " "1, " "1, " "1, " "1, " "1, " "1, " "1, " "1, " "1, " "1, " "1, " "1, " "1, " "1, " "1, " "1, " "1, " "1, " "1, " "1, " "1, " "0, " "1, " "1, " "1, " "1, " "1, " "1, " "1, " "1, " "1, " "1, " "1, " "1, " "1, " "1, " "1, " "1, " "1, " "1, " "1, " "1, " "1, " "1, " "1, " "1, " "1, " "1, "204
 "Nei103, 0.362, " "-0.011, " "1, " "1, " "1, " "1, " "1, " "1, " "1, " "1, " "1, " "1, " "1, " "1, " "1, " "1, " "1, " "1, " "1, " "1, " "1, " "1, " "1, " "1, " "1, " "1, " "1, " "1, " "1, " "1, " "1, " "1, " "1, " "1, " "1, " "1, " "1, " "1, " "1, " "1, " "1, " "1, " "1, " "1, " "1, " "1, " "1, " "1, " "1, " "1, " "1, " "1, " "1, " "1, " "1, " "1, " "1, " "1, " "1, " "1, " "1, " "1, " "1, " "1, " "1, " "1, " "1, " "1, " "1, " "1, " "1, " "1, " "1, " "1, " "1, " "1, " "1, " "1, " "1, " "1, " "1, " "1, " "1, " "1, " "1, " "1, " "1, " "1, " "1, " "1, " "1, " "1, " "1, " "1, " "1, " "1, " "1, " "1, " "1, " "1, " "1, " "1, " "1, " "1, " "1, " "0, " "1, " "1, " "1, " "1, " "1, " "1, " "1, " "1, " "1, " "1, " "1, " "1, " "1, " "1, " "1, " "1, " "1, " "1, " "1, " "1, " "1, " "1, " "1, " "1, " "1, "204
 "Nei104, 0.446, " "-0.011, " "1, " "1, " "1, " "1, " "1, " "1, " "1, " "1, " "1, " "1, " "1, " "1, " "1, " "1, " "1, " "1, " "1, " "1, " "1, " "1, " "1, " "1, " "1, " "1, " "1, " "1, " "1, " "1, " "1, " "1, " "1, " "1, " "1, " "1, " "1, " "1, " "1, " "1, " "1, " "1, " "1, " "1, " "1, " "1, " "1, " "1, " "1, " "1, " "1, " "1, " "1, " "1, " "1, " "1, " "1, " "1, " "1, " "1, " "1, " "1, " "1, " "1, " "1, " "1, " "1, " "1, " "1, " "1, " "1, " "1, " "1, " "1, " "1, " "1, " "1, " "1, " "1, " "1, " "1, " "1, " "1, " "1, " "1, " "1, " "1, " "1, " "1, " "1, " "1, " "1, " "1, " "1, " "1, " "1, " "1, " "1, " "1, " "1, " "1, " "1, " "1, " "1, " "1, " "1, " "0, " "1, " "1, " "1, " "1, " "1, " "1, " "1, " "1, " "1, " "1, " "1, " "1, " "1, " "1, " "1, " "1, " "1, " "1, " "1, " "1, " "1, " "1, " "1, " "1, "204
 "Nei105, 0.127, " "-0.011, " "1, " "1, " "1, " "1, " "1, " "1, " "1, " "1, " "1, " "1, " "1, " "1, " "1, " "1, " "1, " "1, " "1, " "1, " "1, " "1, " "1, " "1, " "1, " "1, " "1, " "1, " "1, " "1, " "1, " "1, " "1, " "1, " "1, " "1, " "1, " "1, " "1, " "1, " "1, " "1, " "1, " "1, " "1, " "1, " "1, " "1, " "1, " "1, " "1, " "1, " "1, " "1, " "1, " "1, " "1, " "1, " "1, " "1, " "1, " "1, " "1, " "1, " "1, " "1, " "1, " "1, " "1, " "1, " "1, " "1, " "1, " "1, " "1, " "1, " "1, " "1, " "1, " "1, " "1, " "1, " "1, " "1, " "1, " "1, " "1, " "1, " "1, " "1, " "1, " "1, " "1, " "1, " "1, " "1, " "1, " "1, " "1, " "1, " "1, " "1, " "1, " "1, " "1, " "1, " "1, " "0, " "1, " "1, " "1, " "1, " "1, " "1, " "1, " "1, " "1, " "1, " "1, " "1, " "1, " "1, " "1, " "1, " "1, " "1, " "1, " "1, " "1, " "1, " "1, "204
 "Nei106, 0.338, " "-0.011, " "1, " "1, " "1, " "1, " "1, " "1, " "1, " "1, " "1, " "1, " "1, " "1, " "1, " "1, " "1, " "1, " "1, " "1, " "1, " "1, " "1, " "1, " "1, " "1, " "1, " "1, " "1, " "1, " "1, " "1, " "1, " "1, " "1, " "1, " "1, " "1, " "1, " "1, " "1, " "1, " "1, " "1, " "1, " "1, " "1, " "1, " "1, " "1, " "1, " "1, " "1, " "1, " "1, " "1, " "1, " "1, " "1, " "1, " "1, " "1, " "1, " "1, " "1, " "1, " "1, " "1, " "1, " "1, " "1, " "1, " "1, " "1, " "1, " "1, " "1, " "1, " "1, " "1, " "1, " "1, " "1, " "1, " "1, " "1, " "1, " "1, " "1, " "1, " "1, " "1, " "1, " "1, " "1, " "1, " "1, " "1, " "1, " "1, " "1, " "1, " "1, " "1, " "1, " "1, " "1, " "1, " "0, " "1, " "1, " "1, " "1, " "1, " "1, " "1, " "1, " "1, " "1, " "1, " "1, " "1, " "1, " "1, " "1, " "1, " "1, " "1, " "1, " "1, " "1, "204
 "Nei107, 0.231, " "-0.011, " "1, " "1, " "1, " "1, " "1, " "1, " "1, " "1, " "1, " "1, " "1, " "1, " "1, " "1, " "1, " "1, " "1, " "1, " "1, " "1, " "1, " "1, " "1, " "1, " "1, " "1, " "1, " "1, " "1, " "1, " "1, " "1, " "1, " "1, " "1, " "1, " "1, " "1, " "1, " "1, " "1, " "1, " "1, " "1, " "1, " "1, " "1, " "1, " "1, " "1, " "1, " "1, " "1, " "1, " "1, " "1, " "1, " "1, " "1, " "1, " "1, " "1, " "1, " "1, " "1, " "1, " "1, " "1, " "1, " "1, " "1, " "1, " "1, " "1, " "1, " "1, " "1, " "1, " "1, " "1, " "1, " "1, " "1, " "1, " "1, " "1, " "1, " "1, " "1, " "1, " "1, " "1, " "1, " "1, " "1, " "1, " "1, " "1, " "1, " "1, " "1, " "1, " "1, " "1, " "1, " "1, " "1, " "0, " "1, " "1, " "1, " "1, " "1, " "1, " "1, " "1, " "1, " "1, " "1, " "1, " "1, " "1, " "1, " "1, " "1, " "1, " "1, " "1, " "1, "204
 "Nei108, 0.07, " "-0.011, " "1, " "1, " "1, " "1, " "1, " "1, " "1, " "1, " "1, " "1, " "1, " "1, " "1, " "1, " "1, " "1, " "1, " "1, " "1, " "1, " "1, " "1, " "1, " "1, " "1, " "1, " "1, " "1, " "1, " "1, " "1, " "1, " "1, " "1, " "1, " "1, " "1, " "1, " "1, " "1, " "1, " "1, " "1, " "1, " "1, " "1, " "1, " "1, " "1, " "1, " "1, " "1, " "1, " "1, " "1, " "1, " "1, " "1, " "1, " "1, " "1, " "1, " "1, " "1, " "1, " "1, " "1, " "1, " "1, " "1, " "1, " "1, " "1, " "1, " "1, " "1, " "1, " "1, " "1, " "1, " "1, " "1, " "1, " "1, " "1, " "1, " "1, " "1, " "1, " "1, " "1, " "1, " "1, " "1, " "1, " "1, " "1, " "1, " "1, " "1, " "1, " "1, " "1, " "1, " "1, " "1, " "1, " "1, " "0, " "1, " "1, " "1, " "1, " "1, " "1, " "1, " "1, " "1, " "1, " "1, " "1, " "1, " "1, " "1, " "1, " "1, " "1, " "1, " "1, "204
 "Nei109, 0.039, " "-0.011, " "1, " "1, " "1, " "1, " "1, " "1, " "1, " "1, " "1, " "1, " "1, " "1, " "1, " "1, " "1, " "1, " "1, " "1, " "1, " "1, " "1, " "1, " "1, " "1, " "1, " "1, " "1, " "1, " "1, " "1, " "1, " "1, " "1, " "1, " "1, " "1, " "1, " "1, " "1, " "1, " "1, " "1, " "1, " "1, " "1, " "1, " "1, " "1, " "1, " "1, " "1, " "1, " "1, " "1, " "1, " "1, " "1, " "1, " "1, " "1, " "1, " "1, " "1, " "1, " "1, " "1, " "1, " "1, " "1, " "1, " "1, " "1, " "1, " "1, " "1, " "1, " "1, " "1, " "1, " "1, " "1, " "1, " "1, " "1, " "1, " "1, " "1, " "1, " "1, " "1, " "1, " "1, " "1, " "1, " "1, " "1, " "1, " "1, " "1, " "1, " "1, " "1, " "1, " "1, " "1, " "1, " "1, " "1, " "1, " "0, " "1, " "1, " "1, " "1, " "1, " "1, " "1, " "1, " "1, " "1, " "1, " "1, " "1, " "1, " "1, " "1, " "1, " "1, " "1, "204
 "Nei110, 0.205, " "-0.011, " "1, " "1, " "1, " "1, " "1, " "1, " "1, " "1, " "1, " "1, " "1, " "1, " "1, " "1, " "1, " "1, " "1, " "1, " "1, " "1, " "1, " "1, " "1, " "1, " "1, " "1, " "1, " "1, " "1, " "1, " "1, " "1, " "1, " "1, " "1, " "1, " "1, " "1, " "1, " "1, " "1, " "1, " "1, " "1, " "1, " "1, " "1, " "1, " "1, " "1, " "1, " "1, " "1, " "1, " "1, " "1, " "1, " "1, " "1, " "1, " "1, " "1, " "1, " "1, " "1, " "1, " "1, " "1, " "1, " "1, " "1, " "1, " "1, " "1, " "1, " "1, " "1, " "1, " "1, " "1, " "1, " "1, " "1, " "1, " "1, " "1, " "1, " "1, " "1, " "1, " "1, " "1, " "1, " "1, " "1, " "1, " "1, " "1, " "1, " "1, " "1, " "1, " "1, " "1, " "1, " "1, " "1, " "1, " "1, " "1, " "0, " "1, " "1, " "1, " "1, " "1, " "1, " "1, " "1, " "1, " "1, " "1, " "1, " "1, " "1, " "1, " "1, " "1, " "1, "204
 "Nei111, 0.488, " "-0.011, " "1, " "1, " "1, " "1, " "1, " "1, " "1, " "1, " "1, " "1, " "1, " "1, " "1, " "1, " "1, " "1, " "1, " "1, " "1, " "1, " "1, " "1, " "1, " "1, " "1, " "1, " "1, " "1, " "1, " "1, " "1, " "1, " "1, " "1, " "1, " "1, " "1, " "1, " "1, " "1, " "1, " "1, " "1, " "1, " "1, " "1, " "1, " "1, " "1, " "1, " "1, " "1, " "1, " "1, " "1, " "1, " "1, " "1, " "1, " "1, " "1, " "1, " "1, " "1, " "1, " "1, " "1, " "1, " "1, " "1, " "1, " "1, " "1, " "1, " "1, " "1, " "1, " "1, " "1, " "1, " "1, " "1, " "1, " "1, " "1, " "1, " "1, " "1, " "1, " "1, " "1, " "1, " "1, " "1, " "1, " "1, " "1, " "1, " "1, " "1, " "1, " "1, " "1, " "1, " "1, " "1, " "1, " "1, " "1, " "1, " "1, " "0, " "1, " "1, " "1, " "1, " "1, " "1, " "1, " "1, " "1, " "1, " "1, " "1, " "1, " "1, " "1, " "1, " "1, "204
 "Nei112, 0.301, " "-0.011, " "1, " "1, " "1, " "1, " "1, " "1, " "1, " "1, " "1, " "1, " "1, " "1, " "1, " "1, " "1, " "1, " "1, " "1, " "1, " "1, " "1, " "1, " "1, " "1, " "1, " "1, " "1, " "1, " "1, " "1, " "1, " "1, " "1, " "1, " "1, " "1, " "1, " "1, " "1, " "1, " "1, " "1, " "1, " "1, " "1, " "1, " "1, " "1, " "1, " "1, " "1, " "1, " "1, " "1, " "1, " "1, " "1, " "1, " "1, " "1, " "1, " "1, " "1, " "1, " "1, " "1, " "1, " "1, " "1, " "1, " "1, " "1, " "1, " "1, " "1, " "1, " "1, " "1, " "1, " "1, " "1, " "1, " "1, " "1, " "1, " "1, " "1, " "1, " "1, " "1, " "1, " "1, " "1, " "1, " "1, " "1, " "1, " "1, " "1, " "1, " "1, " "1, " "1, " "1, " "1, " "1, " "1, " "1, " "1, " "1, " "1, " "1, " "0, " "1, " "1, " "1, " "1, " "1, " "1, " "1, " "1, " "1, " "1, " "1, " "1, " "1, " "1, " "1, " "1, "204
 "Nei113, 0.219, " "-0.011, " "1, " "1, " "1, " "1, " "1, " "1, " "1, " "1, " "1, " "1, " "1, " "1, " "1, " "1, " "1, " "1, " "1, " "1, " "1, " "1, " "1, " "1, " "1, " "1, " "1, " "1, " "1, " "1, " "1, " "1, " "1, " "1, " "1, " "1, " "1, " "1, " "1, " "1, " "1, " "1, " "1, " "1, " "1, " "1, " "1, " "1, " "1, " "1, " "1, " "1, " "1, " "1, " "1, " "1, " "1, " "1, " "1, " "1, " "1, " "1, " "1, " "1, " "1, " "1, " "1, " "1, " "1, " "1, " "1, " "1, " "1, " "1, " "1, " "1, " "1, " "1, " "1, " "1, " "1, " "1, " "1, " "1, " "1, " "1, " "1, " "1, " "1, " "1, " "1, " "1, " "1, " "1, " "1, " "1, " "1, " "1, " "1, " "1, " "1, " "1, " "1, " "1, " "1, " "1, " "1, " "1, " "1, " "1, " "1, " "1, " "1, " "1, " "1, " "0, " "1, " "1, " "1, " "1, " "1, " "1, " "1, " "1, " "1, " "1, " "1, " "1, " "1, " "1, " "1, "204
 "Nei114, 0.432, " "-0.011, " "1, " "1, " "1, " "1, " "1, " "1, " "1, " "1, " "1, " "1, " "1, " "1, " "1, " "1, " "1, " "1, " "1, " "1, " "1, " "1, " "1, " "1, " "1, " "1, " "1, " "1, " "1, " "1, " "1, " "1, " "1, " "1, " "1, " "1, " "1, " "1, " "1, " "1, " "1, " "1, " "1, " "1, " "1, " "1, " "1, " "1, " "1, " "1, " "1, " "1, " "1, " "1, " "1, " "1, " "1, " "1, " "1, " "1, " "1, " "1, " "1, " "1, " "1, " "1, " "1, " "1, " "1, " "1, " "1, " "1, " "1, " "1, " "1, " "1, " "1, " "1, " "1, " "1, " "1, " "1, " "1, " "1, " "1, " "1, " "1, " "1, " "1, " "1, " "1, " "1, " "1, " "1, " "1, " "1, " "1, " "1, " "1, " "1, " "1, " "1, " "1, " "1, " "1, " "1, " "1, " "1, " "1, " "1, " "1, " "1, " "1, " "1, " "1, " "1, " "0, " "1, " "1, " "1, " "1, " "1, " "1, " "1, " "1, " "1, " "1, " "1, " "1, " "1, " "1, "204
 "Nei115, 0.095, " "-0.011, " "1, " "1, " "1, " "1, " "1, " "1, " "1, " "1, " "1, " "1, " "1, " "1, " "1, " "1, " "1, " "1, " "1, " "1, " "1, " "1, " "1, " "1, " "1, " "1, " "1, " "1, " "1, " "1, " "1, " "1, " "1, " "1, " "1, " "1, " "1, " "1, " "1, " "1, " "1, " "1, " "1, " "1, " "1, " "1, " "1, " "1, " "1, " "1, " "1, " "1, " "1, " "1, " "1, " "1, " "1, " "1, " "1, " "1, " "1, " "1, " "1, " "1, " "1, " "1, " "1, " "1, " "1, " "1, " "1, " "1, " "1, " "1, " "1, " "1, " "1, " "1, " "1, " "1, " "1, " "1, " "1, " "1, " "1, " "1, " "1, " "1, " "1, " "1, " "1, " "1, " "1, " "1, " "1, " "1, " "1, " "1, " "1, " "1, " "1, " "1, " "1, " "1, " "1, " "1, " "1, " "1, " "1, " "1, " "1, " "1, " "1, " "1, " "1, " "1, " "1, " "0, " "1, " "1, " "1, " "1, " "1, " "1, " "1, " "1, " "1, " "1, " "1, " "1, " "1, "204
 "Nei116, 0.52, " "-0.011, " "1, " "1, " "1, " "1, " "1, " "1, " "1, " "1, " "1, " "1, " "1, " "1, " "1, " "1, " "1, " "1, " "1, " "1, " "1, " "1, " "1, " "1, " "1, " "1, " "1, " "1, " "1, " "1, " "1, " "1, " "1, " "1, " "1, " "1, " "1, " "1, " "1, " "1, " "1, " "1, " "1, " "1, " "1, " "1, " "1, " "1, " "1, " "1, " "1, " "1, " "1, " "1, " "1, " "1, " "1, " "1, " "1, " "1, " "1, " "1, " "1, " "1, " "1, " "1, " "1, " "1, " "1, " "1, " "1, " "1, " "1, " "1, " "1, " "1, " "1, " "1, " "1, " "1, " "1, " "1, " "1, " "1, " "1, " "1, " "1, " "1, " "1, " "1, " "1, " "1, " "1, " "1, " "1, " "1, " "1, " "1, " "1, " "1, " "1, " "1, " "1, " "1, " "1, " "1, " "1, " "1, " "1, " "1, " "1, " "1, " "1, " "1, " "1, " "1, " "1, " "1, " "0, " "1, " "1, " "1, " "1, " "1, " "1, " "1, " "1, " "1, " "1, " "1, " "1, "204
 "Nei117, 0.37, " "-0.011, " "1, " "1, " "1, " "1, " "1, " "1, " "1, " "1, " "1, " "1, " "1, " "1, " "1, " "1, " "1, " "1, " "1, " "1, " "1, " "1, " "1, " "1, " "1, " "1, " "1, " "1, " "1, " "1, " "1, " "1, " "1, " "1, " "1, " "1, " "1, " "1, " "1, " "1, " "1, " "1, " "1, " "1, " "1, " "1, " "1, " "1, " "1, " "1, " "1, " "1, " "1, " "1, " "1, " "1, " "1, " "1, " "1, " "1, " "1, " "1, " "1, " "1, " "1, " "1, " "1, " "1, " "1, " "1, " "1, " "1, " "1, " "1, " "1, " "1, " "1, " "1, " "1, " "1, " "1, " "1, " "1, " "1, " "1, " "1, " "1, " "1, " "1, " "1, " "1, " "1, " "1, " "1, " "1, " "1, " "1, " "1, " "1, " "1, " "1, " "1, " "1, " "1, " "1, " "1, " "1, " "1, " "1, " "1, " "1, " "1, " "1, " "1, " "1, " "1, " "1, " "1, " "1, " "0, " "1, " "1, " "1, " "1, " "1, " "1, " "1, " "1, " "1, " "1, " "1, "204
 "Nei118, 0.275, " "-0.011, " "1, " "1, " "1, " "1, " "1, " "1, " "1, " "1, " "1, " "1, " "1, " "1, " "1, " "1, " "1, " "1, " "1, " "1, " "1, " "1, " "1, " "1, " "1, " "1, " "1, " "1, " "1, " "1, " "1, " "1, " "1, " "1, " "1, " "1, " "1, " "1, " "1, " "1, " "1, " "1, " "1, " "1, " "1, " "1, " "1, " "1, " "1, " "1, " "1, " "1, " "1, " "1, " "1, " "1, " "1, " "1, " "1, " "1, " "1, " "1, " "1, " "1, " "1, " "1, " "1, " "1, " "1, " "1, " "1, " "1, " "1, " "1, " "1, " "1, " "1, " "1, " "1, " "1, " "1, " "1, " "1, " "1, " "1, " "1, " "1, " "1, " "1, " "1, " "1, " "1, " "1, " "1, " "1, " "1, " "1, " "1, " "1, " "1, " "1, " "1, " "1, " "1, " "1, " "1, " "1, " "1, " "1, " "1, " "1, " "1, " "1, " "1, " "1, " "1, " "1, " "1, " "1, " "1, " "0, " "1, " "1, " "1, " "1, " "1, " "1, " "1, " "1, " "1, " "1, "204
 "Nei119, 0.456, " "-0.011, " "1, " "1, " "1, " "1, " "1, " "1, " "1, " "1, " "1, " "1, " "1, " "1, " "1, " "1, " "1, " "1, " "1, " "1, " "1, " "1, " "1, " "1, " "1, " "1, " "1, " "1, " "1, " "1, " "1, " "1, " "1, " "1, " "1, " "1, " "1, " "1, " "1, " "1, " "1, " "1, " "1, " "1, " "1, " "1, " "1, " "1, " "1, " "1, " "1, " "1, " "1, " "1, " "1, " "1, " "1, " "1, " "1, " "1, " "1, " "1, " "1, " "1, " "1, " "1, " "1, " "1, " "1, " "1, " "1, " "1, " "1, " "1, " "1, " "1, " "1, " "1, " "1, " "1, " "1, " "1, " "1, " "1, " "1, " "1, " "1, " "1, " "1, " "1, " "1, " "1, " "1, " "1, " "1, " "1, " "1, " "1, " "1, " "1, " "1, " "1, " "1, " "1, " "1, " "1, " "1, " "1, " "1, " "1, " "1, " "1, " "1, " "1, " "1, " "1, " "1, " "1, " "1, " "1, " "1, " "0, " "1, " "1, " "1, " "1, " "1, " "1, " "1, " "1, " "1, "204
 "Nei120, 0.225, " "-0.011, " "1, " "1, " "1, " "1, " "1, " "1, " "1, " "1, " "1, " "1, " "1, " "1, " "1, " "1, " "1, " "1, " "1, " "1, " "1, " "1, " "1, " "1, " "1, " "1, " "1, " "1, " "1, " "1, " "1, " "1, " "1, " "1, " "1, " "1, " "1, " "1, " "1, " "1, " "1, " "1, " "1, " "1, " "1, " "1, " "1, " "1, " "1, " "1, " "1, " "1, " "1, " "1, " "1, " "1, " "1, " "1, " "1, " "1, " "1, " "1, " "1, " "1, " "1, " "1, " "1, " "1, " "1, " "1, " "1, " "1, " "1, " "1, " "1, " "1, " "1, " "1, " "1, " "1, " "1, " "1, " "1, " "1, " "1, " "1, " "1, " "1, " "1, " "1, " "1, " "1, " "1, " "1, " "1, " "1, " "1, " "1, " "1, " "1, " "1, " "1, " "1, " "1, " "1, " "1, " "1, " "1, " "1, " "1, " "1, " "1, " "1, " "1, " "1, " "1, " "1, " "1, " "1, " "1, " "1, " "1, " "0, " "1, " "1, " "1, " "1, " "1, " "1, " "1, " "1, "204
 "Nei121, 0.592, " "-0.011, " "1, " "1, " "1, " "1, " "1, " "1, " "1, " "1, " "1, " "1, " "1, " "1, " "1, " "1, " "1, " "1, " "1, " "1, " "1, " "1, " "1, " "1, " "1, " "1, " "1, " "1, " "1, " "1, " "1, " "1, " "1, " "1, " "1, " "1, " "1, " "1, " "1, " "1, " "1, " "1, " "1, " "1, " "1, " "1, " "1, " "1, " "1, " "1, " "1, " "1, " "1, " "1, " "1, " "1, " "1, " "1, " "1, " "1, " "1, " "1, " "1, " "1, " "1, " "1, " "1, " "1, " "1, " "1, " "1, " "1, " "1, " "1, " "1, " "1, " "1, " "1, " "1, " "1, " "1, " "1, " "1, " "1, " "1, " "1, " "1, " "1, " "1, " "1, " "1, " "1, " "1, " "1, " "1, " "1, " "1, " "1, " "1, " "1, " "1, " "1, " "1, " "1, " "1, " "1, " "1, " "1, " "1, " "1, " "1, " "1, " "1, " "1, " "1, " "1, " "1, " "1, " "1, " "1, " "1, " "1, " "1, " "0, " "1, " "1, " "1, " "1, " "1, " "1, " "1, "204
 "Nei122, 0.357, " "-0.011, " "1, " "1, " "1, " "1, " "1, " "1, " "1, " "1, " "1, " "1, " "1, " "1, " "1, " "1, " "1, " "1, " "1, " "1, " "1, " "1, " "1, " "1, " "1, " "1, " "1, " "1, " "1, " "1, " "1, " "1, " "1, " "1, " "1, " "1, " "1, " "1, " "1, " "1, " "1, " "1, " "1, " "1, " "1, " "1, " "1, " "1, " "1, " "1, " "1, " "1, " "1, " "1, " "1, " "1, " "1, " "1, " "1, " "1, " "1, " "1, " "1, " "1, " "1, " "1, " "1, " "1, " "1, " "1, " "1, " "1, " "1, " "1, " "1, " "1, " "1, " "1, " "1, " "1, " "1, " "1, " "1, " "1, " "1, " "1, " "1, " "1, " "1, " "1, " "1, " "1, " "1, " "1, " "1, " "1, " "1, " "1, " "1, " "1, " "1, " "1, " "1, " "1, " "1, " "1, " "1, " "1, " "1, " "1, " "1, " "1, " "1, " "1, " "1, " "1, " "1, " "1, " "1, " "1, " "1, " "1, " "1, " "1, " "0, " "1, " "1, " "1, " "1, " "1, " "1, "204
 "Nei123, 0.261, " "-0.011, " "1, " "1, " "1, " "1, " "1, " "1, " "1, " "1, " "1, " "1, " "1, " "1, " "1, " "1, " "1, " "1, " "1, " "1, " "1, " "1, " "1, " "1, " "1, " "1, " "1, " "1, " "1, " "1, " "1, " "1, " "1, " "1, " "1, " "1, " "1, " "1, " "1, " "1, " "1, " "1, " "1, " "1, " "1, " "1, " "1, " "1, " "1, " "1, " "1, " "1, " "1, " "1, " "1, " "1, " "1, " "1, " "1, " "1, " "1, " "1, " "1, " "1, " "1, " "1, " "1, " "1, " "1, " "1, " "1, " "1, " "1, " "1, " "1, " "1, " "1, " "1, " "1, " "1, " "1, " "1, " "1, " "1, " "1, " "1, " "1, " "1, " "1, " "1, " "1, " "1, " "1, " "1, " "1, " "1, " "1, " "1, " "1, " "1, " "1, " "1, " "1, " "1, " "1, " "1, " "1, " "1, " "1, " "1, " "1, " "1, " "1, " "1, " "1, " "1, " "1, " "1, " "1, " "1, " "1, " "1, " "1, " "1, " "1, " "0, " "1, " "1, " "1, " "1, " "1, "204
 "Nei124, 0.407, " "-0.011, " "1, " "1, " "1, " "1, " "1, " "1, " "1, " "1, " "1, " "1, " "1, " "1, " "1, " "1, " "1, " "1, " "1, " "1, " "1, " "1, " "1, " "1, " "1, " "1, " "1, " "1, " "1, " "1, " "1, " "1, " "1, " "1, " "1, " "1, " "1, " "1, " "1, " "1, " "1, " "1, " "1, " "1, " "1, " "1, " "1, " "1, " "1, " "1, " "1, " "1, " "1, " "1, " "1, " "1, " "1, " "1, " "1, " "1, " "1, " "1, " "1, " "1, " "1, " "1, " "1, " "1, " "1, " "1, " "1, " "1, " "1, " "1, " "1, " "1, " "1, " "1, " "1, " "1, " "1, " "1, " "1, " "1, " "1, " "1, " "1, " "1, " "1, " "1, " "1, " "1, " "1, " "1, " "1, " "1, " "1, " "1, " "1, " "1, " "1, " "1, " "1, " "1, " "1, " "1, " "1, " "1, " "1, " "1, " "1, " "1, " "1, " "1, " "1, " "1, " "1, " "1, " "1, " "1, " "1, " "1, " "1, " "1, " "1, " "1, " "0, " "1, " "1, " "1, " "1, "204
 "Nei125, 0.107, " "-0.011, " "1, " "1, " "1, " "1, " "1, " "1, " "1, " "1, " "1, " "1, " "1, " "1, " "1, " "1, " "1, " "1, " "1, " "1, " "1, " "1, " "1, " "1, " "1, " "1, " "1, " "1, " "1, " "1, " "1, " "1, " "1, " "1, " "1, " "1, " "1, " "1, " "1, " "1, " "1, " "1, " "1, " "1, " "1, " "1, " "1, " "1, " "1, " "1, " "1, " "1, " "1, " "1, " "1, " "1, " "1, " "1, " "1, " "1, " "1, " "1, " "1, " "1, " "1, " "1, " "1, " "1, " "1, " "1, " "1, " "1, " "1, " "1, " "1, " "1, " "1, " "1, " "1, " "1, " "1, " "1, " "1, " "1, " "1, " "1, " "1, " "1, " "1, " "1, " "1, " "1, " "1, " "1, " "1, " "1, " "1, " "1, " "1, " "1, " "1, " "1, " "1, " "1, " "1, " "1, " "1, " "1, " "1, " "1, " "1, " "1, " "1, " "1, " "1, " "1, " "1, " "1, " "1, " "1, " "1, " "1, " "1, " "1, " "1, " "1, " "1, " "0, " "1, " "1, " "1, "204
 "Nei126, 0.088, " "-0.011, " "1, " "1, " "1, " "1, " "1, " "1, " "1, " "1, " "1, " "1, " "1, " "1, " "1, " "1, " "1, " "1, " "1, " "1, " "1, " "1, " "1, " "1, " "1, " "1, " "1, " "1, " "1, " "1, " "1, " "1, " "1, " "1, " "1, " "1, " "1, " "1, " "1, " "1, " "1, " "1, " "1, " "1, " "1, " "1, " "1, " "1, " "1, " "1, " "1, " "1, " "1, " "1, " "1, " "1, " "1, " "1, " "1, " "1, " "1, " "1, " "1, " "1, " "1, " "1, " "1, " "1, " "1, " "1, " "1, " "1, " "1, " "1, " "1, " "1, " "1, " "1, " "1, " "1, " "1, " "1, " "1, " "1, " "1, " "1, " "1, " "1, " "1, " "1, " "1, " "1, " "1, " "1, " "1, " "1, " "1, " "1, " "1, " "1, " "1, " "1, " "1, " "1, " "1, " "1, " "1, " "1, " "1, " "1, " "1, " "1, " "1, " "1, " "1, " "1, " "1, " "1, " "1, " "1, " "1, " "1, " "1, " "1, " "1, " "1, " "1, " "1, " "0, " "1, " "1, "204
 "Nei127, 0.32, " "-0.011, " "1, " "1, " "1, " "1, " "1, " "1, " "1, " "1, " "1, " "1, " "1, " "1, " "1, " "1, " "1, " "1, " "1, " "1, " "1, " "1, " "1, " "1, " "1, " "1, " "1, " "1, " "1, " "1, " "1, " "1, " "1, " "1, " "1, " "1, " "1, " "1, " "1, " "1, " "1, " "1, " "1, " "1, " "1, " "1, " "1, " "1, " "1, " "1, " "1, " "1, " "1, " "1, " "1, " "1, " "1, " "1, " "1, " "1, " "1, " "1, " "1, " "1, " "1, " "1, " "1, " "1, " "1, " "1, " "1, " "1, " "1, " "1, " "1, " "1, " "1, " "1, " "1, " "1, " "1, " "1, " "1, " "1, " "1, " "1, " "1, " "1, " "1, " "1, " "1, " "1, " "1, " "1, " "1, " "1, " "1, " "1, " "1, " "1, " "1, " "1, " "1, " "1, " "1, " "1, " "1, " "1, " "1, " "1, " "1, " "1, " "1, " "1, " "1, " "1, " "1, " "1, " "1, " "1, " "1, " "1, " "1, " "1, " "1, " "1, " "1, " "1, " "1, " "0, " "1, "204
 "Nei128, 0.361, " "-0.011, " "1, " "1, " "1, " "1, " "1, " "1, " "1, " "1, " "1, " "1, " "1, " "1, " "1, " "1, " "1, " "1, " "1, " "1, " "1, " "1, " "1, " "1, " "1, " "1, " "1, " "1, " "1, " "1, " "1, " "1, " "1, " "1, " "1, " "1, " "1, " "1, " "1, " "1, " "1, " "1, " "1, " "1, " "1, " "1, " "1, " "1, " "1, " "1, " "1, " "1, " "1, " "1, " "1, " "1, " "1, " "1, " "1, " "1, " "1, " "1, " "1, " "1, " "1, " "1, " "1, " "1, " "1, " "1, " "1, " "1, " "1, " "1, " "1, " "1, " "1, " "1, " "1, " "1, " "1, " "1, " "1, " "1, " "1, " "1, " "1, " "1, " "1, " "1, " "1, " "1, " "1, " "1, " "1, " "1, " "1, " "1, " "1, " "1, " "1, " "1, " "1, " "1, " "1, " "1, " "1, " "1, " "1, " "1, " "1, " "1, " "1, " "1, " "1, " "1, " "1, " "1, " "1, " "1, " "1, " "1, " "1, " "1, " "1, " "1, " "1, " "1, " "1, " "1, " "0, "204
